# freq_w_over_2pi_THz  kappa_z_avg_Wm-1K-1THz-1
# Averaged over 2 runs
3.18309886e-02 3.51282270e+00
6.36619772e-02 3.52925137e+00
9.54929659e-02 3.55657582e+00
1.27323954e-01 3.59469903e+00
1.59154943e-01 3.64352634e+00
1.90985932e-01 3.70290033e+00
2.22816920e-01 3.77262748e+00
2.54647909e-01 3.85251521e+00
2.86478898e-01 3.94229668e+00
3.18309886e-01 4.04173093e+00
3.50140875e-01 4.15050183e+00
3.81971863e-01 4.26828547e+00
4.13802852e-01 4.39472669e+00
4.45633841e-01 4.52947397e+00
4.77464829e-01 4.67212830e+00
5.09295818e-01 4.82227366e+00
5.41126807e-01 4.97949565e+00
5.72957795e-01 5.14334107e+00
6.04788784e-01 5.31334533e+00
6.36619772e-01 5.48906408e+00
6.68450761e-01 5.67000617e+00
7.00281750e-01 5.85570150e+00
7.32112738e-01 6.04565310e+00
7.63943727e-01 6.23938643e+00
7.95774715e-01 6.43641430e+00
8.27605704e-01 6.63625147e+00
8.59436693e-01 6.83840735e+00
8.91267681e-01 7.04241222e+00
9.23098670e-01 7.24782894e+00
9.54929659e-01 7.45416263e+00
9.86760647e-01 7.66102418e+00
1.01859164e+00 7.86793023e+00
1.05042262e+00 8.07450908e+00
1.08225361e+00 8.28037304e+00
1.11408460e+00 8.48511682e+00
1.14591559e+00 8.68842144e+00
1.17774658e+00 8.88994798e+00
1.20957757e+00 9.08937671e+00
1.24140856e+00 9.28644856e+00
1.27323954e+00 9.48089308e+00
1.30507053e+00 9.67246006e+00
1.33690152e+00 9.86099912e+00
1.36873251e+00 1.00462663e+01
1.40056350e+00 1.02281619e+01
1.43239449e+00 1.04065316e+01
1.46422548e+00 1.05813035e+01
1.49605647e+00 1.07523776e+01
1.52788745e+00 1.09197224e+01
1.55971844e+00 1.10833291e+01
1.59154943e+00 1.12431963e+01
1.62338042e+00 1.13993520e+01
1.65521141e+00 1.15518579e+01
1.68704240e+00 1.17007989e+01
1.71887339e+00 1.18462734e+01
1.75070437e+00 1.19884166e+01
1.78253536e+00 1.21273437e+01
1.81436635e+00 1.22632238e+01
1.84619734e+00 1.23962391e+01
1.87802833e+00 1.25265979e+01
1.90985932e+00 1.26544925e+01
1.94169031e+00 1.27801224e+01
1.97352129e+00 1.29037620e+01
2.00535228e+00 1.30255994e+01
2.03718327e+00 1.31459078e+01
2.06901426e+00 1.32649397e+01
2.10084525e+00 1.33829480e+01
2.13267624e+00 1.35001981e+01
2.16450723e+00 1.36169300e+01
2.19633821e+00 1.37334218e+01
2.22816920e+00 1.38499010e+01
2.26000019e+00 1.39666203e+01
2.29183118e+00 1.40838703e+01
2.32366217e+00 1.42018533e+01
2.35549316e+00 1.43207715e+01
2.38732415e+00 1.44408777e+01
2.41915513e+00 1.45623865e+01
2.45098612e+00 1.46854498e+01
2.48281711e+00 1.48102823e+01
2.51464810e+00 1.49370231e+01
2.54647909e+00 1.50658743e+01
2.57831008e+00 1.51969118e+01
2.61014107e+00 1.53302746e+01
2.64197206e+00 1.54660511e+01
2.67380304e+00 1.56043551e+01
2.70563403e+00 1.57452119e+01
2.73746502e+00 1.58886720e+01
2.76929601e+00 1.60347354e+01
2.80112700e+00 1.61834526e+01
2.83295799e+00 1.63347479e+01
2.86478898e+00 1.64886592e+01
2.89661996e+00 1.66450347e+01
2.92845095e+00 1.68038745e+01
2.96028194e+00 1.69650649e+01
2.99211293e+00 1.71284795e+01
3.02394392e+00 1.72939666e+01
3.05577491e+00 1.74613999e+01
3.08760590e+00 1.76306151e+01
3.11943688e+00 1.78013973e+01
3.15126787e+00 1.79735822e+01
3.18309886e+00 1.81469298e+01
3.21492985e+00 1.83212253e+01
3.24676084e+00 1.84961905e+01
3.27859183e+00 1.86716106e+01
3.31042282e+00 1.88471824e+01
3.34225380e+00 1.90226278e+01
3.37408479e+00 1.91976941e+01
3.40591578e+00 1.93720400e+01
3.43774677e+00 1.95453624e+01
3.46957776e+00 1.97173704e+01
3.50140875e+00 1.98877103e+01
3.53323974e+00 2.00561040e+01
3.56507073e+00 2.02221851e+01
3.59690171e+00 2.03856376e+01
3.62873270e+00 2.05461077e+01
3.66056369e+00 2.07032667e+01
3.69239468e+00 2.08568115e+01
3.72422567e+00 2.10063754e+01
3.75605666e+00 2.11516553e+01
3.78788765e+00 2.12922467e+01
3.81971863e+00 2.14279348e+01
3.85154962e+00 2.15583151e+01
3.88338061e+00 2.16830971e+01
3.91521160e+00 2.18019900e+01
3.94704259e+00 2.19146906e+01
3.97887358e+00 2.20208576e+01
4.01070457e+00 2.21202636e+01
4.04253555e+00 2.22126180e+01
4.07436654e+00 2.22976173e+01
4.10619753e+00 2.23750721e+01
4.13802852e+00 2.24446664e+01
4.16985951e+00 2.25062486e+01
4.20169050e+00 2.25595280e+01
4.23352149e+00 2.26043530e+01
4.26535247e+00 2.26405087e+01
4.29718346e+00 2.26678055e+01
4.32901445e+00 2.26861045e+01
4.36084544e+00 2.26952540e+01
4.39267643e+00 2.26951403e+01
4.42450742e+00 2.26856243e+01
4.45633841e+00 2.26666176e+01
4.48816940e+00 2.26380444e+01
4.52000038e+00 2.25998414e+01
4.55183137e+00 2.25519456e+01
4.58366236e+00 2.24943694e+01
4.61549335e+00 2.24270625e+01
4.64732434e+00 2.23500879e+01
4.67915533e+00 2.22634331e+01
4.71098632e+00 2.21671611e+01
4.74281730e+00 2.20613353e+01
4.77464829e+00 2.19460693e+01
4.80647928e+00 2.18214643e+01
4.83831027e+00 2.16876339e+01
4.87014126e+00 2.15447552e+01
4.90197225e+00 2.13929544e+01
4.93380324e+00 2.12324717e+01
4.96563422e+00 2.10635093e+01
4.99746521e+00 2.08862567e+01
5.02929620e+00 2.07010046e+01
5.06112719e+00 2.05080058e+01
5.09295818e+00 2.03075762e+01
5.12478917e+00 2.00999812e+01
5.15662016e+00 1.98855367e+01
5.18845114e+00 1.96646597e+01
5.22028213e+00 1.94376662e+01
5.25211312e+00 1.92049606e+01
5.28394411e+00 1.89669220e+01
5.31577510e+00 1.87239295e+01
5.34760609e+00 1.84764761e+01
5.37943708e+00 1.82249533e+01
5.41126807e+00 1.79698668e+01
5.44309905e+00 1.77116336e+01
5.47493004e+00 1.74507845e+01
5.50676103e+00 1.71877870e+01
5.53859202e+00 1.69231466e+01
5.57042301e+00 1.66573435e+01
5.60225400e+00 1.63909592e+01
5.63408499e+00 1.61244738e+01
5.66591597e+00 1.58584053e+01
5.69774696e+00 1.55933353e+01
5.72957795e+00 1.53297564e+01
5.76140894e+00 1.50681996e+01
5.79323993e+00 1.48092334e+01
5.82507092e+00 1.45533508e+01
5.85690191e+00 1.43011077e+01
5.88873289e+00 1.40530223e+01
5.92056388e+00 1.38096002e+01
5.95239487e+00 1.35713341e+01
5.98422586e+00 1.33387423e+01
6.01605685e+00 1.31122922e+01
6.04788784e+00 1.28924515e+01
6.07971883e+00 1.26796878e+01
6.11154981e+00 1.24744306e+01
6.14338080e+00 1.22770719e+01
6.17521179e+00 1.20880666e+01
6.20704278e+00 1.19077431e+01
6.23887377e+00 1.17364933e+01
6.27070476e+00 1.15746205e+01
6.30253575e+00 1.14224406e+01
6.33436674e+00 1.12802442e+01
6.36619772e+00 1.11482463e+01
6.39802871e+00 1.10267248e+01
6.42985970e+00 1.09158061e+01
6.46169069e+00 1.08157176e+01
6.49352168e+00 1.07265479e+01
6.52535267e+00 1.06483981e+01
6.55718366e+00 1.05813818e+01
6.58901464e+00 1.05254865e+01
6.62084563e+00 1.04807373e+01
6.65267662e+00 1.04470586e+01
6.68450761e+00 1.04244376e+01
6.71633860e+00 1.04127606e+01
6.74816959e+00 1.04118886e+01
6.78000058e+00 1.04216826e+01
6.81183156e+00 1.04418899e+01
6.84366255e+00 1.04723334e+01
6.87549354e+00 1.05127606e+01
6.90732453e+00 1.05628301e+01
6.93915552e+00 1.06222765e+01
6.97098651e+00 1.06907208e+01
7.00281750e+00 1.07677965e+01
7.03464848e+00 1.08530992e+01
7.06647947e+00 1.09462244e+01
7.09831046e+00 1.10467046e+01
7.13014145e+00 1.11540848e+01
7.16197244e+00 1.12678722e+01
7.19380343e+00 1.13875865e+01
7.22563442e+00 1.15126465e+01
7.25746540e+00 1.16425719e+01
7.28929639e+00 1.17768193e+01
7.32112738e+00 1.19147948e+01
7.35295837e+00 1.20559422e+01
7.38478936e+00 1.21997435e+01
7.41662035e+00 1.23455415e+01
7.44845134e+00 1.24928434e+01
7.48028233e+00 1.26410172e+01
7.51211331e+00 1.27895070e+01
7.54394430e+00 1.29377567e+01
7.57577529e+00 1.30851849e+01
7.60760628e+00 1.32312609e+01
7.63943727e+00 1.33754414e+01
7.67126826e+00 1.35171954e+01
7.70309925e+00 1.36560175e+01
7.73493023e+00 1.37914023e+01
7.76676122e+00 1.39228695e+01
7.79859221e+00 1.40499767e+01
7.83042320e+00 1.41722944e+01
7.86225419e+00 1.42893802e+01
7.89408518e+00 1.44008549e+01
7.92591617e+00 1.45063901e+01
7.95774715e+00 1.46056192e+01
7.98957814e+00 1.46982515e+01
8.02140913e+00 1.47839965e+01
8.05324012e+00 1.48626013e+01
8.08507111e+00 1.49338764e+01
8.11690210e+00 1.49975943e+01
8.14873309e+00 1.50536286e+01
8.18056407e+00 1.51018657e+01
8.21239506e+00 1.51421665e+01
8.24422605e+00 1.51745056e+01
8.27605704e+00 1.51988453e+01
8.30788803e+00 1.52151729e+01
8.33971902e+00 1.52235389e+01
8.37155001e+00 1.52239812e+01
8.40338100e+00 1.52166135e+01
8.43521198e+00 1.52015371e+01
8.46704297e+00 1.51788908e+01
8.49887396e+00 1.51488643e+01
8.53070495e+00 1.51116471e+01
8.56253594e+00 1.50674540e+01
8.59436693e+00 1.50165504e+01
8.62619792e+00 1.49591891e+01
8.65802890e+00 1.48956355e+01
8.68985989e+00 1.48261928e+01
8.72169088e+00 1.47512150e+01
8.75352187e+00 1.46709926e+01
8.78535286e+00 1.45859048e+01
8.81718385e+00 1.44963181e+01
8.84901484e+00 1.44025610e+01
8.88084582e+00 1.43050253e+01
8.91267681e+00 1.42040902e+01
8.94450780e+00 1.41001726e+01
8.97633879e+00 1.39936138e+01
9.00816978e+00 1.38848435e+01
9.04000077e+00 1.37742028e+01
9.07183176e+00 1.36621341e+01
9.10366274e+00 1.35489532e+01
9.13549373e+00 1.34350774e+01
9.16732472e+00 1.33208477e+01
9.19915571e+00 1.32066180e+01
9.23098670e+00 1.30927674e+01
9.26281769e+00 1.29795866e+01
9.29464868e+00 1.28674167e+01
9.32647967e+00 1.27565360e+01
9.35831065e+00 1.26472854e+01
9.39014164e+00 1.25398799e+01
9.42197263e+00 1.24345848e+01
9.45380362e+00 1.23316403e+01
9.48563461e+00 1.22312739e+01
9.51746560e+00 1.21336371e+01
9.54929659e+00 1.20389449e+01
9.58112757e+00 1.19473235e+01
9.61295856e+00 1.18588994e+01
9.64478955e+00 1.17737863e+01
9.67662054e+00 1.16920854e+01
9.70845153e+00 1.16138344e+01
9.74028252e+00 1.15390461e+01
9.77211351e+00 1.14678216e+01
9.80394449e+00 1.14000976e+01
9.83577548e+00 1.13358615e+01
9.86760647e+00 1.12750755e+01
9.89943746e+00 1.12176763e+01
9.93126845e+00 1.11635755e+01
9.96309944e+00 1.11126846e+01
9.99493043e+00 1.10648393e+01
1.00267614e+01 1.10199638e+01
1.00585924e+01 1.09778685e+01
1.00904234e+01 1.09384018e+01
1.01222544e+01 1.09013615e+01
1.01540854e+01 1.08665833e+01
1.01859164e+01 1.08338397e+01
1.02177473e+01 1.08029159e+01
1.02495783e+01 1.07735971e+01
1.02814093e+01 1.07456305e+01
1.03132403e+01 1.07188265e+01
1.03450713e+01 1.06928818e+01
1.03769023e+01 1.06675943e+01
1.04087333e+01 1.06426733e+01
1.04405643e+01 1.06179166e+01
1.04723953e+01 1.05930209e+01
1.05042262e+01 1.05677713e+01
1.05360572e+01 1.05419151e+01
1.05678882e+01 1.05151743e+01
1.05997192e+01 1.04873593e+01
1.06315502e+01 1.04582048e+01
1.06633812e+01 1.04274832e+01
1.06952122e+01 1.03950177e+01
1.07270432e+01 1.03605428e+01
1.07588742e+01 1.03238942e+01
1.07907051e+01 1.02848572e+01
1.08225361e+01 1.02432927e+01
1.08543671e+01 1.01989859e+01
1.08861981e+01 1.01518609e+01
1.09180291e+01 1.01017282e+01
1.09498601e+01 1.00484741e+01
1.09816911e+01 9.99198480e+00
1.10135221e+01 9.93218449e+00
1.10453531e+01 9.86899735e+00
1.10771840e+01 9.80233491e+00
1.11090150e+01 9.73218455e+00
1.11408460e+01 9.65850834e+00
1.11726770e+01 9.58128102e+00
1.12045080e+01 9.50054049e+00
1.12363390e+01 9.41626148e+00
1.12681700e+01 9.32849454e+00
1.13000010e+01 9.23730286e+00
1.13318319e+01 9.14276226e+00
1.13636629e+01 9.04489802e+00
1.13954939e+01 8.94383650e+00
1.14273249e+01 8.83972937e+00
1.14591559e+01 8.73265244e+00
1.14909869e+01 8.62271945e+00
1.15228179e+01 8.51011239e+00
1.15546489e+01 8.39497025e+00
1.15864799e+01 8.27745860e+00
1.16183108e+01 8.15775940e+00
1.16501418e+01 8.03606350e+00
1.16819728e+01 7.91256676e+00
1.17138038e+01 7.78744358e+00
1.17456348e+01 7.66093408e+00
1.17774658e+01 7.53320886e+00
1.18092968e+01 7.40451813e+00
1.18411278e+01 7.27507169e+00
1.18729588e+01 7.14506162e+00
1.19047897e+01 7.01474067e+00
1.19366207e+01 6.88432873e+00
1.19684517e+01 6.75403053e+00
1.20002827e+01 6.62409376e+00
1.20321137e+01 6.49471177e+00
1.20639447e+01 6.36610319e+00
1.20957757e+01 6.23848665e+00
1.21276067e+01 6.11205802e+00
1.21594377e+01 5.98702963e+00
1.21912686e+01 5.86357965e+00
1.22230996e+01 5.74192039e+00
1.22549306e+01 5.62221235e+00
1.22867616e+01 5.50462361e+00
1.23185926e+01 5.38933488e+00
1.23504236e+01 5.27647001e+00
1.23822546e+01 5.16620086e+00
1.24140856e+01 5.05864750e+00
1.24459165e+01 4.95393630e+00
1.24777475e+01 4.85216457e+00
1.25095785e+01 4.75345109e+00
1.25414095e+01 4.65787295e+00
1.25732405e+01 4.56551357e+00
1.26050715e+01 4.47641844e+00
1.26369025e+01 4.39067223e+00
1.26687335e+01 4.30830021e+00
1.27005645e+01 4.22930238e+00
1.27323954e+01 4.15375583e+00
1.27642264e+01 4.08162897e+00
1.27960574e+01 4.01291422e+00
1.28278884e+01 3.94762169e+00
1.28597194e+01 3.88569702e+00
1.28915504e+01 3.82711749e+00
1.29233814e+01 3.77184264e+00
1.29552124e+01 3.71981309e+00
1.29870434e+01 3.67095932e+00
1.30188743e+01 3.62521309e+00
1.30507053e+01 3.58247457e+00
1.30825363e+01 3.54268689e+00
1.31143673e+01 3.50573884e+00
1.31461983e+01 3.47153185e+00
1.31780293e+01 3.43995218e+00
1.32098603e+01 3.41089242e+00
1.32416913e+01 3.38424008e+00
1.32735223e+01 3.35987512e+00
1.33053532e+01 3.33767242e+00
1.33371842e+01 3.31751825e+00
1.33690152e+01 3.29926602e+00
1.34008462e+01 3.28280450e+00
1.34326772e+01 3.26799217e+00
1.34645082e+01 3.25471276e+00
1.34963392e+01 3.24284495e+00
1.35281702e+01 3.23225100e+00
1.35600012e+01 3.22281589e+00
1.35918321e+01 3.21441832e+00
1.36236631e+01 3.20693444e+00
1.36554941e+01 3.20026567e+00
1.36873251e+01 3.19428943e+00
1.37191561e+01 3.18890462e+00
1.37509871e+01 3.18400382e+00
1.37828181e+01 3.17951754e+00
1.38146491e+01 3.17532823e+00
1.38464800e+01 3.17136008e+00
1.38783110e+01 3.16753346e+00
1.39101420e+01 3.16379658e+00
1.39419730e+01 3.16005211e+00
1.39738040e+01 3.15627478e+00
1.40056350e+01 3.15238245e+00
1.40374660e+01 3.14834479e+00
1.40692970e+01 3.14411884e+00
1.41011280e+01 3.13965909e+00
1.41329589e+01 3.13497313e+00
1.41647899e+01 3.12999146e+00
1.41966209e+01 3.12474313e+00
1.42284519e+01 3.11918898e+00
1.42602829e+01 3.11333912e+00
1.42921139e+01 3.10719859e+00
1.43239449e+01 3.10075350e+00
1.43557759e+01 3.09402660e+00
1.43876069e+01 3.08703431e+00
1.44194378e+01 3.07979433e+00
1.44512688e+01 3.07231676e+00
1.44830998e+01 3.06463447e+00
1.45149308e+01 3.05678283e+00
1.45467618e+01 3.04877450e+00
1.45785928e+01 3.04064610e+00
1.46104238e+01 3.03241914e+00
1.46422548e+01 3.02414415e+00
1.46740858e+01 3.01584186e+00
1.47059167e+01 3.00755500e+00
1.47377477e+01 2.99930175e+00
1.47695787e+01 2.99111067e+00
1.48014097e+01 2.98301576e+00
1.48332407e+01 2.97504850e+00
1.48650717e+01 2.96723907e+00
1.48969027e+01 2.95959709e+00
1.49287337e+01 2.95214215e+00
1.49605647e+01 2.94488574e+00
1.49923956e+01 2.93785149e+00
1.50242266e+01 2.93105218e+00
1.50560576e+01 2.92448334e+00
1.50878886e+01 2.91813464e+00
1.51197196e+01 2.91203132e+00
1.51515506e+01 2.90613308e+00
1.51833816e+01 2.90046417e+00
1.52152126e+01 2.89497421e+00
1.52470435e+01 2.88965815e+00
1.52788745e+01 2.88448212e+00
1.53107055e+01 2.87942538e+00
1.53425365e+01 2.87445091e+00
1.53743675e+01 2.86951738e+00
1.54061985e+01 2.86458689e+00
1.54380295e+01 2.85960496e+00
1.54698605e+01 2.85453419e+00
1.55016915e+01 2.84930912e+00
1.55335224e+01 2.84388425e+00
1.55653534e+01 2.83819564e+00
1.55971844e+01 2.83217567e+00
1.56290154e+01 2.82577494e+00
1.56608464e+01 2.81892028e+00
1.56926774e+01 2.81155784e+00
1.57245084e+01 2.80360510e+00
1.57563394e+01 2.79500205e+00
1.57881704e+01 2.78568839e+00
1.58200013e+01 2.77558894e+00
1.58518323e+01 2.76464252e+00
1.58836633e+01 2.75278040e+00
1.59154943e+01 2.73994317e+00
1.59473253e+01 2.72607562e+00
1.59791563e+01 2.71111531e+00
1.60109873e+01 2.69500296e+00
1.60428183e+01 2.67770144e+00
1.60746493e+01 2.65914060e+00
1.61064802e+01 2.63930261e+00
1.61383112e+01 2.61812405e+00
1.61701422e+01 2.59559202e+00
1.62019732e+01 2.57166192e+00
1.62338042e+01 2.54631705e+00
1.62656352e+01 2.51953202e+00
1.62974662e+01 2.49130076e+00
1.63292972e+01 2.46160736e+00
1.63611281e+01 2.43046671e+00
1.63929591e+01 2.39786287e+00
1.64247901e+01 2.36381958e+00
1.64566211e+01 2.32834488e+00
1.64884521e+01 2.29147549e+00
1.65202831e+01 2.25322241e+00
1.65521141e+01 2.21363048e+00
1.65839451e+01 2.17273799e+00
1.66157761e+01 2.13058926e+00
1.66476070e+01 2.08723985e+00
1.66794380e+01 2.04274258e+00
1.67112690e+01 1.99716443e+00
1.67431000e+01 1.95056922e+00
1.67749310e+01 1.90302747e+00
1.68067620e+01 1.85461955e+00
1.68385930e+01 1.80541964e+00
1.68704240e+01 1.75551545e+00
1.69022550e+01 1.70498861e+00
1.69340859e+01 1.65393188e+00
1.69659169e+01 1.60243512e+00
1.69977479e+01 1.55059285e+00
1.70295789e+01 1.49849783e+00
1.70614099e+01 1.44624952e+00
1.70932409e+01 1.39394182e+00
1.71250719e+01 1.34167165e+00
1.71569029e+01 1.28953682e+00
1.71887339e+01 1.23763162e+00
1.72205648e+01 1.18605309e+00
1.72523958e+01 1.13489324e+00
1.72842268e+01 1.08424357e+00
1.73160578e+01 1.03419379e+00
1.73478888e+01 9.84829598e-01
1.73797198e+01 9.36234389e-01
1.74115508e+01 8.88488543e-01
1.74433818e+01 8.41667882e-01
1.74752128e+01 7.95845832e-01
1.75070437e+01 7.51089621e-01
1.75388747e+01 7.07462439e-01
1.75707057e+01 6.65023680e-01
1.76025367e+01 6.23826170e-01
1.76343677e+01 5.83919952e-01
1.76661987e+01 5.45347109e-01
1.76980297e+01 5.08147323e-01
1.77298607e+01 4.72350164e-01
1.77616916e+01 4.37985535e-01
1.77935226e+01 4.05074790e-01
1.78253536e+01 3.73632793e-01
1.78571846e+01 3.43670993e-01
1.78890156e+01 3.15191992e-01
1.79208466e+01 2.88201087e-01
1.79526776e+01 2.62687249e-01
1.79845086e+01 2.38644489e-01
1.80163396e+01 2.16055399e-01
1.80481705e+01 1.94900179e-01
1.80800015e+01 1.75155114e-01
1.81118325e+01 1.56791144e-01
1.81436635e+01 1.39775857e-01
1.81754945e+01 1.24072893e-01
1.82073255e+01 1.09642213e-01
1.82391565e+01 9.64414970e-02
1.82709875e+01 8.44244401e-02
1.83028185e+01 7.35428436e-02
1.83346494e+01 6.37460691e-02
1.83664804e+01 5.49818989e-02
1.83983114e+01 4.71962575e-02
1.84301424e+01 4.03337169e-02
1.84619734e+01 3.43381039e-02
1.84938044e+01 2.91526904e-02
1.85256354e+01 2.47204566e-02
1.85574664e+01 2.09839781e-02
1.85892974e+01 1.78868541e-02
1.86211283e+01 1.53726858e-02
1.86529593e+01 1.33862464e-02
1.86847903e+01 1.18734451e-02
1.87166213e+01 1.07814955e-02
1.87484523e+01 1.00595445e-02
1.87802833e+01 9.65792702e-03
1.88121143e+01 9.52994779e-03
1.88439453e+01 9.63065545e-03
1.88757763e+01 9.91753771e-03
1.89076072e+01 1.03505845e-02
1.89394382e+01 1.08927933e-02
1.89712692e+01 1.15095883e-02
1.90031002e+01 1.21697675e-02
1.90349312e+01 1.28446694e-02
1.90667622e+01 1.35088926e-02
1.90985932e+01 1.41398541e-02
1.91304242e+01 1.47184550e-02
1.91622551e+01 1.52280960e-02
1.91940861e+01 1.56557654e-02
1.92259171e+01 1.59910263e-02
1.92577481e+01 1.62266094e-02
1.92895791e+01 1.63579882e-02
1.93214101e+01 1.63834526e-02
1.93532411e+01 1.63039505e-02
1.93850721e+01 1.61229446e-02
1.94169031e+01 1.58463745e-02
1.94487340e+01 1.54824292e-02
1.94805650e+01 1.50414209e-02
1.95123960e+01 1.45356963e-02
1.95442270e+01 1.39793588e-02
1.95760580e+01 1.33881736e-02
1.96078890e+01 1.27794059e-02
1.96397200e+01 1.21716101e-02
1.96715510e+01 1.15843973e-02
1.97033820e+01 1.10384485e-02
1.97352129e+01 1.05550833e-02
1.97670439e+01 1.01562474e-02
1.97988749e+01 9.86429117e-03
1.98307059e+01 9.70178597e-03
1.98625369e+01 9.69138209e-03
1.98943679e+01 9.85556376e-03
1.99261989e+01 1.02166404e-02
1.99580299e+01 1.07964329e-02
1.99898609e+01 1.16162103e-02
2.00216918e+01 1.26965461e-02
2.00535228e+01 1.40572812e-02
2.00853538e+01 1.57170557e-02
2.01171848e+01 1.76936758e-02
2.01490158e+01 2.00037345e-02
2.01808468e+01 2.26624156e-02
2.02126778e+01 2.56837202e-02
2.02445088e+01 2.90801326e-02
2.02763397e+01 3.28628017e-02
2.03081707e+01 3.70410342e-02
2.03400017e+01 4.16229482e-02
2.03718327e+01 4.66146805e-02
2.04036637e+01 5.20209457e-02
2.04354947e+01 5.78445165e-02
2.04673257e+01 6.40868500e-02
2.04991567e+01 7.07474697e-02
2.05309877e+01 7.78244548e-02
2.05628186e+01 8.53137991e-02
2.05946496e+01 9.32104352e-02
2.06264806e+01 1.01507084e-01
2.06583116e+01 1.10195391e-01
2.06901426e+01 1.19265425e-01
2.07219736e+01 1.28705180e-01
2.07538046e+01 1.38501954e-01
2.07856356e+01 1.48641304e-01
2.08174666e+01 1.59107483e-01
2.08492975e+01 1.69883759e-01
2.08811285e+01 1.80951581e-01
2.09129595e+01 1.92292396e-01
2.09447905e+01 2.03883799e-01
2.09766215e+01 2.15707832e-01
2.10084525e+01 2.27738967e-01
2.10402835e+01 2.39955948e-01
2.10721145e+01 2.52333803e-01
2.11039455e+01 2.64849533e-01
2.11357764e+01 2.77477888e-01
2.11676074e+01 2.90191153e-01
2.11994384e+01 3.02965053e-01
2.12312694e+01 3.15771911e-01
2.12631004e+01 3.28586415e-01
2.12949314e+01 3.41379991e-01
2.13267624e+01 3.54126771e-01
2.13585934e+01 3.66798725e-01
2.13904244e+01 3.79367647e-01
2.14222553e+01 3.91808785e-01
2.14540863e+01 4.04094176e-01
2.14859173e+01 4.16197041e-01
2.15177483e+01 4.28089771e-01
2.15495793e+01 4.39748203e-01
2.15814103e+01 4.51145179e-01
2.16132413e+01 4.62255374e-01
2.16450723e+01 4.73054575e-01
2.16769032e+01 4.83520640e-01
2.17087342e+01 4.93628940e-01
2.17405652e+01 5.03355210e-01
2.17723962e+01 5.12680621e-01
2.18042272e+01 5.21584700e-01
2.18360582e+01 5.30045206e-01
2.18678892e+01 5.38045961e-01
2.18997202e+01 5.45570160e-01
2.19315512e+01 5.52597075e-01
2.19633821e+01 5.59116851e-01
2.19952131e+01 5.65113058e-01
2.20270441e+01 5.70572932e-01
2.20588751e+01 5.75488386e-01
2.20907061e+01 5.79846151e-01
2.21225371e+01 5.83640665e-01
2.21543681e+01 5.86864599e-01
2.21861991e+01 5.89513404e-01
2.22180301e+01 5.91584047e-01
2.22498610e+01 5.93075769e-01
2.22816920e+01 5.93986801e-01
2.23135230e+01 5.94320808e-01
2.23453540e+01 5.94081708e-01
2.23771850e+01 5.93274682e-01
2.24090160e+01 5.91907186e-01
2.24408470e+01 5.89989077e-01
2.24726780e+01 5.87529960e-01
2.25045090e+01 5.84544620e-01
2.25363399e+01 5.81046580e-01
2.25681709e+01 5.77052774e-01
2.26000019e+01 5.72582031e-01
2.26318329e+01 5.67654571e-01
2.26636639e+01 5.62291373e-01
2.26954949e+01 5.56514552e-01
2.27273259e+01 5.50352036e-01
2.27591569e+01 5.43829986e-01
2.27909879e+01 5.36975698e-01
2.28228188e+01 5.29818616e-01
2.28546498e+01 5.22390336e-01
2.28864808e+01 5.14720681e-01
2.29183118e+01 5.06844404e-01
2.29501428e+01 4.98797395e-01
2.29819738e+01 4.90612259e-01
2.30138048e+01 4.82325139e-01
2.30456358e+01 4.73973063e-01
2.30774667e+01 4.65593943e-01
2.31092977e+01 4.57222405e-01
2.31411287e+01 4.48898004e-01
2.31729597e+01 4.40656758e-01
2.32047907e+01 4.32539485e-01
2.32366217e+01 4.24579801e-01
2.32684527e+01 4.16816629e-01
2.33002837e+01 4.09284090e-01
2.33321147e+01 4.02020349e-01
2.33639456e+01 3.95059527e-01
2.33957766e+01 3.88433976e-01
2.34276076e+01 3.82176301e-01
2.34594386e+01 3.76317589e-01
2.34912696e+01 3.70886528e-01
2.35231006e+01 3.65913865e-01
2.35549316e+01 3.61422320e-01
2.35867626e+01 3.57437209e-01
2.36185936e+01 3.53978799e-01
2.36504245e+01 3.51068592e-01
2.36822555e+01 3.48723310e-01
2.37140865e+01 3.46957659e-01
2.37459175e+01 3.45782947e-01
2.37777485e+01 3.45209498e-01
2.38095795e+01 3.45244036e-01
2.38414105e+01 3.45891048e-01
2.38732415e+01 3.47152528e-01
2.39050725e+01 3.49022657e-01
2.39369034e+01 3.51501227e-01
2.39687344e+01 3.54580076e-01
2.40005654e+01 3.58248253e-01
2.40323964e+01 3.62490019e-01
2.40642274e+01 3.67293151e-01
2.40960584e+01 3.72635169e-01
2.41278894e+01 3.78497508e-01
2.41597204e+01 3.84853667e-01
2.41915513e+01 3.91677246e-01
2.42233823e+01 3.98937954e-01
2.42552133e+01 4.06604071e-01
2.42870443e+01 4.14642107e-01
2.43188753e+01 4.23015288e-01
2.43507063e+01 4.31685195e-01
2.43825373e+01 4.40612148e-01
2.44143683e+01 4.49753306e-01
2.44461993e+01 4.59065953e-01
2.44780302e+01 4.68506870e-01
2.45098612e+01 4.78029930e-01
2.45416922e+01 4.87587112e-01
2.45735232e+01 4.97134057e-01
2.46053542e+01 5.06622491e-01
2.46371852e+01 5.16005023e-01
2.46690162e+01 5.25232241e-01
2.47008472e+01 5.34259788e-01
2.47326782e+01 5.43038756e-01
2.47645091e+01 5.51524537e-01
2.47963401e+01 5.59672139e-01
2.48281711e+01 5.67435817e-01
2.48600021e+01 5.74775003e-01
2.48918331e+01 5.81649638e-01
2.49236641e+01 5.88017891e-01
2.49554951e+01 5.93843872e-01
2.49873261e+01 5.99092069e-01
2.50191571e+01 6.03731143e-01
2.50509880e+01 6.07730130e-01
2.50828190e+01 6.11061609e-01
2.51146500e+01 6.13701821e-01
2.51464810e+01 6.15627133e-01
2.51783120e+01 6.16819727e-01
2.52101430e+01 6.17266435e-01
2.52419740e+01 6.16952407e-01
2.52738050e+01 6.15868886e-01
2.53056360e+01 6.14010705e-01
2.53374669e+01 6.11376092e-01
2.53692979e+01 6.07964555e-01
2.54011289e+01 6.03782577e-01
2.54329599e+01 5.98836667e-01
2.54647909e+01 5.93139209e-01
2.54966219e+01 5.86703219e-01
2.55284529e+01 5.79546896e-01
2.55602839e+01 5.71693367e-01
2.55921148e+01 5.63163355e-01
2.56239458e+01 5.53985170e-01
2.56557768e+01 5.44188990e-01
2.56876078e+01 5.33805207e-01
2.57194388e+01 5.22871696e-01
2.57512698e+01 5.11421500e-01
2.57831008e+01 4.99496017e-01
2.58149318e+01 4.87138142e-01
2.58467628e+01 4.74385422e-01
2.58785937e+01 4.61288118e-01
2.59104247e+01 4.47889790e-01
2.59422557e+01 4.34236187e-01
2.59740867e+01 4.20376972e-01
2.60059177e+01 4.06360421e-01
2.60377487e+01 3.92233166e-01
2.60695797e+01 3.78045126e-01
2.61014107e+01 3.63846343e-01
2.61332417e+01 3.49684336e-01
2.61650726e+01 3.35609400e-01
2.61969036e+01 3.21666399e-01
2.62287346e+01 3.07903103e-01
2.62605656e+01 2.94364120e-01
2.62923966e+01 2.81094315e-01
2.63242276e+01 2.68135265e-01
2.63560586e+01 2.55527534e-01
2.63878896e+01 2.43310932e-01
2.64197206e+01 2.31520212e-01
2.64515515e+01 2.20192021e-01
2.64833825e+01 2.09355427e-01
2.65152135e+01 1.99042021e-01
2.65470445e+01 1.89275817e-01
2.65788755e+01 1.80085374e-01
2.66107065e+01 1.71486868e-01
2.66425375e+01 1.63501024e-01
2.66743685e+01 1.56141997e-01
2.67061995e+01 1.49422044e-01
2.67380304e+01 1.43350266e-01
2.67698614e+01 1.37933611e-01
2.68016924e+01 1.33172966e-01
2.68335234e+01 1.29069340e-01
2.68653544e+01 1.25619701e-01
2.68971854e+01 1.22819121e-01
2.69290164e+01 1.20654835e-01
2.69608474e+01 1.19119893e-01
2.69926783e+01 1.18196299e-01
2.70245093e+01 1.17867233e-01
2.70563403e+01 1.18114585e-01
2.70881713e+01 1.18916556e-01
2.71200023e+01 1.20247025e-01
2.71518333e+01 1.22081145e-01
2.71836643e+01 1.24390041e-01
2.72154953e+01 1.27144034e-01
2.72473263e+01 1.30311081e-01
2.72791572e+01 1.33859393e-01
2.73109882e+01 1.37754412e-01
2.73428192e+01 1.41959517e-01
2.73746502e+01 1.46439738e-01
2.74064812e+01 1.51157163e-01
2.74383122e+01 1.56075777e-01
2.74701432e+01 1.61157792e-01
2.75019742e+01 1.66365676e-01
2.75338052e+01 1.71661517e-01
2.75656361e+01 1.77008413e-01
2.75974671e+01 1.82368325e-01
2.76292981e+01 1.87706628e-01
2.76611291e+01 1.92986419e-01
2.76929601e+01 1.98175347e-01
2.77247911e+01 2.03237900e-01
2.77566221e+01 2.08142992e-01
2.77884531e+01 2.12860544e-01
2.78202841e+01 2.17360606e-01
2.78521150e+01 2.21615880e-01
2.78839460e+01 2.25600588e-01
2.79157770e+01 2.29289959e-01
2.79476080e+01 2.32663520e-01
2.79794390e+01 2.35701684e-01
2.80112700e+01 2.38385368e-01
2.80431010e+01 2.40697118e-01
2.80749320e+01 2.42627462e-01
2.81067630e+01 2.44161684e-01
2.81385939e+01 2.45290838e-01
2.81704249e+01 2.46008391e-01
2.82022559e+01 2.46309541e-01
2.82340869e+01 2.46191381e-01
2.82659179e+01 2.45652142e-01
2.82977489e+01 2.44697258e-01
2.83295799e+01 2.43324328e-01
2.83614109e+01 2.41543083e-01
2.83932418e+01 2.39359967e-01
2.84250728e+01 2.36785091e-01
2.84569038e+01 2.33826416e-01
2.84887348e+01 2.30498476e-01
2.85205658e+01 2.26816182e-01
2.85523968e+01 2.22792678e-01
2.85842278e+01 2.18448435e-01
2.86160588e+01 2.13799126e-01
2.86478898e+01 2.08862314e-01
2.86797207e+01 2.03662644e-01
2.87115517e+01 1.98217050e-01
2.87433827e+01 1.92549669e-01
2.87752137e+01 1.86680468e-01
2.88070447e+01 1.80634091e-01
2.88388757e+01 1.74434800e-01
2.88707067e+01 1.68101680e-01
2.89025377e+01 1.61661394e-01
2.89343687e+01 1.55137068e-01
2.89661996e+01 1.48550820e-01
2.89980306e+01 1.41926280e-01
2.90298616e+01 1.35286196e-01
2.90616926e+01 1.28650662e-01
2.90935236e+01 1.22042298e-01
2.91253546e+01 1.15483220e-01
2.91571856e+01 1.08989983e-01
2.91890166e+01 1.02584955e-01
2.92208476e+01 9.62857028e-02
2.92526785e+01 9.01068850e-02
2.92845095e+01 8.40672053e-02
2.93163405e+01 7.81813231e-02
2.93481715e+01 7.24625078e-02
2.93800025e+01 6.69236493e-02
2.94118335e+01 6.15758689e-02
2.94436645e+01 5.64299081e-02
2.94754955e+01 5.14942341e-02
2.95073264e+01 4.67769350e-02
2.95391574e+01 4.22845820e-02
2.95709884e+01 3.80217247e-02
2.96028194e+01 3.39926598e-02
2.96346504e+01 3.02002940e-02
2.96664814e+01 2.66459162e-02
2.96983124e+01 2.33300320e-02
2.97301434e+01 2.02519463e-02
2.97619744e+01 1.74096496e-02
2.97938053e+01 1.48002482e-02
2.98256363e+01 1.24201908e-02
2.98574673e+01 1.02645109e-02
2.98892983e+01 8.32763298e-03
2.99211293e+01 6.60314216e-03
2.99529603e+01 5.08388799e-03
2.99847913e+01 3.76206001e-03
3.00166223e+01 2.62923463e-03
3.00484533e+01 1.67646859e-03
3.00802842e+01 8.94338156e-04
3.01121152e+01 2.73094823e-04
3.01439462e+01 -1.97409266e-04
3.01757772e+01 -5.27511528e-04
3.02076082e+01 -7.27751577e-04
3.02394392e+01 -8.08770129e-04
3.02712702e+01 -7.81233173e-04
3.03031012e+01 -6.55907798e-04
3.03349322e+01 -4.43144057e-04
3.03667631e+01 -1.53658489e-04
3.03985941e+01 2.02464237e-04
3.04304251e+01 6.15101542e-04
3.04622561e+01 1.07459843e-03
3.04940871e+01 1.57156529e-03
3.05259181e+01 2.09697901e-03
3.05577491e+01 2.64228404e-03
3.05895801e+01 3.19934187e-03
3.06214111e+01 3.76046896e-03
3.06532420e+01 4.31851251e-03
3.06850730e+01 4.86687580e-03
3.07169040e+01 5.39942966e-03
3.07487350e+01 5.91062626e-03
3.07805660e+01 6.39547383e-03
3.08123970e+01 6.84958718e-03
3.08442280e+01 7.26907397e-03
3.08760590e+01 7.65060804e-03
3.09078899e+01 7.99147739e-03
3.09397209e+01 8.28944014e-03
3.09715519e+01 8.54282942e-03
3.10033829e+01 8.75044973e-03
3.10352139e+01 8.91165024e-03
3.10670449e+01 9.02616556e-03
3.10988759e+01 9.09428509e-03
3.11307069e+01 9.11659015e-03
3.11625379e+01 9.09415492e-03
3.11943688e+01 9.02837332e-03
3.12261998e+01 8.92096781e-03
3.12580308e+01 8.77395788e-03
3.12898618e+01 8.58964389e-03
3.13216928e+01 8.37054716e-03
3.13535238e+01 8.11938838e-03
3.13853548e+01 7.83905989e-03
3.14171858e+01 7.53257319e-03
3.14490168e+01 7.20307121e-03
3.14808477e+01 6.85373099e-03
3.15126787e+01 6.48779657e-03
3.15445097e+01 6.10849680e-03
3.15763407e+01 5.71907192e-03
3.16081717e+01 5.32270025e-03
3.16400027e+01 4.92246405e-03
3.16718337e+01 4.52142424e-03
3.17036647e+01 4.12243603e-03
3.17354957e+01 3.72828155e-03
3.17673266e+01 3.34155464e-03
3.17991576e+01 2.96471664e-03
3.18309886e+01 2.60001437e-03
