# freq_w_over_2pi_THz  kappa_z_avg_Wm-1K-1THz-1  std_Wm-1K-1THz-1  stderr_Wm-1K-1THz-1
3.18309886e-02 3.51282270e+00 3.37335949e+00 2.38532537e+00
6.36619772e-02 3.52925137e+00 3.38537304e+00 2.39382024e+00
9.54929659e-02 3.55657582e+00 3.40533995e+00 2.40793897e+00
1.27323954e-01 3.59469903e+00 3.43316150e+00 2.42761177e+00
1.59154943e-01 3.64352634e+00 3.46875351e+00 2.45277913e+00
1.90985932e-01 3.70290033e+00 3.51195439e+00 2.48332676e+00
2.22816920e-01 3.77262748e+00 3.56256990e+00 2.51911734e+00
2.54647909e-01 3.85251521e+00 3.62041881e+00 2.56002269e+00
2.86478898e-01 3.94229668e+00 3.68522652e+00 2.60584866e+00
3.18309886e-01 4.04173093e+00 3.75676688e+00 2.65643534e+00
3.50140875e-01 4.15050183e+00 3.83471957e+00 2.71155621e+00
3.81971863e-01 4.26828547e+00 3.91875128e+00 2.77097561e+00
4.13802852e-01 4.39472669e+00 4.00851142e+00 2.83444561e+00
4.45633841e-01 4.52947397e+00 4.10365322e+00 2.90172102e+00
4.77464829e-01 4.67212830e+00 4.20376159e+00 2.97250832e+00
5.09295818e-01 4.82227366e+00 4.30841465e+00 3.04650921e+00
5.41126807e-01 4.97949565e+00 4.41719235e+00 3.12342667e+00
5.72957795e-01 5.14334107e+00 4.52962360e+00 3.20292756e+00
6.04788784e-01 5.31334533e+00 4.64521803e+00 3.28466517e+00
6.36619772e-01 5.48906408e+00 4.76352566e+00 3.36832130e+00
6.68450761e-01 5.67000617e+00 4.88401755e+00 3.45352193e+00
7.00281750e-01 5.85570150e+00 5.00619648e+00 3.53991548e+00
7.32112738e-01 6.04565310e+00 5.12952997e+00 3.62712542e+00
7.63943727e-01 6.23938643e+00 5.25350599e+00 3.71478971e+00
7.95774715e-01 6.43641430e+00 5.37759823e+00 3.80253618e+00
8.27605704e-01 6.63625147e+00 5.50124903e+00 3.88997050e+00
8.59436693e-01 6.83840735e+00 5.62394047e+00 3.97672644e+00
8.91267681e-01 7.04241222e+00 5.74513583e+00 4.06242451e+00
9.23098670e-01 7.24782894e+00 5.86430952e+00 4.14669303e+00
9.54929659e-01 7.45416263e+00 5.98092464e+00 4.22915237e+00
9.86760647e-01 7.66102418e+00 6.09448776e+00 4.30945362e+00
1.01859164e+00 7.86793023e+00 6.20448148e+00 4.38723093e+00
1.05042262e+00 8.07450908e+00 6.31040556e+00 4.46213056e+00
1.08225361e+00 8.28037304e+00 6.41177531e+00 4.53380980e+00
1.11408460e+00 8.48511682e+00 6.50812374e+00 4.60193843e+00
1.14591559e+00 8.68842144e+00 6.59903336e+00 4.66622124e+00
1.17774658e+00 8.88994798e+00 6.68406844e+00 4.72635012e+00
1.20957757e+00 9.08937671e+00 6.76279470e+00 4.78201799e+00
1.24140856e+00 9.28644856e+00 6.83482431e+00 4.83295062e+00
1.27323954e+00 9.48089308e+00 6.89984630e+00 4.87892811e+00
1.30507053e+00 9.67246006e+00 6.95747107e+00 4.91967497e+00
1.33690152e+00 9.86099912e+00 7.00745732e+00 4.95502059e+00
1.36873251e+00 1.00462663e+01 7.04941726e+00 4.98469075e+00
1.40056350e+00 1.02281619e+01 7.08320610e+00 5.00858307e+00
1.43239449e+00 1.04065316e+01 7.10857723e+00 5.02652316e+00
1.46422548e+00 1.05813035e+01 7.12531080e+00 5.03835559e+00
1.49605647e+00 1.07523776e+01 7.13329781e+00 5.04400325e+00
1.52788745e+00 1.09197224e+01 7.13236846e+00 5.04334611e+00
1.55971844e+00 1.10833291e+01 7.12246379e+00 5.03634244e+00
1.59154943e+00 1.12431963e+01 7.10351408e+00 5.02294298e+00
1.62338042e+00 1.13993520e+01 7.07551577e+00 5.00314518e+00
1.65521141e+00 1.15518579e+01 7.03848852e+00 4.97696296e+00
1.68704240e+00 1.17007989e+01 6.99245555e+00 4.94441274e+00
1.71887339e+00 1.18462734e+01 6.93752768e+00 4.90557286e+00
1.75070437e+00 1.19884166e+01 6.87379962e+00 4.86051032e+00
1.78253536e+00 1.21273437e+01 6.80143044e+00 4.80933758e+00
1.81436635e+00 1.22632238e+01 6.72060958e+00 4.75218861e+00
1.84619734e+00 1.23962391e+01 6.63154436e+00 4.68920998e+00
1.87802833e+00 1.25265979e+01 6.53451178e+00 4.62059759e+00
1.90985932e+00 1.26544925e+01 6.42974063e+00 4.54651320e+00
1.94169031e+00 1.27801224e+01 6.31759190e+00 4.46721207e+00
1.97352129e+00 1.29037620e+01 6.19835692e+00 4.38290021e+00
2.00535228e+00 1.30255994e+01 6.07244852e+00 4.29386953e+00
2.03718327e+00 1.31459078e+01 5.94026704e+00 4.20040311e+00
2.06901426e+00 1.32649397e+01 5.80216993e+00 4.10275370e+00
2.10084525e+00 1.33829480e+01 5.65862184e+00 4.00124988e+00
2.13267624e+00 1.35001981e+01 5.51014108e+00 3.89625812e+00
2.16450723e+00 1.36169300e+01 5.35713870e+00 3.78806910e+00
2.19633821e+00 1.37334218e+01 5.20015085e+00 3.67706193e+00
2.22816920e+00 1.38499010e+01 5.03964222e+00 3.56356519e+00
2.26000019e+00 1.39666203e+01 4.87622045e+00 3.44800855e+00
2.29183118e+00 1.40838703e+01 4.71036808e+00 3.33073321e+00
2.32366217e+00 1.42018533e+01 4.54265702e+00 3.21214359e+00
2.35549316e+00 1.43207715e+01 4.37362344e+00 3.09261879e+00
2.38732415e+00 1.44408777e+01 4.20387497e+00 2.97258850e+00
2.41915513e+00 1.45623865e+01 4.03392991e+00 2.85241919e+00
2.45098612e+00 1.46854498e+01 3.86436016e+00 2.73251527e+00
2.48281711e+00 1.48102823e+01 3.69579124e+00 2.61331905e+00
2.51464810e+00 1.49370231e+01 3.52866996e+00 2.49514646e+00
2.54647909e+00 1.50658743e+01 3.36367545e+00 2.37847772e+00
2.57831008e+00 1.51969118e+01 3.20123664e+00 2.26361614e+00
2.61014107e+00 1.53302746e+01 3.04197905e+00 2.15100401e+00
2.64197206e+00 1.54660511e+01 2.88638522e+00 2.04098257e+00
2.67380304e+00 1.56043551e+01 2.73493771e+00 1.93389300e+00
2.70563403e+00 1.57452119e+01 2.58820840e+00 1.83013971e+00
2.73746502e+00 1.58886720e+01 2.44659050e+00 1.73000073e+00
2.76929601e+00 1.60347354e+01 2.31054866e+00 1.63380463e+00
2.80112700e+00 1.61834526e+01 2.18054757e+00 1.54187998e+00
2.83295799e+00 1.63347479e+01 2.05694467e+00 1.45447952e+00
2.86478898e+00 1.64886592e+01 1.94011526e+00 1.37186865e+00
2.89661996e+00 1.66450347e+01 1.83045253e+00 1.29432540e+00
2.92845095e+00 1.68038745e+01 1.72824243e+00 1.22205194e+00
2.96028194e+00 1.69650649e+01 1.63378879e+00 1.15526314e+00
2.99211293e+00 1.71284795e+01 1.54734182e+00 1.09413590e+00
3.02394392e+00 1.72939666e+01 1.46911598e+00 1.03882187e+00
3.05577491e+00 1.74613999e+01 1.39932573e+00 9.89472715e-01
3.08760590e+00 1.76306151e+01 1.33809618e+00 9.46176886e-01
3.11943688e+00 1.78013973e+01 1.28558818e+00 9.09048122e-01
3.15126787e+00 1.79735822e+01 1.24181960e+00 8.78099060e-01
3.18309886e+00 1.81469298e+01 1.20687980e+00 8.53392888e-01
3.21492985e+00 1.83212253e+01 1.18082239e+00 8.34967518e-01
3.24676084e+00 1.84961905e+01 1.16354014e+00 8.22747125e-01
3.27859183e+00 1.86716106e+01 1.15505093e+00 8.16744347e-01
3.31042282e+00 1.88471824e+01 1.15521178e+00 8.16858083e-01
3.34225380e+00 1.90226278e+01 1.16387971e+00 8.22987236e-01
3.37408479e+00 1.91976941e+01 1.18091175e+00 8.35030705e-01
3.40591578e+00 1.93720400e+01 1.20611130e+00 8.52849479e-01
3.43774677e+00 1.95453624e+01 1.23922816e+00 8.76266633e-01
3.46957776e+00 1.97173704e+01 1.27999424e+00 9.05092607e-01
3.50140875e+00 1.98877103e+01 1.32812360e+00 9.39125201e-01
3.53323974e+00 2.00561040e+01 1.38329453e+00 9.78136942e-01
3.56507073e+00 2.02221851e+01 1.44509598e+00 1.02183717e+00
3.59690171e+00 2.03856376e+01 1.51318839e+00 1.06998577e+00
3.62873270e+00 2.05461077e+01 1.58717856e+00 1.12230472e+00
3.66056369e+00 2.07032667e+01 1.66660183e+00 1.17846545e+00
3.69239468e+00 2.08568115e+01 1.75099352e+00 1.23813939e+00
3.72422567e+00 2.10063754e+01 1.83994257e+00 1.30103587e+00
3.75605666e+00 2.11516553e+01 1.93287709e+00 1.36675050e+00
3.78788765e+00 2.12922467e+01 2.02933239e+00 1.43495470e+00
3.81971863e+00 2.14279348e+01 2.12875445e+00 1.50525671e+00
3.85154962e+00 2.15583151e+01 2.23067860e+00 1.57732796e+00
3.88338061e+00 2.16830971e+01 2.33447930e+00 1.65072615e+00
3.91521160e+00 2.18019900e+01 2.43967403e+00 1.72511005e+00
3.94704259e+00 2.19146906e+01 2.54565512e+00 1.80005000e+00
3.97887358e+00 2.20208576e+01 2.65190429e+00 1.87517951e+00
4.01070457e+00 2.21202636e+01 2.75788538e+00 1.95011946e+00
4.04253555e+00 2.22126180e+01 2.86297287e+00 2.02442753e+00
4.07436654e+00 2.22976173e+01 2.96670209e+00 2.09777517e+00
4.10619753e+00 2.23750721e+01 3.06851900e+00 2.16977060e+00
4.13802852e+00 2.24446664e+01 3.16786958e+00 2.24002206e+00
4.16985951e+00 2.25062486e+01 3.26428914e+00 2.30820098e+00
4.20169050e+00 2.25595280e+01 3.35718791e+00 2.37389034e+00
4.23352149e+00 2.26043530e+01 3.44617271e+00 2.43681209e+00
4.26535247e+00 2.26405087e+01 3.53072525e+00 2.49659976e+00
4.29718346e+00 2.26678055e+01 3.61043447e+00 2.55296269e+00
4.32901445e+00 2.26861045e+01 3.68488931e+00 2.60561022e+00
4.36084544e+00 2.26952540e+01 3.75366085e+00 2.65423904e+00
4.39267643e+00 2.26951403e+01 3.81637378e+00 2.69858378e+00
4.42450742e+00 2.26856243e+01 3.87272427e+00 2.73842959e+00
4.45633841e+00 2.26666176e+01 3.92237274e+00 2.77353637e+00
4.48816940e+00 2.26380444e+01 3.96503326e+00 2.80370191e+00
4.52000038e+00 2.25998414e+01 4.00047348e+00 2.82876193e+00
4.55183137e+00 2.25519456e+01 4.02846107e+00 2.84855214e+00
4.58366236e+00 2.24943694e+01 4.04879943e+00 2.86293353e+00
4.61549335e+00 2.24270625e+01 4.06138133e+00 2.87183028e+00
4.64732434e+00 2.23500879e+01 4.06604593e+00 2.87512865e+00
4.67915533e+00 2.22634331e+01 4.06273961e+00 2.87279073e+00
4.71098632e+00 2.21671611e+01 4.05137300e+00 2.86475332e+00
4.74281730e+00 2.20613353e+01 4.03199973e+00 2.85105435e+00
4.77464829e+00 2.19460693e+01 4.00460192e+00 2.83168117e+00
4.80647928e+00 2.18214643e+01 3.96925106e+00 2.80668434e+00
4.83831027e+00 2.16876339e+01 3.92603651e+00 2.77612704e+00
4.87014126e+00 2.15447552e+01 3.87510124e+00 2.74011037e+00
4.90197225e+00 2.13929544e+01 3.81655250e+00 2.69871015e+00
4.93380324e+00 2.12324717e+01 3.75065835e+00 2.65211596e+00
4.96563422e+00 2.10635093e+01 3.67763327e+00 2.60047942e+00
4.99746521e+00 2.08862567e+01 3.59767384e+00 2.54393957e+00
5.02929620e+00 2.07010046e+01 3.51111964e+00 2.48273650e+00
5.06112719e+00 2.05080058e+01 3.41825661e+00 2.41707243e+00
5.09295818e+00 2.03075762e+01 3.31946007e+00 2.34721273e+00
5.12478917e+00 2.00999812e+01 3.21503384e+00 2.27337223e+00
5.15662016e+00 1.98855367e+01 3.10542473e+00 2.19586689e+00
5.18845114e+00 1.96646597e+01 2.99100804e+00 2.11496207e+00
5.22028213e+00 1.94376662e+01 2.87219484e+00 2.03094845e+00
5.25211312e+00 1.92049606e+01 2.74944979e+00 1.94415459e+00
5.28394411e+00 1.89669220e+01 2.62323757e+00 1.85490907e+00
5.31577510e+00 1.87239295e+01 2.49402285e+00 1.76354047e+00
5.34760609e+00 1.84764761e+01 2.36225242e+00 1.67036471e+00
5.37943708e+00 1.82249533e+01 2.22848034e+00 1.57577356e+00
5.41126807e+00 1.79698668e+01 2.09313551e+00 1.48007031e+00
5.44309905e+00 1.77116336e+01 1.95677198e+00 1.38364674e+00
5.47493004e+00 1.74507845e+01 1.81985442e+00 1.28683140e+00
5.50676103e+00 1.71877870e+01 1.68293686e+00 1.19001606e+00
5.53859202e+00 1.69231466e+01 1.54641248e+00 1.09347875e+00
5.57042301e+00 1.66573435e+01 1.41088893e+00 9.97649131e-01
5.60225400e+00 1.63909592e+01 1.27679515e+00 9.02830507e-01
5.63408499e+00 1.61244738e+01 1.14459580e+00 8.09351451e-01
5.66591597e+00 1.58584053e+01 1.01480917e+00 7.17578448e-01
5.69774696e+00 1.55933353e+01 8.87864198e-01 6.27814795e-01
5.72957795e+00 1.53297564e+01 7.64171931e-01 5.40351155e-01
5.76140894e+00 1.50681996e+01 6.44161301e-01 4.55490824e-01
5.79323993e+00 1.48092334e+01 5.28279108e-01 3.73549740e-01
5.82507092e+00 1.45533508e+01 4.16864921e-01 2.94768013e-01
5.85690191e+00 1.43011077e+01 3.10276180e-01 2.19398391e-01
5.88873289e+00 1.40530223e+01 2.08888197e-01 1.47706261e-01
5.92056388e+00 1.38096002e+01 1.12986925e-01 7.98938210e-02
5.95239487e+00 1.35713341e+01 2.28404446e-02 1.61506332e-02
5.98422586e+00 1.33387423e+01 6.12474206e-02 4.33084664e-02
6.01605685e+00 1.31122922e+01 1.39080078e-01 9.83444662e-02
6.04788784e+00 1.28924515e+01 2.10425191e-01 1.48793080e-01
6.07971883e+00 1.26796878e+01 2.75086168e-01 1.94515295e-01
6.11154981e+00 1.24744306e+01 3.32991520e-01 2.35460562e-01
6.14338080e+00 1.22770719e+01 3.83944656e-01 2.71489870e-01
6.17521179e+00 1.20880666e+01 4.27874087e-01 3.02552668e-01
6.20704278e+00 1.19077431e+01 4.64744069e-01 3.28623683e-01
6.23887377e+00 1.17364933e+01 4.94536730e-01 3.49690275e-01
6.27070476e+00 1.15746205e+01 5.17216327e-01 3.65727172e-01
6.30253575e+00 1.14224406e+01 5.32800730e-01 3.76747009e-01
6.33436674e+00 1.12802442e+01 5.41415045e-01 3.82838250e-01
6.36619772e+00 1.11482463e+01 5.43077143e-01 3.84013530e-01
6.39802871e+00 1.10267248e+01 5.37930000e-01 3.80373951e-01
6.42985970e+00 1.09158061e+01 5.26116594e-01 3.72020611e-01
6.46169069e+00 1.08157176e+01 5.07779899e-01 3.59054610e-01
6.49352168e+00 1.07265479e+01 4.83116508e-01 3.41614959e-01
6.52535267e+00 1.06483981e+01 4.52340885e-01 3.19853308e-01
6.55718366e+00 1.05813818e+01 4.15685368e-01 2.93933942e-01
6.58901464e+00 1.05254865e+01 3.73418035e-01 2.64046425e-01
6.62084563e+00 1.04807373e+01 3.25789095e-01 2.30367678e-01
6.65267662e+00 1.04470586e+01 2.73120245e-01 1.93125178e-01
6.68450761e+00 1.04244376e+01 2.15643822e-01 1.52483209e-01
6.71633860e+00 1.04127606e+01 1.53770880e-01 1.08732432e-01
6.74816959e+00 1.04118886e+01 8.77695017e-02 6.20624098e-02
6.78000058e+00 1.04216826e+01 1.80507426e-02 1.27638025e-02
6.81183156e+00 1.04418899e+01 5.51351889e-02 3.89864660e-02
6.84366255e+00 1.04723334e+01 1.31323620e-01 9.28598223e-02
6.87549354e+00 1.05127606e+01 2.10192855e-01 1.48628793e-01
6.90732453e+00 1.05628301e+01 2.91403324e-01 2.06053267e-01
6.93915552e+00 1.06222765e+01 3.74508228e-01 2.64817308e-01
6.97098651e+00 1.06907208e+01 4.59185870e-01 3.24693443e-01
7.00281750e+00 1.07677965e+01 5.45060937e-01 3.85416285e-01
7.03464848e+00 1.08530992e+01 6.31740246e-01 4.46707812e-01
7.06647947e+00 1.09462244e+01 7.18866355e-01 5.08315274e-01
7.09831046e+00 1.10467046e+01 8.06099696e-01 5.69998561e-01
7.13014145e+00 1.11540848e+01 8.93047084e-01 6.31479649e-01
7.16197244e+00 1.12678722e+01 9.79404696e-01 6.92543702e-01
7.19380343e+00 1.13875865e+01 1.06481509e+00 7.52937972e-01
7.22563442e+00 1.15126465e+01 1.14895657e+00 8.12434984e-01
7.25746540e+00 1.16425719e+01 1.23150744e+00 8.70807264e-01
7.28929639e+00 1.17768193e+01 1.31216388e+00 9.27839978e-01
7.32112738e+00 1.19147948e+01 1.39065780e+00 9.83343562e-01
7.35295837e+00 1.20559422e+01 1.46670326e+00 1.03711582e+00
7.38478936e+00 1.21997435e+01 1.54006791e+00 1.08899246e+00
7.41662035e+00 1.23455415e+01 1.61050155e+00 1.13879657e+00
7.44845134e+00 1.24928434e+01 1.67777184e+00 1.18636385e+00
7.48028233e+00 1.26410172e+01 1.74170007e+00 1.23156793e+00
7.51211331e+00 1.27895070e+01 1.80210750e+00 1.27428243e+00
7.54394430e+00 1.29377567e+01 1.85877968e+00 1.31435572e+00
7.57577529e+00 1.30851849e+01 1.91164513e+00 1.35173723e+00
7.60760628e+00 1.32312609e+01 1.96048936e+00 1.38627532e+00
7.63943727e+00 1.33754414e+01 2.00525878e+00 1.41793208e+00
7.67126826e+00 1.35171954e+01 2.04584614e+00 1.44663168e+00
7.70309925e+00 1.36560175e+01 2.08221571e+00 1.47234885e+00
7.73493023e+00 1.37914023e+01 2.11422450e+00 1.49498248e+00
7.76676122e+00 1.39228695e+01 2.14194401e+00 1.51458313e+00
7.79859221e+00 1.40499767e+01 2.16528487e+00 1.53108761e+00
7.83042320e+00 1.41722944e+01 2.18424708e+00 1.54449592e+00
7.86225419e+00 1.42893802e+01 2.19888427e+00 1.55484598e+00
7.89408518e+00 1.44008549e+01 2.20919643e+00 1.56213777e+00
7.92591617e+00 1.45063901e+01 2.21525504e+00 1.56642186e+00
7.95774715e+00 1.46056192e+01 2.21704224e+00 1.56768560e+00
7.98957814e+00 1.46982515e+01 2.21475462e+00 1.56606801e+00
8.02140913e+00 1.47839965e+01 2.20837431e+00 1.56155645e+00
8.05324012e+00 1.48626013e+01 2.19808003e+00 1.55427729e+00
8.08507111e+00 1.49338764e+01 2.18392539e+00 1.54426845e+00
8.11690210e+00 1.49975943e+01 2.16601762e+00 1.53160575e+00
8.14873309e+00 1.50536286e+01 2.14453545e+00 1.51641556e+00
8.18056407e+00 1.51018657e+01 2.11956823e+00 1.49876107e+00
8.21239506e+00 1.51421665e+01 2.09131257e+00 1.47878130e+00
8.24422605e+00 1.51745056e+01 2.05987568e+00 1.45655206e+00
8.27605704e+00 1.51988453e+01 2.02541842e+00 1.43218710e+00
8.30788803e+00 1.52151729e+01 1.98810164e+00 1.40580015e+00
8.33971902e+00 1.52235389e+01 1.94806831e+00 1.37749231e+00
8.37155001e+00 1.52239812e+01 1.90551502e+00 1.34740259e+00
8.40338100e+00 1.52166135e+01 1.86056689e+00 1.31561946e+00
8.43521198e+00 1.52015371e+01 1.81343836e+00 1.28229456e+00
8.46704297e+00 1.51788908e+01 1.76425456e+00 1.24751636e+00
8.49887396e+00 1.51488643e+01 1.71317632e+00 1.21139859e+00
8.53070495e+00 1.51116471e+01 1.66040024e+00 1.17408027e+00
8.56253594e+00 1.50674540e+01 1.60605142e+00 1.13564985e+00
8.59436693e+00 1.50165504e+01 1.55032645e+00 1.09624635e+00
8.62619792e+00 1.49591891e+01 1.49333257e+00 1.05594559e+00
8.65802890e+00 1.48956355e+01 1.43523063e+00 1.01486131e+00
8.68985989e+00 1.48261928e+01 1.37616359e+00 9.73094608e-01
8.72169088e+00 1.47512150e+01 1.31627445e+00 9.30746586e-01
8.75352187e+00 1.46709926e+01 1.25568829e+00 8.87905705e-01
8.78535286e+00 1.45859048e+01 1.19451236e+00 8.44647788e-01
8.81718385e+00 1.44963181e+01 1.13294324e+00 8.01111848e-01
8.84901484e+00 1.44025610e+01 1.07098094e+00 7.57297884e-01
8.88084582e+00 1.43050253e+01 1.00882205e+00 7.13344909e-01
8.91267681e+00 1.42040902e+01 9.46502303e-01 6.69278197e-01
8.94450780e+00 1.41001726e+01 8.84146817e-01 6.25186210e-01
8.97633879e+00 1.39936138e+01 8.21809203e-01 5.81106861e-01
9.00816978e+00 1.38848435e+01 7.59632438e-01 5.37141248e-01
9.04000077e+00 1.37742028e+01 6.97598648e-01 4.93276735e-01
9.07183176e+00 1.36621341e+01 6.35832939e-01 4.49601783e-01
9.10366274e+00 1.35489532e+01 5.74353182e-01 4.06129030e-01
9.13549373e+00 1.34350774e+01 5.13248738e-01 3.62921663e-01
9.16732472e+00 1.33208477e+01 4.52537478e-01 3.19992319e-01
9.19915571e+00 1.32066180e+01 3.92290890e-01 2.77391549e-01
9.23098670e+00 1.30927674e+01 3.32508976e-01 2.35119351e-01
9.26281769e+00 1.29795866e+01 2.73209606e-01 1.93188365e-01
9.29464868e+00 1.28674167e+01 2.14446396e-01 1.51636501e-01
9.32647967e+00 1.27565360e+01 1.56255091e-01 1.10489035e-01
9.35831065e+00 1.26472854e+01 9.85820752e-02 6.97080539e-02
9.39014164e+00 1.25398799e+01 4.15167079e-02 2.93567457e-02
9.42197263e+00 1.24345848e+01 1.49588827e-02 1.05775274e-02
9.45380362e+00 1.23316403e+01 7.08983126e-02 5.01326776e-02
9.48563461e+00 1.22312739e+01 1.26194350e-01 8.92328805e-02
9.51746560e+00 1.21336371e+01 1.80954226e-01 1.27953960e-01
9.54929659e+00 1.20389449e+01 2.35088582e-01 1.66232730e-01
9.58112757e+00 1.19473235e+01 2.88633161e-01 2.04094465e-01
9.61295856e+00 1.18588994e+01 3.41587963e-01 2.41539165e-01
9.64478955e+00 1.17737863e+01 3.93970860e-01 2.78579467e-01
9.67662054e+00 1.16920854e+01 4.45746109e-01 3.15190097e-01
9.70845153e+00 1.16138344e+01 4.96931581e-01 3.51383691e-01
9.74028252e+00 1.15390461e+01 5.47545148e-01 3.87172887e-01
9.77211351e+00 1.14678216e+01 5.97551067e-01 4.22532412e-01
9.80394449e+00 1.14000976e+01 6.46967209e-01 4.57474901e-01
9.83577548e+00 1.13358615e+01 6.95811446e-01 4.92012992e-01
9.86760647e+00 1.12750755e+01 7.44030162e-01 5.26108773e-01
9.89943746e+00 1.12176763e+01 7.91676974e-01 5.59800157e-01
9.93126845e+00 1.11635755e+01 8.38662520e-01 5.93023955e-01
9.96309944e+00 1.11126846e+01 8.85040418e-01 6.25818081e-01
9.99493043e+00 1.10648393e+01 9.30757052e-01 6.58144623e-01
1.00267614e+01 1.10199638e+01 9.75776676e-01 6.89978304e-01
1.00585924e+01 1.09778685e+01 1.02015291e+00 7.21357039e-01
1.00904234e+01 1.09384018e+01 1.06377851e+00 7.52205001e-01
1.01222544e+01 1.09013615e+01 1.10668924e+00 7.82547466e-01
1.01540854e+01 1.08665833e+01 1.14879572e+00 8.12321247e-01
1.01859164e+01 1.08338397e+01 1.19009797e+00 8.41526343e-01
1.02177473e+01 1.08029159e+01 1.23054235e+00 8.70124843e-01
1.02495783e+01 1.07735971e+01 1.27011101e+00 8.98104109e-01
1.02814093e+01 1.07456305e+01 1.30876820e+00 9.25438866e-01
1.03132403e+01 1.07188265e+01 1.34646029e+00 9.52091202e-01
1.03450713e+01 1.06928818e+01 1.38315155e+00 9.78035843e-01
1.03769023e+01 1.06675943e+01 1.41873475e+00 1.00319696e+00
1.04087333e+01 1.06426733e+01 1.45322775e+00 1.02758720e+00
1.04405643e+01 1.06179166e+01 1.48655907e+00 1.05115600e+00
1.04723953e+01 1.05930209e+01 1.51869297e+00 1.07387810e+00
1.05042262e+01 1.05677713e+01 1.54954008e+00 1.09569030e+00
1.05360572e+01 1.05419151e+01 1.57906466e+00 1.11656733e+00
1.05678882e+01 1.05151743e+01 1.60719523e+00 1.13645864e+00
1.05997192e+01 1.04873593e+01 1.63391390e+00 1.15535160e+00
1.06315502e+01 1.04582048e+01 1.65913132e+00 1.17318301e+00
1.06633812e+01 1.04274832e+01 1.68277601e+00 1.18990233e+00
1.06952122e+01 1.03950177e+01 1.70484796e+00 1.20550955e+00
1.07270432e+01 1.03605428e+01 1.72525780e+00 1.21994149e+00
1.07588742e+01 1.03238942e+01 1.74395194e+00 1.23316024e+00
1.07907051e+01 1.02848572e+01 1.76087675e+00 1.24512789e+00
1.08225361e+01 1.02432927e+01 1.77597860e+00 1.25580651e+00
1.08543671e+01 1.01989859e+01 1.78923964e+00 1.26518349e+00
1.08861981e+01 1.01518609e+01 1.80058838e+00 1.27320825e+00
1.09180291e+01 1.01017282e+01 1.80997119e+00 1.27984290e+00
1.09498601e+01 1.00484741e+01 1.81737021e+00 1.28507480e+00
1.09816911e+01 9.99198480e+00 1.82269607e+00 1.28884075e+00
1.10135221e+01 9.93218449e+00 1.82594878e+00 1.29114076e+00
1.10453531e+01 9.86899735e+00 1.82712833e+00 1.29197483e+00
1.10771840e+01 9.80233491e+00 1.82614537e+00 1.29127978e+00
1.11090150e+01 9.73218455e+00 1.82301777e+00 1.28906823e+00
1.11408460e+01 9.65850834e+00 1.81769190e+00 1.28530227e+00
1.11726770e+01 9.58128102e+00 1.81016778e+00 1.27998191e+00
1.12045080e+01 9.50054049e+00 1.80039179e+00 1.27306924e+00
1.12363390e+01 9.41626148e+00 1.78839966e+00 1.26458953e+00
1.12681700e+01 9.32849454e+00 1.77415566e+00 1.25451750e+00
1.13000010e+01 9.23730286e+00 1.75764191e+00 1.24284051e+00
1.13318319e+01 9.14276226e+00 1.73892990e+00 1.22960913e+00
1.13636629e+01 9.04489802e+00 1.71794815e+00 1.21477278e+00
1.13954939e+01 8.94383650e+00 1.69476813e+00 1.19838204e+00
1.14273249e+01 8.83972937e+00 1.66935412e+00 1.18041162e+00
1.14591559e+01 8.73265244e+00 1.64174184e+00 1.16088679e+00
1.14909869e+01 8.62271945e+00 1.61194918e+00 1.13982020e+00
1.15228179e+01 8.51011239e+00 1.58004047e+00 1.11725733e+00
1.15546489e+01 8.39497025e+00 1.54599785e+00 1.09318556e+00
1.15864799e+01 8.27745860e+00 1.50987313e+00 1.06764153e+00
1.16183108e+01 8.15775940e+00 1.47173066e+00 1.04067073e+00
1.16501418e+01 8.03606350e+00 1.43160439e+00 1.01229717e+00
1.16819728e+01 7.91256676e+00 1.38952114e+00 9.82539822e-01
1.17138038e+01 7.78744358e+00 1.34558456e+00 9.51471969e-01
1.17456348e+01 7.66093408e+00 1.29980180e+00 9.19098669e-01
1.17774658e+01 7.53320886e+00 1.25228903e+00 8.85502066e-01
1.18092968e+01 7.40451813e+00 1.20304982e+00 8.50684687e-01
1.18411278e+01 7.27507169e+00 1.15221643e+00 8.14740050e-01
1.18729588e+01 7.14506162e+00 1.09984247e+00 7.77706067e-01
1.19047897e+01 7.01474067e+00 1.04599585e+00 7.39630760e-01
1.19366207e+01 6.88432873e+00 9.90765941e-01 7.00577315e-01
1.19684517e+01 6.75403053e+00 9.34252819e-01 6.60616504e-01
1.20002827e+01 6.62409376e+00 8.76535123e-01 6.19803929e-01
1.20321137e+01 6.49471177e+00 8.17732595e-01 5.78224263e-01
1.20639447e+01 6.36610319e+00 7.57914936e-01 5.35926791e-01
1.20957757e+01 6.23848665e+00 6.97191166e-01 4.92988601e-01
1.21276067e+01 6.11205802e+00 6.35670303e-01 4.49486782e-01
1.21594377e+01 5.98702963e+00 5.73452432e-01 4.05492103e-01
1.21912686e+01 5.86357965e+00 5.10657294e-01 3.61089236e-01
1.22230996e+01 5.74192039e+00 4.47417143e-01 3.16371696e-01
1.22549306e+01 5.62221235e+00 3.83794531e-01 2.71383715e-01
1.22867616e+01 5.50462361e+00 3.19966390e-01 2.26250404e-01
1.23185926e+01 5.38933488e+00 2.56027443e-01 1.81038741e-01
1.23504236e+01 5.27647001e+00 1.92099219e-01 1.35834661e-01
1.23822546e+01 5.16620086e+00 1.28303248e-01 9.07240970e-02
1.24140856e+01 5.05864750e+00 6.47556985e-02 4.57891936e-02
1.24459165e+01 4.95393630e+00 1.63171564e-03 1.15379719e-03
1.24777475e+01 4.85216457e+00 6.09739786e-02 4.31151138e-02
1.25095785e+01 4.75345109e+00 1.22929131e-01 8.69240223e-02
1.25414095e+01 4.65787295e+00 1.84088979e-01 1.30170565e-01
1.25732405e+01 4.56551357e+00 2.44357013e-01 1.72786501e-01
1.26050715e+01 4.47641844e+00 3.03554512e-01 2.14645454e-01
1.26369025e+01 4.39067223e+00 3.61576033e-01 2.55672865e-01
1.26687335e+01 4.30830021e+00 4.18292896e-01 2.95777743e-01
1.27005645e+01 4.22930238e+00 4.73565699e-01 3.34861517e-01
1.27323954e+01 4.15375583e+00 5.27253254e-01 3.72824352e-01
1.27642264e+01 4.08162897e+00 5.79250116e-01 4.09591685e-01
1.27960574e+01 4.01291422e+00 6.29413308e-01 4.45062419e-01
1.28278884e+01 3.94762169e+00 6.77642748e-01 4.79165782e-01
1.28597194e+01 3.88569702e+00 7.23775799e-01 5.11786776e-01
1.28915504e+01 3.82711749e+00 7.67708804e-01 5.42852102e-01
1.29233814e+01 3.77184264e+00 8.09320234e-01 5.72275826e-01
1.29552124e+01 3.71981309e+00 8.48511792e-01 5.99988442e-01
1.29870434e+01 3.67095932e+00 8.85160161e-01 6.25902752e-01
1.30188743e+01 3.62521309e+00 9.19165258e-01 6.49947987e-01
1.30507053e+01 3.58247457e+00 9.50393042e-01 6.72029365e-01
1.30825363e+01 3.54268689e+00 9.78795260e-01 6.92112766e-01
1.31143673e+01 3.50573884e+00 1.00425038e+00 7.10112255e-01
1.31461983e+01 3.47153185e+00 1.02667620e+00 7.25969700e-01
1.31780293e+01 3.43995218e+00 1.04598334e+00 7.39621914e-01
1.32098603e+01 3.41089242e+00 1.06210212e+00 7.51019610e-01
1.32416913e+01 3.38424008e+00 1.07496283e+00 7.60113503e-01
1.32735223e+01 3.35987512e+00 1.08450649e+00 7.66861890e-01
1.33053532e+01 3.33767242e+00 1.09067412e+00 7.71223066e-01
1.33371842e+01 3.31751825e+00 1.09342999e+00 7.73171758e-01
1.33690152e+01 3.29926602e+00 1.09270617e+00 7.72659942e-01
1.34008462e+01 3.28280450e+00 1.08849195e+00 7.69680036e-01
1.34326772e+01 3.26799217e+00 1.08074442e+00 7.64201711e-01
1.34645082e+01 3.25471276e+00 1.06945646e+00 7.56219912e-01
1.34963392e+01 3.24284495e+00 1.05463519e+00 7.45739693e-01
1.35281702e+01 3.23225100e+00 1.03625739e+00 7.32744625e-01
1.35600012e+01 3.22281589e+00 1.01435344e+00 7.17256193e-01
1.35918321e+01 3.21441832e+00 9.88926910e-01 6.99276924e-01
1.36236631e+01 3.20693444e+00 9.60009978e-01 6.78829565e-01
1.36554941e+01 3.20026567e+00 9.27652681e-01 6.55949501e-01
1.36873251e+01 3.19428943e+00 8.91888977e-01 6.30660744e-01
1.37191561e+01 3.18890462e+00 8.52772482e-01 6.03001205e-01
1.37509871e+01 3.18400382e+00 8.10362173e-01 5.73012588e-01
1.37828181e+01 3.17951754e+00 7.64774218e-01 5.40777036e-01
1.38146491e+01 3.17532823e+00 7.16049724e-01 5.06323615e-01
1.38464800e+01 3.17136008e+00 6.64288773e-01 4.69723096e-01
1.38783110e+01 3.16753346e+00 6.09596810e-01 4.31050038e-01
1.39101420e+01 3.16379658e+00 5.52107876e-01 3.90399223e-01
1.39419730e+01 3.16005211e+00 4.91895245e-01 3.47822464e-01
1.39738040e+01 3.15627478e+00 4.29141213e-01 3.03448662e-01
1.40056350e+01 3.15238245e+00 3.63933353e-01 2.57339741e-01
1.40374660e+01 3.14834479e+00 2.96432511e-01 2.09609439e-01
1.40692970e+01 3.14411884e+00 2.26792389e-01 1.60366436e-01
1.41011280e+01 3.13965909e+00 1.55173834e-01 1.09724470e-01
1.41329589e+01 3.13497313e+00 8.17376942e-02 5.77972778e-02
1.41647899e+01 3.12999146e+00 6.64303070e-03 4.69733206e-03
1.41966209e+01 3.12474313e+00 6.99260746e-02 4.94452015e-02
1.42284519e+01 3.11918898e+00 1.47771242e-01 1.04490048e-01
1.42602829e+01 3.11333912e+00 2.26735199e-01 1.60325996e-01
1.42921139e+01 3.10719859e+00 3.06632075e-01 2.16821619e-01
1.43239449e+01 3.10075350e+00 3.87238470e-01 2.73818948e-01
1.43557759e+01 3.09402660e+00 4.68379238e-01 3.31194136e-01
1.43876069e+01 3.08703431e+00 5.49856001e-01 3.88806907e-01
1.44194378e+01 3.07979433e+00 6.31475740e-01 4.46520778e-01
1.44512688e+01 3.07231676e+00 7.13016842e-01 5.04179044e-01
1.44830998e+01 3.06463447e+00 7.94289863e-01 5.61647749e-01
1.45149308e+01 3.05678283e+00 8.75112510e-01 6.18797990e-01
1.45467618e+01 3.04877450e+00 9.55259594e-01 6.75470537e-01
1.45785928e+01 3.04064610e+00 1.03453989e+00 7.31530168e-01
1.46104238e+01 3.03241914e+00 1.11275500e+00 7.86836609e-01
1.46422548e+01 3.02414415e+00 1.18972623e+00 8.41263485e-01
1.46740858e+01 3.01584186e+00 1.26525268e+00 8.94668751e-01
1.47059167e+01 3.00755500e+00 1.33917029e+00 9.46936396e-01
1.47377477e+01 2.99930175e+00 1.41127461e+00 9.97921847e-01
1.47695787e+01 2.99111067e+00 1.48138941e+00 1.04750050e+00
1.48014097e+01 2.98301576e+00 1.54935225e+00 1.09555748e+00
1.48332407e+01 2.97504850e+00 1.61501495e+00 1.14198802e+00
1.48650717e+01 2.96723907e+00 1.67822400e+00 1.18668357e+00
1.48969027e+01 2.95959709e+00 1.73881570e+00 1.22952837e+00
1.49287337e+01 2.95214215e+00 1.79665153e+00 1.27042448e+00
1.49605647e+01 2.94488574e+00 1.85159728e+00 1.30927699e+00
1.49923956e+01 2.93785149e+00 1.90354445e+00 1.34600919e+00
1.50242266e+01 2.93105218e+00 1.95238565e+00 1.38054513e+00
1.50560576e+01 2.92448334e+00 1.99800921e+00 1.41280586e+00
1.50878886e+01 2.91813464e+00 2.04030465e+00 1.44271326e+00
1.51197196e+01 2.91203132e+00 2.07922913e+00 1.47023702e+00
1.51515506e+01 2.90613308e+00 2.11466806e+00 1.49529613e+00
1.51833816e+01 2.90046417e+00 2.14660860e+00 1.51788150e+00
1.52152126e+01 2.89497421e+00 2.17495756e+00 1.53792724e+00
1.52470435e+01 2.88965815e+00 2.19969709e+00 1.55542073e+00
1.52788745e+01 2.88448212e+00 2.22078572e+00 1.57033264e+00
1.53107055e+01 2.87942538e+00 2.23822059e+00 1.58266096e+00
1.53425365e+01 2.87445091e+00 2.25199331e+00 1.59239974e+00
1.53743675e+01 2.86951738e+00 2.26210512e+00 1.59954987e+00
1.54061985e+01 2.86458689e+00 2.26857390e+00 1.60412399e+00
1.54380295e+01 2.85960496e+00 2.27141948e+00 1.60613612e+00
1.54698605e+01 2.85453419e+00 2.27069477e+00 1.60562367e+00
1.55016915e+01 2.84930912e+00 2.26643158e+00 1.60260914e+00
1.55335224e+01 2.84388425e+00 2.25869782e+00 1.59714054e+00
1.55653534e+01 2.83819564e+00 2.24755890e+00 1.58926414e+00
1.55971844e+01 2.83217567e+00 2.23307470e+00 1.57902226e+00
1.56290154e+01 2.82577494e+00 2.21535798e+00 1.56649465e+00
1.56608464e+01 2.81892028e+00 2.19448722e+00 1.55173679e+00
1.56926774e+01 2.81155784e+00 2.17058142e+00 1.53483284e+00
1.57245084e+01 2.80360510e+00 2.14372513e+00 1.51584258e+00
1.57563394e+01 2.79500205e+00 2.11405328e+00 1.49486141e+00
1.57881704e+01 2.78568839e+00 2.08169402e+00 1.47197996e+00
1.58200013e+01 2.77558894e+00 2.04676798e+00 1.44728352e+00
1.58518323e+01 2.76464252e+00 2.00941170e+00 1.42086864e+00
1.58836633e+01 2.75278040e+00 1.96976887e+00 1.39283693e+00
1.59154943e+01 2.73994317e+00 1.92798069e+00 1.36328822e+00
1.59473253e+01 2.72607562e+00 1.88421104e+00 1.33233840e+00
1.59791563e+01 2.71111531e+00 1.83860539e+00 1.30009034e+00
1.60109873e+01 2.69500296e+00 1.79130476e+00 1.26664374e+00
1.60428183e+01 2.67770144e+00 1.74249751e+00 1.23213181e+00
1.60746493e+01 2.65914060e+00 1.69230787e+00 1.19664237e+00
1.61064802e+01 2.63930261e+00 1.64092902e+00 1.16031204e+00
1.61383112e+01 2.61812405e+00 1.58849001e+00 1.12323206e+00
1.61701422e+01 2.59559202e+00 1.53518063e+00 1.08553663e+00
1.62019732e+01 2.57166192e+00 1.48113903e+00 1.04732345e+00
1.62338042e+01 2.54631705e+00 1.42653178e+00 1.00871029e+00
1.62656352e+01 2.51953202e+00 1.37151276e+00 9.69805970e-01
1.62974662e+01 2.49130076e+00 1.31623709e+00 9.30720174e-01
1.63292972e+01 2.46160736e+00 1.26084884e+00 8.91554762e-01
1.63611281e+01 2.43046671e+00 1.20551991e+00 8.52431306e-01
1.63929591e+01 2.39786287e+00 1.15035511e+00 8.13423900e-01
1.64247901e+01 2.36381958e+00 1.09552099e+00 7.74650324e-01
1.64566211e+01 2.32834488e+00 1.04113489e+00 7.36193544e-01
1.64884521e+01 2.29147549e+00 9.87345039e-01 6.98158373e-01
1.65202831e+01 2.25322241e+00 9.34253820e-01 6.60617211e-01
1.65521141e+01 2.21363048e+00 8.81987269e-01 6.23659179e-01
1.65839451e+01 2.17273799e+00 8.30652101e-01 5.87359734e-01
1.66157761e+01 2.13058926e+00 7.80357192e-01 5.51795862e-01
1.66476070e+01 2.08723985e+00 7.31199122e-01 5.17035858e-01
1.66794380e+01 2.04274258e+00 6.83267609e-01 4.83143160e-01
1.67112690e+01 1.99716443e+00 6.36650226e-01 4.50179692e-01
1.67431000e+01 1.95056922e+00 5.91417568e-01 4.18195373e-01
1.67749310e+01 1.90302747e+00 5.47641479e-01 3.87241003e-01
1.68067620e+01 1.85461955e+00 5.05387014e-01 3.57362585e-01
1.68385930e+01 1.80541964e+00 4.64702963e-01 3.28594617e-01
1.68704240e+01 1.75551545e+00 4.25644016e-01 3.00975770e-01
1.69022550e+01 1.70498861e+00 3.88244843e-01 2.74530561e-01
1.69340859e+01 1.65393188e+00 3.52538687e-01 2.49282496e-01
1.69659169e+01 1.60243512e+00 3.18551105e-01 2.25249646e-01
1.69977479e+01 1.55059285e+00 2.86303900e-01 2.02447429e-01
1.70295789e+01 1.49849783e+00 2.55802792e-01 1.80879889e-01
1.70614099e+01 1.44624952e+00 2.27056538e-01 1.60553217e-01
1.70932409e+01 1.39394182e+00 2.00066388e-01 1.41468300e-01
1.71250719e+01 1.34167165e+00 1.74817510e-01 1.23614647e-01
1.71569029e+01 1.28953682e+00 1.51300609e-01 1.06985687e-01
1.71887339e+01 1.23763162e+00 1.29492095e-01 9.15647387e-02
1.72205648e+01 1.18605309e+00 1.09369807e-01 7.73361319e-02
1.72523958e+01 1.13489324e+00 9.08994290e-02 6.42756026e-02
1.72842268e+01 1.08424357e+00 7.40502225e-02 5.23614145e-02
1.73160578e+01 1.03419379e+00 5.87771496e-02 4.15617211e-02
1.73478888e+01 9.84829598e-01 4.50391048e-02 3.18474564e-02
1.73797198e+01 9.36234389e-01 3.27856888e-02 2.31829829e-02
1.74115508e+01 8.88488543e-01 2.19654303e-02 1.55319047e-02
1.74433818e+01 8.41667882e-01 1.25200665e-02 8.85302395e-03
1.74752128e+01 7.95845832e-01 4.39651750e-03 3.10880734e-03
1.75070437e+01 7.51089621e-01 2.46991349e-03 1.74649258e-03
1.75388747e+01 7.07462439e-01 8.14356570e-03 5.75837053e-03
1.75707057e+01 6.65023680e-01 1.26862763e-02 8.97055203e-03
1.76025367e+01 6.23826170e-01 1.61634570e-02 1.14292901e-02
1.76343677e+01 5.83919952e-01 1.86458809e-02 1.31846288e-02
1.76661987e+01 5.45347109e-01 2.02023553e-02 1.42852225e-02
1.76980297e+01 5.08147323e-01 2.08968621e-02 1.47763129e-02
1.77298607e+01 4.72350164e-01 2.08037489e-02 1.47104719e-02
1.77616916e+01 4.37985535e-01 1.99883200e-02 1.41338766e-02
1.77935226e+01 4.05074790e-01 1.85204551e-02 1.30959394e-02
1.78253536e+01 3.73632793e-01 1.64667095e-02 1.16437219e-02
1.78571846e+01 3.43670993e-01 1.38942821e-02 9.82474107e-03
1.78890156e+01 3.15191992e-01 1.08670832e-02 7.68418821e-03
1.79208466e+01 2.88201087e-01 7.45089973e-03 5.26858173e-03
1.79526776e+01 2.62687249e-01 3.70464862e-03 2.61958216e-03
1.79845086e+01 2.38644489e-01 3.11191227e-04 2.20045427e-04
1.80163396e+01 2.16055399e-01 4.53786732e-03 3.20875675e-03
1.80481705e+01 1.94900179e-01 8.92075025e-03 6.30792300e-03
1.80800015e+01 1.75155114e-01 1.34072981e-02 9.48039138e-03
1.81118325e+01 1.56791144e-01 1.79477461e-02 1.26909730e-02
1.81436635e+01 1.39775857e-01 2.24946030e-02 1.59060864e-02
1.81754945e+01 1.24072893e-01 2.70040002e-02 1.90947117e-02
1.82073255e+01 1.09642213e-01 3.14346890e-02 2.22276818e-02
1.82391565e+01 9.64414970e-02 3.57483697e-02 2.52779146e-02
1.82709875e+01 8.44244401e-02 3.99103705e-02 2.82208936e-02
1.83028185e+01 7.35428436e-02 4.38887721e-02 3.10340483e-02
1.83346494e+01 6.37460691e-02 4.76547825e-02 3.36970199e-02
1.83664804e+01 5.49818989e-02 5.11832022e-02 3.61919894e-02
1.83983114e+01 4.71962575e-02 5.44518164e-02 3.85032486e-02
1.84301424e+01 4.03337169e-02 5.74415377e-02 4.06173008e-02
1.84619734e+01 3.43381039e-02 6.01363706e-02 4.25228354e-02
1.84938044e+01 2.91526904e-02 6.25232882e-02 4.42106410e-02
1.85256354e+01 2.47204566e-02 6.45926044e-02 4.56738686e-02
1.85574664e+01 2.09839781e-02 6.63372778e-02 4.69075390e-02
1.85892974e+01 1.78868541e-02 6.77530655e-02 4.79086520e-02
1.86211283e+01 1.53726858e-02 6.88386157e-02 4.86762519e-02
1.86529593e+01 1.33862464e-02 6.95950848e-02 4.92111564e-02
1.86847903e+01 1.18734451e-02 7.00257290e-02 4.95156678e-02
1.87166213e+01 1.07814955e-02 7.01368930e-02 4.95942726e-02
1.87484523e+01 1.00595445e-02 6.99365834e-02 4.94526323e-02
1.87802833e+01 9.65792702e-03 6.94349872e-02 4.90979503e-02
1.88121143e+01 9.52994779e-03 6.86443825e-02 4.85389084e-02
1.88439453e+01 9.63065545e-03 6.75785130e-02 4.77852248e-02
1.88757763e+01 9.91753771e-03 6.62529630e-02 4.68479194e-02
1.89076072e+01 1.03505845e-02 6.46845322e-02 4.57388713e-02
1.89394382e+01 1.08927933e-02 6.28917002e-02 4.44711477e-02
1.89712692e+01 1.15095883e-02 6.08933401e-02 4.30580937e-02
1.90031002e+01 1.21697675e-02 5.87101653e-02 4.15143560e-02
1.90349312e+01 1.28446694e-02 5.63630147e-02 3.98546699e-02
1.90667622e+01 1.35088926e-02 5.38736922e-02 3.80944531e-02
1.90985932e+01 1.41398541e-02 5.12641625e-02 3.62492369e-02
1.91304242e+01 1.47184550e-02 4.85572177e-02 3.43351379e-02
1.91622551e+01 1.52280960e-02 4.57751174e-02 3.23678959e-02
1.91940861e+01 1.56557654e-02 4.29408382e-02 3.03637579e-02
1.92259171e+01 1.59910263e-02 4.00767537e-02 2.83385443e-02
1.92577481e+01 1.62266094e-02 3.72051897e-02 2.63080420e-02
1.92895791e+01 1.63579882e-02 3.43479538e-02 2.42876710e-02
1.93214101e+01 1.63834526e-02 3.15263725e-02 2.22925118e-02
1.93532411e+01 1.63039505e-02 2.87611239e-02 2.03371857e-02
1.93850721e+01 1.61229446e-02 2.60721172e-02 1.84357709e-02
1.94169031e+01 1.58463745e-02 2.34784400e-02 1.66017641e-02
1.94487340e+01 1.54824292e-02 2.09981429e-02 1.48479292e-02
1.94805650e+01 1.50414209e-02 1.86482758e-02 1.31863222e-02
1.95123960e+01 1.45356963e-02 1.64446911e-02 1.16281526e-02
1.95442270e+01 1.39793588e-02 1.44021513e-02 1.01838589e-02
1.95760580e+01 1.33881736e-02 1.25339978e-02 8.86287482e-03
1.96078890e+01 1.27794059e-02 1.08523084e-02 7.67374085e-03
1.96397200e+01 1.21716101e-02 9.36780280e-03 6.62403689e-03
1.96715510e+01 1.15843973e-02 8.08967011e-03 5.72026060e-03
1.97033820e+01 1.10384485e-02 7.02580117e-03 4.96799165e-03
1.97352129e+01 1.05550833e-02 6.18246869e-03 4.37166553e-03
1.97670439e+01 1.01562474e-02 5.56448811e-03 3.93468728e-03
1.97988749e+01 9.86429117e-03 5.17518721e-03 3.65940997e-03
1.98307059e+01 9.70178597e-03 5.01636498e-03 3.54710570e-03
1.98625369e+01 9.69138209e-03 5.08833097e-03 3.59799333e-03
1.98943679e+01 9.85556376e-03 5.38989811e-03 3.81123351e-03
1.99261989e+01 1.02166404e-02 5.91840956e-03 4.18494753e-03
1.99580299e+01 1.07964329e-02 6.66980299e-03 4.71626293e-03
1.99898609e+01 1.16162103e-02 7.63855596e-03 5.40127472e-03
2.00216918e+01 1.26965461e-02 8.81784136e-03 6.23515542e-03
2.00535228e+01 1.40572812e-02 1.01995810e-02 7.21219291e-03
2.00853538e+01 1.57170557e-02 1.17742492e-02 8.32565143e-03
2.01171848e+01 1.76936758e-02 1.35312119e-02 9.56801172e-03
2.01490158e+01 2.00037345e-02 1.54588347e-02 1.09310468e-02
2.01808468e+01 2.26624156e-02 1.75441512e-02 1.24055883e-02
2.02126778e+01 2.56837202e-02 1.97734375e-02 1.39819318e-02
2.02445088e+01 2.90801326e-02 2.21318260e-02 1.56495643e-02
2.02763397e+01 3.28628017e-02 2.46039789e-02 1.73976403e-02
2.03081707e+01 3.70410342e-02 2.71732672e-02 1.92144015e-02
2.03400017e+01 4.16229482e-02 2.98229561e-02 2.10880145e-02
2.03718327e+01 4.66146805e-02 3.25352875e-02 2.30059224e-02
2.04036637e+01 5.20209457e-02 3.52922632e-02 2.49553986e-02
2.04354947e+01 5.78445165e-02 3.80753070e-02 2.69233078e-02
2.04673257e+01 6.40868500e-02 4.08655586e-02 2.88963136e-02
2.04991567e+01 7.07474697e-02 4.36440326e-02 3.08609914e-02
2.05309877e+01 7.78244548e-02 4.63916416e-02 3.28038443e-02
2.05628186e+01 8.53137991e-02 4.90893876e-02 3.47114388e-02
2.05946496e+01 9.32104352e-02 5.17179868e-02 3.65701391e-02
2.06264806e+01 1.01507084e-01 5.42580658e-02 3.83662463e-02
2.06583116e+01 1.10195391e-01 5.66914131e-02 4.00868827e-02
2.06901426e+01 1.19265425e-01 5.89999065e-02 4.17192340e-02
2.07219736e+01 1.28705180e-01 6.11647803e-02 4.32500309e-02
2.07538046e+01 1.38501954e-01 6.31693242e-02 4.46674575e-02
2.07856356e+01 1.48641304e-01 6.49964347e-02 4.59594197e-02
2.08174666e+01 1.59107483e-01 6.66297767e-02 4.71143669e-02
2.08492975e+01 1.69883759e-01 6.80540518e-02 4.81214815e-02
2.08811285e+01 1.80951581e-01 6.92547478e-02 4.89705018e-02
2.09129595e+01 1.92292396e-01 7.02191400e-02 4.96524301e-02
2.09447905e+01 2.03883799e-01 7.09310184e-02 5.01558041e-02
2.09766215e+01 2.15707832e-01 7.13839670e-02 5.04760871e-02
2.10084525e+01 2.27738967e-01 7.15622583e-02 5.06021581e-02
2.10402835e+01 2.39955948e-01 7.14594941e-02 5.05294929e-02
2.10721145e+01 2.52333803e-01 7.10655948e-02 5.02509640e-02
2.11039455e+01 2.64849533e-01 7.03751985e-02 4.97627801e-02
2.11357764e+01 2.77477888e-01 6.93815498e-02 4.90601644e-02
2.11676074e+01 2.90191153e-01 6.80808419e-02 4.81404250e-02
2.11994384e+01 3.02965053e-01 6.64673379e-02 4.69995053e-02
2.12312694e+01 3.15771911e-01 6.45430036e-02 4.56387955e-02
2.12631004e+01 3.28586415e-01 6.23056409e-02 4.40567412e-02
2.12949314e+01 3.41379991e-01 5.97534446e-02 4.22520659e-02
2.13267624e+01 3.54126771e-01 5.68941534e-02 4.02302417e-02
2.13585934e+01 3.66798725e-01 5.37270880e-02 3.79907883e-02
2.13904244e+01 3.79367647e-01 5.02581124e-02 3.55378521e-02
2.14222553e+01 3.91808785e-01 4.64944003e-02 3.28765058e-02
2.14540863e+01 4.04094176e-01 4.24432293e-02 3.00118952e-02
2.14859173e+01 4.16197041e-01 3.81128383e-02 2.69498464e-02
2.15177483e+01 4.28089771e-01 3.35152963e-02 2.36988933e-02
2.15495793e+01 4.39748203e-01 2.86603971e-02 2.02659612e-02
2.15814103e+01 4.51145179e-01 2.35612053e-02 1.66602881e-02
2.16132413e+01 4.62255374e-01 1.82308747e-02 1.28911751e-02
2.16450723e+01 4.73054575e-01 1.26869912e-02 8.97105752e-03
2.16769032e+01 4.83520640e-01 6.94399556e-03 4.91014635e-03
2.17087342e+01 4.93628940e-01 1.01745423e-03 7.19448787e-04
2.17405652e+01 5.03355210e-01 5.07297354e-03 3.58713399e-03
2.17723962e+01 5.12680621e-01 1.13106668e-02 7.99784918e-03
2.18042272e+01 5.21584700e-01 1.76731067e-02 1.24967736e-02
2.18360582e+01 5.30045206e-01 2.41431363e-02 1.70717754e-02
2.18678892e+01 5.38045961e-01 3.06985941e-02 2.17071840e-02
2.18997202e+01 5.45570160e-01 3.73178550e-02 2.63877083e-02
2.19315512e+01 5.52597075e-01 4.39805449e-02 3.10989415e-02
2.19633821e+01 5.59116851e-01 5.06648600e-02 3.58254661e-02
2.19952131e+01 5.65113058e-01 5.73468517e-02 4.05503477e-02
2.20270441e+01 5.70572932e-01 6.40045375e-02 4.52580425e-02
2.20588751e+01 5.75488386e-01 7.06164708e-02 4.99333854e-02
2.20907061e+01 5.79846151e-01 7.71606693e-02 5.45608325e-02
2.21225371e+01 5.83640665e-01 8.36146140e-02 5.91244605e-02
2.21543681e+01 5.86864599e-01 8.99547139e-02 6.36075882e-02
2.21861991e+01 5.89513404e-01 9.61641693e-02 6.79983362e-02
2.22180301e+01 5.91584047e-01 1.02216530e-01 7.22780013e-02
2.22498610e+01 5.93075769e-01 1.08093208e-01 7.64334404e-02
2.22816920e+01 5.93986801e-01 1.13776332e-01 8.04520162e-02
2.23135230e+01 5.94320808e-01 1.19241418e-01 8.43164154e-02
2.23453540e+01 5.94081708e-01 1.24477206e-01 8.80186764e-02
2.23771850e+01 5.93274682e-01 1.29460283e-01 9.15422441e-02
2.24090160e+01 5.91907186e-01 1.34179391e-01 9.48791570e-02
2.24408470e+01 5.89989077e-01 1.38615227e-01 9.80157667e-02
2.24726780e+01 5.87529960e-01 1.42754208e-01 1.00942469e-01
2.25045090e+01 5.84544620e-01 1.46581859e-01 1.03649027e-01
2.25363399e+01 5.81046580e-01 1.50090495e-01 1.06130007e-01
2.25681709e+01 5.77052774e-01 1.53266889e-01 1.08376057e-01
2.26000019e+01 5.72582031e-01 1.56104788e-01 1.10382754e-01
2.26318329e+01 5.67654571e-01 1.58590965e-01 1.12140747e-01
2.26636639e+01 5.62291373e-01 1.60723991e-01 1.13649024e-01
2.26954949e+01 5.56514552e-01 1.62497253e-01 1.14902909e-01
2.27273259e+01 5.50352036e-01 1.63907713e-01 1.15900255e-01
2.27591569e+01 5.43829986e-01 1.64955549e-01 1.16641187e-01
2.27909879e+01 5.36975698e-01 1.65636116e-01 1.17122421e-01
2.28228188e+01 5.29818616e-01 1.65954238e-01 1.17347367e-01
2.28546498e+01 5.22390336e-01 1.65911702e-01 1.17317290e-01
2.28864808e+01 5.14720681e-01 1.65513514e-01 1.17035728e-01
2.29183118e+01 5.06844404e-01 1.64766285e-01 1.16507357e-01
2.29501428e+01 4.98797395e-01 1.63675734e-01 1.15736221e-01
2.29819738e+01 4.90612259e-01 1.62249010e-01 1.14727375e-01
2.30138048e+01 4.82325139e-01 1.60499697e-01 1.13490424e-01
2.30456358e+01 4.73973063e-01 1.58437623e-01 1.12032317e-01
2.30774667e+01 4.65593943e-01 1.56075656e-01 1.10362155e-01
2.31092977e+01 4.57222405e-01 1.53427737e-01 1.08489794e-01
2.31411287e+01 4.48898004e-01 1.50509772e-01 1.06426481e-01
2.31729597e+01 4.40656758e-01 1.47334093e-01 1.04180936e-01
2.32047907e+01 4.32539485e-01 1.43922681e-01 1.01768704e-01
2.32366217e+01 4.24579801e-01 1.40289478e-01 9.91996409e-02
2.32684527e+01 4.16816629e-01 1.36454856e-01 9.64881544e-02
2.33002837e+01 4.09284090e-01 1.32436690e-01 9.36468814e-02
2.33321147e+01 4.02020349e-01 1.28256424e-01 9.06909869e-02
2.33639456e+01 3.95059527e-01 1.23931573e-01 8.76328557e-02
2.33957766e+01 3.88433976e-01 1.19488231e-01 8.44909383e-02
2.34276076e+01 3.82176301e-01 1.14938550e-01 8.12738282e-02
2.34594386e+01 3.76317589e-01 1.10309339e-01 7.80004815e-02
2.34912696e+01 3.70886528e-01 1.05620435e-01 7.46849259e-02
2.35231006e+01 3.65913865e-01 1.00891623e-01 7.13411508e-02
2.35549316e+01 3.61422320e-01 9.61418829e-02 6.79825774e-02
2.35867626e+01 3.57437209e-01 9.13904628e-02 6.46228160e-02
2.36185936e+01 3.53978799e-01 8.66572364e-02 6.12759195e-02
2.36504245e+01 3.51068592e-01 8.19643436e-02 5.79575432e-02
2.36822555e+01 3.48723310e-01 7.73243055e-02 5.46765408e-02
2.37140865e+01 3.46957659e-01 7.27547868e-02 5.14454031e-02
2.37459175e+01 3.45782947e-01 6.82732521e-02 4.82764795e-02
2.37777485e+01 3.45209498e-01 6.38931948e-02 4.51793113e-02
2.38095795e+01 3.45244036e-01 5.96280187e-02 4.21633764e-02
2.38414105e+01 3.45891048e-01 5.54888226e-02 3.92365228e-02
2.38732415e+01 3.47152528e-01 5.14883670e-02 3.64077735e-02
2.39050725e+01 3.49022657e-01 4.76341457e-02 3.36824274e-02
2.39369034e+01 3.51501227e-01 4.39344458e-02 3.10663446e-02
2.39687344e+01 3.54580076e-01 4.03923790e-02 2.85617251e-02
2.40005654e+01 3.58248253e-01 3.70164076e-02 2.61745528e-02
2.40323964e+01 3.62490019e-01 3.38053592e-02 2.39039987e-02
2.40642274e+01 3.67293151e-01 3.07616108e-02 2.17517436e-02
2.40960584e+01 3.72635169e-01 2.78819633e-02 1.97155253e-02
2.41278894e+01 3.78497508e-01 2.51662559e-02 1.77952302e-02
2.41597204e+01 3.84853667e-01 2.26056062e-02 1.59845774e-02
2.41915513e+01 3.91677246e-01 2.01959214e-02 1.42806730e-02
2.42233823e+01 3.98937954e-01 1.79258171e-02 1.26754668e-02
2.42552133e+01 4.06604071e-01 1.57872509e-02 1.11632722e-02
2.42870443e+01 4.14642107e-01 1.37668188e-02 9.73461094e-03
2.43188753e+01 4.23015288e-01 1.18486147e-02 8.37823577e-03
2.43507063e+01 4.31685195e-01 1.00190557e-02 7.08454224e-03
2.43825373e+01 4.40612148e-01 8.25991257e-03 5.84064019e-03
2.44143683e+01 4.49753306e-01 6.54991747e-03 4.63149106e-03
2.44461993e+01 4.59065953e-01 4.87262817e-03 3.44546842e-03
2.44780302e+01 4.68506870e-01 3.20087920e-03 2.26336339e-03
2.45098612e+01 4.78029930e-01 1.51447517e-03 1.07089566e-03
2.45416922e+01 4.87587112e-01 2.12319625e-04 1.50132647e-04
2.45735232e+01 4.97134057e-01 2.00684939e-03 1.41905681e-03
2.46053542e+01 5.06622491e-01 3.89163286e-03 2.75179999e-03
2.46371852e+01 5.16005023e-01 5.89758865e-03 4.17022493e-03
2.46690162e+01 5.25232241e-01 8.05241839e-03 5.69391965e-03
2.47008472e+01 5.34259788e-01 1.03838237e-02 7.34247215e-03
2.47326782e+01 5.43038756e-01 1.29227232e-02 9.13774520e-03
2.47645091e+01 5.51524537e-01 1.56946739e-02 1.10978103e-02
2.47963401e+01 5.59672139e-01 1.87339900e-02 1.32469314e-02
2.48281711e+01 5.67435817e-01 2.20660498e-02 1.56030535e-02
2.48600021e+01 5.74775003e-01 2.57206997e-02 1.81872812e-02
2.48918331e+01 5.81649638e-01 2.97285007e-02 2.10212244e-02
2.49236641e+01 5.88017891e-01 3.41132226e-02 2.41216911e-02
2.49554951e+01 5.93843872e-01 3.89059629e-02 2.75106702e-02
2.49873261e+01 5.99092069e-01 4.41319209e-02 3.12059806e-02
2.50191571e+01 6.03731143e-01 4.98154028e-02 3.52248091e-02
2.50509880e+01 6.07730130e-01 5.59787484e-02 3.95829526e-02
2.50828190e+01 6.11061609e-01 6.26485871e-02 4.42992408e-02
2.51146500e+01 6.13701821e-01 6.98402889e-02 4.93845419e-02
2.51464810e+01 6.15627133e-01 7.75754789e-02 5.48541472e-02
2.51783120e+01 6.16819727e-01 8.58732801e-02 6.07215787e-02
2.52101430e+01 6.17266435e-01 9.47476686e-02 6.69967190e-02
2.52419740e+01 6.16952407e-01 1.04207133e-01 7.36855707e-02
2.52738050e+01 6.15868886e-01 1.14267279e-01 8.07991676e-02
2.53056360e+01 6.14010705e-01 1.24937553e-01 8.83441912e-02
2.53374669e+01 6.11376092e-01 1.36220465e-01 9.63224145e-02
2.53692979e+01 6.07964555e-01 1.48119568e-01 1.04736351e-01
2.54011289e+01 6.03782577e-01 1.60639635e-01 1.13589375e-01
2.54329599e+01 5.98836667e-01 1.73774320e-01 1.22877000e-01
2.54647909e+01 5.93139209e-01 1.87520765e-01 1.32597204e-01
2.54966219e+01 5.86703219e-01 2.01872713e-01 1.42745565e-01
2.55284529e+01 5.79546896e-01 2.16818371e-01 1.53313740e-01
2.55602839e+01 5.71693367e-01 2.32346835e-01 1.64294023e-01
2.55921148e+01 5.63163355e-01 2.48441306e-01 1.75674532e-01
2.56239458e+01 5.53985170e-01 2.65081767e-01 1.87441115e-01
2.56557768e+01 5.44188990e-01 2.82253349e-01 1.99583257e-01
2.56876078e+01 5.33805207e-01 2.99923614e-01 2.12078022e-01
2.57194388e+01 5.22871696e-01 3.18074279e-01 2.24912480e-01
2.57512698e+01 5.11421500e-01 3.36672365e-01 2.38063312e-01
2.57831008e+01 4.99496017e-01 3.55683484e-01 2.51506204e-01
2.58149318e+01 4.87138142e-01 3.75081080e-01 2.65222375e-01
2.58467628e+01 4.74385422e-01 3.94823892e-01 2.79182651e-01
2.58785937e+01 4.61288118e-01 4.14876480e-01 2.93361972e-01
2.59104247e+01 4.47889790e-01 4.35196791e-01 3.07730602e-01
2.59422557e+01 4.34236187e-01 4.55742289e-01 3.22258463e-01
2.59740867e+01 4.20376972e-01 4.76472405e-01 3.36916869e-01
2.60059177e+01 4.06360421e-01 4.97337455e-01 3.51670687e-01
2.60377487e+01 3.92233166e-01 5.18292580e-01 3.66488198e-01
2.60695797e+01 3.78045126e-01 5.39290419e-01 3.81335912e-01
2.61014107e+01 3.63846343e-01 5.60283790e-01 3.96180467e-01
2.61332417e+01 3.49684336e-01 5.81218362e-01 4.10983445e-01
2.61650726e+01 3.35609400e-01 6.02047310e-01 4.25711736e-01
2.61969036e+01 3.21666399e-01 6.22716125e-01 4.40326795e-01
2.62287346e+01 3.07903103e-01 6.43174408e-01 4.54792986e-01
2.62605656e+01 2.94364120e-01 6.63374440e-01 4.69076565e-01
2.62923966e+01 2.81094315e-01 6.83261712e-01 4.83138990e-01
2.63242276e+01 2.68135265e-01 7.02784215e-01 4.96943484e-01
2.63560586e+01 2.55527534e-01 7.21895662e-01 5.10457318e-01
2.63878896e+01 2.43310932e-01 7.40541543e-01 5.23641947e-01
2.64197206e+01 2.31520212e-01 7.58674497e-01 5.36463882e-01
2.64515515e+01 2.20192021e-01 7.76249844e-01 5.48891529e-01
2.64833825e+01 2.09355427e-01 7.93215755e-01 5.60888239e-01
2.65152135e+01 1.99042021e-01 8.09534698e-01 5.72427475e-01
2.65470445e+01 1.89275817e-01 8.25158420e-01 5.83475115e-01
2.65788755e+01 1.80085374e-01 8.40046530e-01 5.94002598e-01
2.66107065e+01 1.71486868e-01 8.54161853e-01 6.03983639e-01
2.66425375e+01 1.63501024e-01 8.67464357e-01 6.13389929e-01
2.66743685e+01 1.56141997e-01 8.79919727e-01 6.22197206e-01
2.67061995e+01 1.49422044e-01 8.91495614e-01 6.30382594e-01
2.67380304e+01 1.43350266e-01 9.02163782e-01 6.37926128e-01
2.67698614e+01 1.37933611e-01 9.11896170e-01 6.44807966e-01
2.68016924e+01 1.33172966e-01 9.20665435e-01 6.51008773e-01
2.68335234e+01 1.29069340e-01 9.28456565e-01 6.56517933e-01
2.68653544e+01 1.25619701e-01 9.35244538e-01 6.61317755e-01
2.68971854e+01 1.22819121e-01 9.41015592e-01 6.65398507e-01
2.69290164e+01 1.20654835e-01 9.45758112e-01 6.68751974e-01
2.69608474e+01 1.19119893e-01 9.49460838e-01 6.71370197e-01
2.69926783e+01 1.18196299e-01 9.52117621e-01 6.73248826e-01
2.70245093e+01 1.17867233e-01 9.53726478e-01 6.74386460e-01
2.70563403e+01 1.18114585e-01 9.54283960e-01 6.74780660e-01
2.70881713e+01 1.18916556e-01 9.53795697e-01 6.74435405e-01
2.71200023e+01 1.20247025e-01 9.52263350e-01 6.73351872e-01
2.71518333e+01 1.22081145e-01 9.49698107e-01 6.71537971e-01
2.71836643e+01 1.24390041e-01 9.46112925e-01 6.69002865e-01
2.72154953e+01 1.27144034e-01 9.41520825e-01 6.65755760e-01
2.72473263e+01 1.30311081e-01 9.35939241e-01 6.61808984e-01
2.72791572e+01 1.33859393e-01 9.29386678e-01 6.57175623e-01
2.73109882e+01 1.37754412e-01 9.21885558e-01 6.51871530e-01
2.73428192e+01 1.41959517e-01 9.13463010e-01 6.45915889e-01
2.73746502e+01 1.46439738e-01 9.04142393e-01 6.39325217e-01
2.74064812e+01 1.51157163e-01 8.93957306e-01 6.32123273e-01
2.74383122e+01 1.56075777e-01 8.82937239e-01 6.24330909e-01
2.74701432e+01 1.61157792e-01 8.71114181e-01 6.15970745e-01
2.75019742e+01 1.66365676e-01 8.58526916e-01 6.07070204e-01
2.75338052e+01 1.71661517e-01 8.45211187e-01 5.97654562e-01
2.75656361e+01 1.77008413e-01 8.31204883e-01 5.87750609e-01
2.75974671e+01 1.82368325e-01 8.16547501e-01 5.77386275e-01
2.76292981e+01 1.87706628e-01 8.01280862e-01 5.66591131e-01
2.76611291e+01 1.92986419e-01 7.85442855e-01 5.55391969e-01
2.76929601e+01 1.98175347e-01 7.69082806e-01 5.43823667e-01
2.77247911e+01 2.03237900e-01 7.52240212e-01 5.31914155e-01
2.77566221e+01 2.08142992e-01 7.34959038e-01 5.19694520e-01
2.77884531e+01 2.12860544e-01 7.17285396e-01 5.07197367e-01
2.78202841e+01 2.17360606e-01 6.99261640e-01 4.94452647e-01
2.78521150e+01 2.21615880e-01 6.80933523e-01 4.81492712e-01
2.78839460e+01 2.25600588e-01 6.62344654e-01 4.68348396e-01
2.79157770e+01 2.29289959e-01 6.43537210e-01 4.55049525e-01
2.79476080e+01 2.32663520e-01 6.24558016e-01 4.41629208e-01
2.79794390e+01 2.35701684e-01 6.05449071e-01 4.28117144e-01
2.80112700e+01 2.38385368e-01 5.86251660e-01 4.14542524e-01
2.80431010e+01 2.40697118e-01 5.67004764e-01 4.00932914e-01
2.80749320e+01 2.42627462e-01 5.47753947e-01 3.87320531e-01
2.81067630e+01 2.44161684e-01 5.28534321e-01 3.73730202e-01
2.81385939e+01 2.45290838e-01 5.09383555e-01 3.60188566e-01
2.81704249e+01 2.46008391e-01 4.90339486e-01 3.46722375e-01
2.82022559e+01 2.46309541e-01 4.71437499e-01 3.33356652e-01
2.82340869e+01 2.46191381e-01 4.52710300e-01 3.20114523e-01
2.82659179e+01 2.45652142e-01 4.34188987e-01 3.07017977e-01
2.82977489e+01 2.44697258e-01 4.15908768e-01 2.94091910e-01
2.83295799e+01 2.43324328e-01 3.97890910e-01 2.81351361e-01
2.83614109e+01 2.41543083e-01 3.80168119e-01 2.68819455e-01
2.83932418e+01 2.39359967e-01 3.62763450e-01 2.56512495e-01
2.84250728e+01 2.36785091e-01 3.45701924e-01 2.44448175e-01
2.84569038e+01 2.33826416e-01 3.29000876e-01 2.32638751e-01
2.84887348e+01 2.30498476e-01 3.12682648e-01 2.21100021e-01
2.85205658e+01 2.26816182e-01 2.96765467e-01 2.09844874e-01
2.85523968e+01 2.22792678e-01 2.81262918e-01 1.98882916e-01
2.85842278e+01 2.18448435e-01 2.66192513e-01 1.88226531e-01
2.86160588e+01 2.13799126e-01 2.51564263e-01 1.77882796e-01
2.86478898e+01 2.08862314e-01 2.37385494e-01 1.67856893e-01
2.86797207e+01 2.03662644e-01 2.23671398e-01 1.58159562e-01
2.87115517e+01 1.98217050e-01 2.10423046e-01 1.48791563e-01
2.87433827e+01 1.92549669e-01 1.97649197e-01 1.39759088e-01
2.87752137e+01 1.86680468e-01 1.85350208e-01 1.31062389e-01
2.88070447e+01 1.80634091e-01 1.73530546e-01 1.22704626e-01
2.88388757e+01 1.74434800e-01 1.62191641e-01 1.14686809e-01
2.88707067e+01 1.68101680e-01 1.51327953e-01 1.07005022e-01
2.89025377e+01 1.61661394e-01 1.40941092e-01 9.96604016e-02
2.89343687e+01 1.55137068e-01 1.31026945e-01 9.26500410e-02
2.89661996e+01 1.48550820e-01 1.21579257e-01 8.59695174e-02
2.89980306e+01 1.41926280e-01 1.12593205e-01 7.96154185e-02
2.90298616e+01 1.35286196e-01 1.04061637e-01 7.35826894e-02
2.90616926e+01 1.28650662e-01 9.59740110e-02 6.78638740e-02
2.90935236e+01 1.22042298e-01 8.83233557e-02 6.24540437e-02
2.91253546e+01 1.15483220e-01 8.11009140e-02 5.73470063e-02
2.91571856e+01 1.08989983e-01 7.42918522e-02 5.25322725e-02
2.91890166e+01 1.02584955e-01 6.78895577e-02 4.80051666e-02
2.92208476e+01 9.62857028e-02 6.18806263e-02 4.37562105e-02
2.92526785e+01 9.01068850e-02 5.62496882e-02 3.97745360e-02
2.92845095e+01 8.40672053e-02 5.09874500e-02 3.60535716e-02
2.93163405e+01 7.81813231e-02 4.60799714e-02 3.25834602e-02
2.93481715e+01 7.24625078e-02 4.15131335e-02 2.93542182e-02
2.93800025e+01 6.69236493e-02 3.72733536e-02 2.63562411e-02
2.94118335e+01 6.15758689e-02 3.33463342e-02 2.35794190e-02
2.94436645e+01 5.64299081e-02 2.97190285e-02 2.10145266e-02
2.94754955e+01 5.14942341e-02 2.63766029e-02 1.86510748e-02
2.95073264e+01 4.67769350e-02 2.33058320e-02 1.64797119e-02
2.95391574e+01 4.22845820e-02 2.04920608e-02 1.44900752e-02
2.95709884e+01 3.80217247e-02 1.79220640e-02 1.26728130e-02
2.96028194e+01 3.39926598e-02 1.55822588e-02 1.10183209e-02
2.96346504e+01 3.02002940e-02 1.34595987e-02 9.51737355e-03
2.96664814e+01 2.66459162e-02 1.15401078e-02 8.16008848e-03
2.96983124e+01 2.33300320e-02 9.81199047e-03 6.93812500e-03
2.97301434e+01 2.02519463e-02 8.26228954e-03 5.84232097e-03
2.97619744e+01 1.74096496e-02 6.87904863e-03 4.86422194e-03
2.97938053e+01 1.48002482e-02 5.65063305e-03 3.99560095e-03
2.98256363e+01 1.24201908e-02 4.56583704e-03 3.22853433e-03
2.98574673e+01 1.02645109e-02 3.61366930e-03 2.55525007e-03
2.98892983e+01 8.32763298e-03 2.78374263e-03 1.96840329e-03
2.99211293e+01 6.60314216e-03 2.06605582e-03 1.46092208e-03
2.99529603e+01 5.08388799e-03 1.45114352e-03 1.02611342e-03
2.99847913e+01 3.76206001e-03 9.29883110e-04 6.57526653e-04
3.00166223e+01 2.62923463e-03 4.93707468e-04 3.49103899e-04
3.00484533e+01 1.67646859e-03 1.34451224e-04 9.50713723e-05
3.00802842e+01 8.94338156e-04 1.55504466e-04 1.09958263e-04
3.01121152e+01 2.73094823e-04 3.83497855e-04 2.71173934e-04
3.01439462e+01 -1.97409266e-04 5.56266695e-04 3.93339952e-04
3.01757772e+01 -5.27511528e-04 6.80137682e-04 4.80929967e-04
3.02076082e+01 -7.27751577e-04 7.61115815e-04 5.38190154e-04
3.02394392e+01 -8.08770129e-04 8.04669934e-04 5.68987567e-04
3.02712702e+01 -7.81233173e-04 8.15875692e-04 5.76911234e-04
3.03031012e+01 -6.55907798e-04 7.99558536e-04 5.65373262e-04
3.03349322e+01 -4.43144057e-04 7.59811158e-04 5.37267622e-04
3.03667631e+01 -1.53658489e-04 7.00994332e-04 4.95677846e-04
3.03985941e+01 2.02464237e-04 6.26503743e-04 4.43005045e-04
3.04304251e+01 6.15101542e-04 5.39752947e-04 3.81662969e-04
3.04622561e+01 1.07459843e-03 4.43744443e-04 3.13774705e-04
3.04940871e+01 1.57156529e-03 3.41212651e-04 2.41273779e-04
3.05259181e+01 2.09697901e-03 2.34588165e-04 1.65878882e-04
3.05577491e+01 2.64228404e-03 1.26069246e-04 8.91444185e-05
3.05895801e+01 3.19934187e-03 1.76218140e-05 1.24605042e-05
3.06214111e+01 3.76046896e-03 8.90741593e-05 6.29849421e-05
3.06532420e+01 4.31851251e-03 1.92517425e-04 1.36130376e-04
3.06850730e+01 4.86687580e-03 2.91385452e-04 2.06040629e-04
3.07169040e+01 5.39942966e-03 3.84552305e-04 2.71919542e-04
3.07487350e+01 5.91062626e-03 4.71106509e-04 3.33122607e-04
3.07805660e+01 6.39547383e-03 5.50208080e-04 3.89055864e-04
3.08123970e+01 6.84958718e-03 6.21231497e-04 4.39277004e-04
3.08442280e+01 7.26907397e-03 6.83712087e-04 4.83457453e-04
3.08760590e+01 7.65060804e-03 7.37185178e-04 5.21268638e-04
3.09078899e+01 7.99147739e-03 7.81407710e-04 5.52538690e-04
3.09397209e+01 8.28944014e-03 8.16254579e-04 5.77179148e-04
3.09715519e+01 8.54282942e-03 8.41577447e-04 5.95085120e-04
3.10033829e+01 8.75044973e-03 8.57440654e-04 6.06302101e-04
3.10352139e+01 8.91165024e-03 8.63913901e-04 6.10879378e-04
3.10670449e+01 9.02616556e-03 8.61133014e-04 6.08912994e-04
3.10988759e+01 9.09428509e-03 8.49367862e-04 6.00593775e-04
3.11307069e+01 9.11659015e-03 8.28904396e-04 5.86123920e-04
3.11625379e+01 9.09415492e-03 8.00035719e-04 5.65710682e-04
3.11943688e+01 9.02837332e-03 7.63196119e-04 5.39661151e-04
3.12261998e+01 8.92096781e-03 7.18819887e-04 5.08282417e-04
3.12580308e+01 8.77395788e-03 6.67368122e-04 4.71900525e-04
3.12898618e+01 8.58964389e-03 6.09306032e-04 4.30844427e-04
3.13216928e+01 8.37054716e-03 5.45228934e-04 3.85535077e-04
3.13535238e+01 8.11938838e-03 4.75681747e-04 3.36357789e-04
3.13853548e+01 7.83905989e-03 4.01262646e-04 2.83735538e-04
3.14171858e+01 7.53257319e-03 3.22545323e-04 2.28073985e-04
3.14490168e+01 7.20307121e-03 2.40207129e-04 1.69852090e-04
3.14808477e+01 6.85373099e-03 1.54870010e-04 1.09509634e-04
3.15126787e+01 6.48779657e-03 6.71469751e-05 4.74800815e-05
3.15445097e+01 6.10849680e-03 2.22667526e-05 1.57449718e-05
3.15763407e+01 5.71907192e-03 1.12699186e-04 7.96903584e-05
3.16081717e+01 5.32270025e-03 2.03537314e-04 1.43922615e-04
3.16400027e+01 4.92246405e-03 2.94093064e-04 2.07955200e-04
3.16718337e+01 4.52142424e-03 3.83730013e-04 2.71338094e-04
3.17036647e+01 4.12243603e-03 4.71791669e-04 3.33607088e-04
3.17354957e+01 3.72828155e-03 5.57678406e-04 3.94338183e-04
3.17673266e+01 3.34155464e-03 6.40774553e-04 4.53096032e-04
3.17991576e+01 2.96471664e-03 7.20483773e-04 5.09458961e-04
3.18309886e+01 2.60001437e-03 7.96252211e-04 5.63035338e-04
