# omega_THz  kappa_x_avg_Wm-1K-1THz-1
# Averaged over 1 runs
2.00000000e-01 5.16496745e-02
4.00000000e-01 4.69712986e-02
6.00000000e-01 3.91815879e-02
8.00000000e-01 2.82916632e-02
1.00000000e+00 1.43179534e-02
1.20000000e+00 -2.71856355e-03
1.40000000e+00 -2.27908435e-02
1.60000000e+00 -4.58662819e-02
1.80000000e+00 -7.19057027e-02
2.00000000e+00 -1.00862600e-01
2.20000000e+00 -1.32682633e-01
2.40000000e+00 -1.67305648e-01
2.60000000e+00 -2.04658347e-01
2.80000000e+00 -2.44660104e-01
3.00000000e+00 -2.87219929e-01
3.20000000e+00 -3.32233943e-01
3.40000000e+00 -3.79590936e-01
3.60000000e+00 -4.29160995e-01
3.80000000e+00 -4.80802835e-01
4.00000000e+00 -5.34366802e-01
4.20000000e+00 -5.89681002e-01
4.40000000e+00 -6.46563936e-01
4.60000000e+00 -7.04817173e-01
4.80000000e+00 -7.64225217e-01
5.00000000e+00 -8.24561607e-01
5.20000000e+00 -8.85580671e-01
5.40000000e+00 -9.47021319e-01
5.60000000e+00 -1.00860629e+00
5.80000000e+00 -1.07004896e+00
6.00000000e+00 -1.13104047e+00
6.20000000e+00 -1.19126262e+00
6.40000000e+00 -1.25038379e+00
6.60000000e+00 -1.30805950e+00
6.80000000e+00 -1.36393260e+00
7.00000000e+00 -1.41763889e+00
7.20000000e+00 -1.46880127e+00
7.40000000e+00 -1.51704414e+00
7.60000000e+00 -1.56197475e+00
7.80000000e+00 -1.60320360e+00
8.00000000e+00 -1.64034298e+00
8.20000000e+00 -1.67299557e+00
8.40000000e+00 -1.70077112e+00
8.60000000e+00 -1.72328647e+00
8.80000000e+00 -1.74016292e+00
9.00000000e+00 -1.75102689e+00
9.20000000e+00 -1.75551823e+00
9.40000000e+00 -1.75329353e+00
9.60000000e+00 -1.74402171e+00
9.80000000e+00 -1.72739136e+00
1.00000000e+01 -1.70310778e+00
1.02000000e+01 -1.67089978e+00
1.04000000e+01 -1.63052648e+00
1.06000000e+01 -1.58176370e+00
1.08000000e+01 -1.52442516e+00
1.10000000e+01 -1.45835416e+00
1.12000000e+01 -1.38341421e+00
1.14000000e+01 -1.29951685e+00
1.16000000e+01 -1.20660142e+00
1.18000000e+01 -1.10464771e+00
1.20000000e+01 -9.93665814e-01
1.22000000e+01 -8.73713873e-01
1.24000000e+01 -7.44872765e-01
1.26000000e+01 -6.07276447e-01
1.28000000e+01 -4.61096787e-01
1.30000000e+01 -3.06535986e-01
1.32000000e+01 -1.43836680e-01
1.34000000e+01 2.67129957e-02
1.36000000e+01 2.04799634e-01
1.38000000e+01 3.90069386e-01
1.40000000e+01 5.82127965e-01
1.42000000e+01 7.80560862e-01
1.44000000e+01 9.84913131e-01
1.46000000e+01 1.19470455e+00
1.48000000e+01 1.40943467e+00
1.50000000e+01 1.62856768e+00
1.52000000e+01 1.85155510e+00
1.54000000e+01 2.07783280e+00
1.56000000e+01 2.30681188e+00
1.58000000e+01 2.53789787e+00
1.60000000e+01 2.77049858e+00
1.62000000e+01 3.00396218e+00
1.64000000e+01 3.23774701e+00
1.66000000e+01 3.47116537e+00
1.68000000e+01 3.70367888e+00
1.70000000e+01 3.93463799e+00
1.72000000e+01 4.16349929e+00
1.74000000e+01 4.38966123e+00
1.76000000e+01 4.61261074e+00
1.78000000e+01 4.83175638e+00
1.80000000e+01 5.04664827e+00
1.82000000e+01 5.25676573e+00
1.84000000e+01 5.46167910e+00
1.86000000e+01 5.66097134e+00
1.88000000e+01 5.85427344e+00
1.90000000e+01 6.04122397e+00
1.92000000e+01 6.22152216e+00
1.94000000e+01 6.39490010e+00
1.96000000e+01 6.56115052e+00
1.98000000e+01 6.72006112e+00
2.00000000e+01 6.87150048e+00
2.02000000e+01 7.01539024e+00
2.04000000e+01 7.15167226e+00
2.06000000e+01 7.28032128e+00
2.08000000e+01 7.40138784e+00
2.10000000e+01 7.51492250e+00
2.12000000e+01 7.62110217e+00
2.14000000e+01 7.72002796e+00
2.16000000e+01 7.81190206e+00
2.18000000e+01 7.89697723e+00
2.20000000e+01 7.97543038e+00
2.22000000e+01 8.04766592e+00
2.24000000e+01 8.11391132e+00
2.26000000e+01 8.17457098e+00
2.28000000e+01 8.22992291e+00
2.30000000e+01 8.28044735e+00
2.32000000e+01 8.32644759e+00
2.34000000e+01 8.36837857e+00
2.36000000e+01 8.40661943e+00
2.38000000e+01 8.44157456e+00
2.40000000e+01 8.47367363e+00
2.42000000e+01 8.50332609e+00
2.44000000e+01 8.53088326e+00
2.46000000e+01 8.55676219e+00
2.48000000e+01 8.58131166e+00
2.50000000e+01 8.60486024e+00
2.52000000e+01 8.62774410e+00
2.54000000e+01 8.65027157e+00
2.56000000e+01 8.67265499e+00
2.58000000e+01 8.69514961e+00
2.60000000e+01 8.71793995e+00
2.62000000e+01 8.74117260e+00
2.64000000e+01 8.76496635e+00
2.66000000e+01 8.78940460e+00
2.68000000e+01 8.81451265e+00
2.70000000e+01 8.84025256e+00
2.72000000e+01 8.86657127e+00
2.74000000e+01 8.89338789e+00
2.76000000e+01 8.92052045e+00
2.78000000e+01 8.94777938e+00
2.80000000e+01 8.97495743e+00
2.82000000e+01 9.00173614e+00
2.84000000e+01 9.02779958e+00
2.86000000e+01 9.05281916e+00
2.88000000e+01 9.07638038e+00
2.90000000e+01 9.09805028e+00
2.92000000e+01 9.11740602e+00
2.94000000e+01 9.13391232e+00
2.96000000e+01 9.14709715e+00
2.98000000e+01 9.15640032e+00
3.00000000e+01 9.16132917e+00
3.02000000e+01 9.16130137e+00
3.04000000e+01 9.15578134e+00
3.06000000e+01 9.14417513e+00
3.08000000e+01 9.12596206e+00
3.10000000e+01 9.10058864e+00
3.12000000e+01 9.06752407e+00
3.14000000e+01 9.02624012e+00
3.16000000e+01 8.97628689e+00
3.18000000e+01 8.91716142e+00
3.20000000e+01 8.84844667e+00
3.22000000e+01 8.76977362e+00
3.24000000e+01 8.68079096e+00
3.26000000e+01 8.58119792e+00
3.28000000e+01 8.47075691e+00
3.30000000e+01 8.34926825e+00
3.32000000e+01 8.21656768e+00
3.34000000e+01 8.07265264e+00
3.36000000e+01 7.91743722e+00
3.38000000e+01 7.75105284e+00
3.40000000e+01 7.57358544e+00
3.42000000e+01 7.38522457e+00
3.44000000e+01 7.18626596e+00
3.46000000e+01 6.97705081e+00
3.48000000e+01 6.75797846e+00
3.50000000e+01 6.52951651e+00
3.52000000e+01 6.29224879e+00
3.54000000e+01 6.04681983e+00
3.56000000e+01 5.79385390e+00
3.58000000e+01 5.53416739e+00
3.60000000e+01 5.26856151e+00
3.62000000e+01 4.99788549e+00
3.64000000e+01 4.72312505e+00
3.66000000e+01 4.44521537e+00
3.68000000e+01 4.16522303e+00
3.70000000e+01 3.88422729e+00
3.72000000e+01 3.60328463e+00
3.74000000e+01 3.32359306e+00
3.76000000e+01 3.04626470e+00
3.78000000e+01 2.77253043e+00
3.80000000e+01 2.50357057e+00
3.82000000e+01 2.24055283e+00
3.84000000e+01 1.98472579e+00
3.86000000e+01 1.73723440e+00
3.88000000e+01 1.49928932e+00
3.90000000e+01 1.27202792e+00
3.92000000e+01 1.05657746e+00
3.94000000e+01 8.54030067e-01
3.96000000e+01 6.65430606e-01
3.98000000e+01 4.91779452e-01
4.00000000e+01 3.34018297e-01
4.02000000e+01 1.93031661e-01
4.04000000e+01 6.96372843e-02
4.06000000e+01 -3.54227112e-02
4.08000000e+01 -1.21483597e-01
4.10000000e+01 -1.87953942e-01
4.12000000e+01 -2.34340886e-01
4.14000000e+01 -2.60234976e-01
4.16000000e+01 -2.65312695e-01
4.18000000e+01 -2.49366788e-01
4.20000000e+01 -2.12258244e-01
4.22000000e+01 -1.53949150e-01
4.24000000e+01 -7.45608263e-02
4.26000000e+01 2.57803535e-02
4.28000000e+01 1.46745816e-01
4.30000000e+01 2.88006988e-01
4.32000000e+01 4.49033098e-01
4.34000000e+01 6.29318649e-01
4.36000000e+01 8.28155944e-01
4.38000000e+01 1.04478674e+00
4.40000000e+01 1.27837696e+00
4.42000000e+01 1.52799144e+00
4.44000000e+01 1.79261919e+00
4.46000000e+01 2.07117338e+00
4.48000000e+01 2.36256720e+00
4.50000000e+01 2.66548635e+00
4.52000000e+01 2.97874292e+00
4.54000000e+01 3.30094679e+00
4.56000000e+01 3.63080894e+00
4.58000000e+01 3.96688871e+00
4.60000000e+01 4.30782125e+00
4.62000000e+01 4.65209007e+00
4.64000000e+01 4.99827977e+00
4.66000000e+01 5.34494970e+00
4.68000000e+01 5.69060864e+00
4.70000000e+01 6.03384119e+00
4.72000000e+01 6.37315614e+00
4.74000000e+01 6.70723919e+00
4.76000000e+01 7.03464968e+00
4.78000000e+01 7.35412386e+00
4.80000000e+01 7.66437272e+00
4.82000000e+01 7.96413252e+00
4.84000000e+01 8.25226588e+00
4.86000000e+01 8.52770621e+00
4.88000000e+01 8.78938691e+00
4.90000000e+01 9.03636775e+00
4.92000000e+01 9.26779950e+00
4.94000000e+01 9.48290875e+00
4.96000000e+01 9.68100549e+00
4.98000000e+01 9.86149324e+00
5.00000000e+01 1.00238513e+01
5.02000000e+01 1.01677082e+01
5.04000000e+01 1.02927202e+01
5.06000000e+01 1.03987230e+01
5.08000000e+01 1.04855851e+01
5.10000000e+01 1.05533204e+01
5.12000000e+01 1.06019945e+01
5.14000000e+01 1.06317943e+01
5.16000000e+01 1.06429979e+01
5.18000000e+01 1.06359755e+01
5.20000000e+01 1.06112213e+01
5.22000000e+01 1.05691968e+01
5.24000000e+01 1.05105869e+01
5.26000000e+01 1.04360716e+01
5.28000000e+01 1.03464116e+01
5.30000000e+01 1.02424055e+01
5.32000000e+01 1.01249836e+01
5.34000000e+01 9.99504811e+00
5.36000000e+01 9.85359485e+00
5.38000000e+01 9.70167274e+00
5.40000000e+01 9.54029784e+00
5.42000000e+01 9.37058223e+00
5.44000000e+01 9.19358241e+00
5.46000000e+01 9.01045344e+00
5.48000000e+01 8.82228719e+00
5.50000000e+01 8.63018817e+00
5.52000000e+01 8.43530892e+00
5.54000000e+01 8.23867559e+00
5.56000000e+01 8.04138512e+00
5.58000000e+01 7.84446619e+00
5.60000000e+01 7.64891968e+00
5.62000000e+01 7.45571261e+00
5.64000000e+01 7.26575361e+00
5.66000000e+01 7.07995562e+00
5.68000000e+01 6.89905134e+00
5.70000000e+01 6.72384477e+00
5.72000000e+01 6.55503148e+00
5.74000000e+01 6.39322437e+00
5.76000000e+01 6.23897192e+00
5.78000000e+01 6.09275688e+00
5.80000000e+01 5.95502408e+00
5.82000000e+01 5.82609956e+00
5.84000000e+01 5.70620828e+00
5.86000000e+01 5.59560804e+00
5.88000000e+01 5.49440751e+00
5.90000000e+01 5.40260418e+00
5.92000000e+01 5.32023089e+00
5.94000000e+01 5.24716128e+00
5.96000000e+01 5.18324117e+00
5.98000000e+01 5.12824309e+00
6.00000000e+01 5.08191427e+00
6.02000000e+01 5.04387561e+00
6.04000000e+01 5.01374799e+00
6.06000000e+01 4.99107644e+00
6.08000000e+01 4.97540603e+00
6.10000000e+01 4.96613016e+00
6.12000000e+01 4.96276860e+00
6.14000000e+01 4.96471476e+00
6.16000000e+01 4.97131150e+00
6.18000000e+01 4.98195222e+00
6.20000000e+01 4.99600504e+00
6.22000000e+01 5.01276227e+00
6.24000000e+01 5.03164258e+00
6.26000000e+01 5.05193829e+00
6.28000000e+01 5.07301752e+00
6.30000000e+01 5.09427368e+00
6.32000000e+01 5.11504961e+00
6.34000000e+01 5.13481455e+00
6.36000000e+01 5.15298717e+00
6.38000000e+01 5.16903670e+00
6.40000000e+01 5.18248293e+00
6.42000000e+01 5.19289617e+00
6.44000000e+01 5.19984675e+00
6.46000000e+01 5.20298084e+00
6.48000000e+01 5.20202039e+00
6.50000000e+01 5.19668740e+00
6.52000000e+01 5.18680493e+00
6.54000000e+01 5.17219606e+00
6.56000000e+01 5.15281025e+00
6.58000000e+01 5.12854638e+00
6.60000000e+01 5.09948030e+00
6.62000000e+01 5.06568782e+00
6.64000000e+01 5.02729531e+00
6.66000000e+01 4.98445443e+00
6.68000000e+01 4.93741792e+00
6.70000000e+01 4.88643853e+00
6.72000000e+01 4.83189539e+00
6.74000000e+01 4.77411707e+00
6.76000000e+01 4.71350797e+00
6.78000000e+01 4.65052302e+00
6.80000000e+01 4.58561719e+00
6.82000000e+01 4.51932125e+00
6.84000000e+01 4.45214068e+00
6.86000000e+01 4.38460626e+00
6.88000000e+01 4.31729932e+00
6.90000000e+01 4.25075062e+00
6.92000000e+01 4.18554149e+00
6.94000000e+01 4.12225325e+00
6.96000000e+01 4.06139140e+00
6.98000000e+01 4.00356253e+00
7.00000000e+01 3.94924686e+00
7.02000000e+01 3.89894990e+00
7.04000000e+01 3.85320241e+00
7.06000000e+01 3.81240879e+00
7.08000000e+01 3.77694816e+00
7.10000000e+01 3.74730076e+00
7.12000000e+01 3.72366877e+00
7.14000000e+01 3.70643131e+00
7.16000000e+01 3.69579060e+00
7.18000000e+01 3.69187300e+00
7.20000000e+01 3.69485543e+00
7.22000000e+01 3.70481372e+00
7.24000000e+01 3.72169733e+00
7.26000000e+01 3.74548097e+00
7.28000000e+01 3.77603827e+00
7.30000000e+01 3.81319231e+00
7.32000000e+01 3.85666506e+00
7.34000000e+01 3.90622905e+00
7.36000000e+01 3.96140407e+00
7.38000000e+01 4.02186152e+00
7.40000000e+01 4.08704538e+00
7.42000000e+01 4.15645013e+00
7.44000000e+01 4.22944392e+00
7.46000000e+01 4.30539486e+00
7.48000000e+01 4.38362054e+00
7.50000000e+01 4.46336271e+00
7.52000000e+01 4.54383786e+00
7.54000000e+01 4.62423717e+00
7.56000000e+01 4.70372660e+00
7.58000000e+01 4.78142151e+00
7.60000000e+01 4.85641200e+00
7.62000000e+01 4.92781347e+00
7.64000000e+01 4.99469074e+00
7.66000000e+01 5.05610864e+00
7.68000000e+01 5.11113201e+00
7.70000000e+01 5.15890149e+00
7.72000000e+01 5.19843136e+00
7.74000000e+01 5.22890778e+00
7.76000000e+01 5.24940064e+00
7.78000000e+01 5.25910871e+00
7.80000000e+01 5.25721562e+00
7.82000000e+01 5.24296566e+00
7.84000000e+01 5.21564607e+00
7.86000000e+01 5.17454662e+00
7.88000000e+01 5.11910117e+00
7.90000000e+01 5.04872586e+00
7.92000000e+01 4.96292025e+00
7.94000000e+01 4.86126730e+00
7.96000000e+01 4.74341065e+00
7.98000000e+01 4.60904193e+00
8.00000000e+01 4.45796400e+00
8.02000000e+01 4.29005555e+00
8.04000000e+01 4.10522558e+00
8.06000000e+01 3.90350948e+00
8.08000000e+01 3.68503615e+00
8.10000000e+01 3.44996482e+00
8.12000000e+01 3.19855330e+00
8.14000000e+01 2.93119839e+00
8.16000000e+01 2.64827923e+00
8.18000000e+01 2.35033164e+00
8.20000000e+01 2.03794453e+00
8.22000000e+01 1.71174470e+00
8.24000000e+01 1.37252327e+00
8.26000000e+01 1.02104354e+00
8.28000000e+01 6.58180008e-01
8.30000000e+01 2.84888071e-01
8.32000000e+01 -9.78541340e-02
8.34000000e+01 -4.88995174e-01
8.36000000e+01 -8.87433065e-01
8.38000000e+01 -1.29202791e+00
8.40000000e+01 -1.70159179e+00
8.42000000e+01 -2.11490015e+00
8.44000000e+01 -2.53070818e+00
8.46000000e+01 -2.94773826e+00
8.48000000e+01 -3.36469504e+00
8.50000000e+01 -3.78027181e+00
8.52000000e+01 -4.19315933e+00
8.54000000e+01 -4.60203574e+00
8.56000000e+01 -5.00559432e+00
8.58000000e+01 -5.40253846e+00
8.60000000e+01 -5.79155389e+00
8.62000000e+01 -6.17141476e+00
8.64000000e+01 -6.54085228e+00
8.66000000e+01 -6.89868612e+00
8.68000000e+01 -7.24374098e+00
8.70000000e+01 -7.57487951e+00
8.72000000e+01 -7.89103764e+00
8.74000000e+01 -8.19116645e+00
8.76000000e+01 -8.47431055e+00
8.78000000e+01 -8.73955500e+00
8.80000000e+01 -8.98604804e+00
8.82000000e+01 -9.21300109e+00
8.84000000e+01 -9.41971403e+00
8.86000000e+01 -9.60554235e+00
8.88000000e+01 -9.76988453e+00
8.90000000e+01 -9.91226032e+00
8.92000000e+01 -1.00322805e+01
8.94000000e+01 -1.01295761e+01
8.96000000e+01 -1.02038968e+01
8.98000000e+01 -1.02550784e+01
9.00000000e+01 -1.02829944e+01
9.02000000e+01 -1.02876374e+01
9.04000000e+01 -1.02690806e+01
9.06000000e+01 -1.02274125e+01
9.08000000e+01 -1.01628934e+01
9.10000000e+01 -1.00757962e+01
9.12000000e+01 -9.96645719e+00
9.14000000e+01 -9.83533124e+00
9.16000000e+01 -9.68289858e+00
9.18000000e+01 -9.50974054e+00
9.20000000e+01 -9.31643844e+00
9.22000000e+01 -9.10377580e+00
9.24000000e+01 -8.87235921e+00
9.26000000e+01 -8.62304803e+00
9.28000000e+01 -8.35670159e+00
9.30000000e+01 -8.07415397e+00
9.32000000e+01 -7.77634034e+00
9.34000000e+01 -7.46424641e+00
9.36000000e+01 -7.13880736e+00
9.38000000e+01 -6.80108473e+00
9.40000000e+01 -6.45208951e+00
9.42000000e+01 -6.09290853e+00
9.44000000e+01 -5.72458310e+00
9.46000000e+01 -5.34824302e+00
9.48000000e+01 -4.96492455e+00
9.50000000e+01 -4.57573220e+00
9.52000000e+01 -4.18177807e+00
9.54000000e+01 -3.78412370e+00
9.56000000e+01 -3.38382305e+00
9.58000000e+01 -2.98195283e+00
9.60000000e+01 -2.57957206e+00
9.62000000e+01 -2.17766646e+00
9.64000000e+01 -1.77725208e+00
9.66000000e+01 -1.37929946e+00
9.68000000e+01 -9.84758954e-01
9.70000000e+01 -5.94464622e-01
9.72000000e+01 -2.09376910e-01
9.74000000e+01 1.69695386e-01
9.76000000e+01 5.42019295e-01
9.78000000e+01 9.06760748e-01
9.80000000e+01 1.26326260e+00
9.82000000e+01 1.61079187e+00
9.84000000e+01 1.94881780e+00
9.86000000e+01 2.27668324e+00
9.88000000e+01 2.59390796e+00
9.90000000e+01 2.90001175e+00
9.92000000e+01 3.19451437e+00
9.94000000e+01 3.47708727e+00
9.96000000e+01 3.74732603e+00
9.98000000e+01 4.00497792e+00
1.00000000e+02 4.24979018e+00
1.00200000e+02 4.48158588e+00
1.00400000e+02 4.70016284e+00
1.00600000e+02 4.90541995e+00
1.00800000e+02 5.09733194e+00
1.01000000e+02 5.27579770e+00
1.01200000e+02 5.44089306e+00
1.01400000e+02 5.59264330e+00
1.01600000e+02 5.73114951e+00
1.01800000e+02 5.85651280e+00
1.02000000e+02 5.96888481e+00
1.02200000e+02 6.06849302e+00
1.02400000e+02 6.15553962e+00
1.02600000e+02 6.23022682e+00
1.02800000e+02 6.29290847e+00
1.03000000e+02 6.34378675e+00
1.03200000e+02 6.38326608e+00
1.03400000e+02 6.41162447e+00
1.03600000e+02 6.42924104e+00
1.03800000e+02 6.43646965e+00
1.04000000e+02 6.43371469e+00
1.04200000e+02 6.42138056e+00
1.04400000e+02 6.39982111e+00
1.04600000e+02 6.36949128e+00
1.04800000e+02 6.33081570e+00
1.05000000e+02 6.28421139e+00
1.05200000e+02 6.23010045e+00
1.05400000e+02 6.16890749e+00
1.05600000e+02 6.10104956e+00
1.05800000e+02 6.02697907e+00
1.06000000e+02 5.94711810e+00
1.06200000e+02 5.86184579e+00
1.06400000e+02 5.77162466e+00
1.06600000e+02 5.67682121e+00
1.06800000e+02 5.57786256e+00
1.07000000e+02 5.47511269e+00
1.07200000e+02 5.36897093e+00
1.07400000e+02 5.25980124e+00
1.07600000e+02 5.14794989e+00
1.07800000e+02 5.03376618e+00
1.08000000e+02 4.91760546e+00
1.08200000e+02 4.79977004e+00
1.08400000e+02 4.68057963e+00
1.08600000e+02 4.56029937e+00
1.08800000e+02 4.43923534e+00
1.09000000e+02 4.31767086e+00
1.09200000e+02 4.19582836e+00
1.09400000e+02 4.07397828e+00
1.09600000e+02 3.95232028e+00
1.09800000e+02 3.83108943e+00
1.10000000e+02 3.71047276e+00
1.10200000e+02 3.59066742e+00
1.10400000e+02 3.47185032e+00
1.10600000e+02 3.35418322e+00
1.10800000e+02 3.23781526e+00
1.11000000e+02 3.12288290e+00
1.11200000e+02 3.00952517e+00
1.11400000e+02 2.89784822e+00
1.11600000e+02 2.78796578e+00
1.11800000e+02 2.67997137e+00
1.12000000e+02 2.57395852e+00
1.12200000e+02 2.46999798e+00
1.12400000e+02 2.36816558e+00
1.12600000e+02 2.26851693e+00
1.12800000e+02 2.17111775e+00
1.13000000e+02 2.07600088e+00
1.13200000e+02 1.98321688e+00
1.13400000e+02 1.89279355e+00
1.13600000e+02 1.80476376e+00
1.13800000e+02 1.71914518e+00
1.14000000e+02 1.63595729e+00
1.14200000e+02 1.55521095e+00
1.14400000e+02 1.47691273e+00
1.14600000e+02 1.40106718e+00
1.14800000e+02 1.32767633e+00
1.15000000e+02 1.25673258e+00
1.15200000e+02 1.18822660e+00
1.15400000e+02 1.12215257e+00
1.15600000e+02 1.05848975e+00
1.15800000e+02 9.97228305e-01
1.16000000e+02 9.38343955e-01
1.16200000e+02 8.81814970e-01
1.16400000e+02 8.27615062e-01
1.16600000e+02 7.75719716e-01
1.16800000e+02 7.26098854e-01
1.17000000e+02 6.78718861e-01
1.17200000e+02 6.33547133e-01
1.17400000e+02 5.90545503e-01
1.17600000e+02 5.49673280e-01
1.17800000e+02 5.10893815e-01
1.18000000e+02 4.74157569e-01
1.18200000e+02 4.39425367e-01
1.18400000e+02 4.06643120e-01
1.18600000e+02 3.75765081e-01
1.18800000e+02 3.46733876e-01
1.19000000e+02 3.19497690e-01
1.19200000e+02 2.93998646e-01
1.19400000e+02 2.70176336e-01
1.19600000e+02 2.47965373e-01
1.19800000e+02 2.27306110e-01
1.20000000e+02 2.08128552e-01
1.20200000e+02 1.90364734e-01
1.20400000e+02 1.73942724e-01
1.20600000e+02 1.58789538e-01
1.20800000e+02 1.44829224e-01
1.21000000e+02 1.31985047e-01
1.21200000e+02 1.20177898e-01
1.21400000e+02 1.09327150e-01
1.21600000e+02 9.93504055e-02
1.21800000e+02 9.01653457e-02
1.22000000e+02 8.16870468e-02
1.22200000e+02 7.38312666e-02
1.22400000e+02 6.65121241e-02
1.22600000e+02 5.96447435e-02
1.22800000e+02 5.31430141e-02
1.23000000e+02 4.69226698e-02
1.23200000e+02 4.08989385e-02
1.23400000e+02 3.49892474e-02
1.23600000e+02 2.91113016e-02
1.23800000e+02 2.31860159e-02
1.24000000e+02 1.71352911e-02
1.24200000e+02 1.08844400e-02
1.24400000e+02 4.36115119e-03
1.24600000e+02 -2.50306760e-03
1.24800000e+02 -9.77320564e-03
1.25000000e+02 -1.75101930e-02
1.25200000e+02 -2.57700666e-02
1.25400000e+02 -3.46043114e-02
1.25600000e+02 -4.40593824e-02
1.25800000e+02 -5.41756437e-02
1.26000000e+02 -6.49882272e-02
1.26200000e+02 -7.65256937e-02
1.26400000e+02 -8.88097794e-02
1.26600000e+02 -1.01856155e-01
1.26800000e+02 -1.15673666e-01
1.27000000e+02 -1.30263071e-01
1.27200000e+02 -1.45619569e-01
1.27400000e+02 -1.61727740e-01
1.27600000e+02 -1.78570146e-01
1.27800000e+02 -1.96115951e-01
1.28000000e+02 -2.14331793e-01
1.28200000e+02 -2.33170155e-01
1.28400000e+02 -2.52584530e-01
1.28600000e+02 -2.72513754e-01
1.28800000e+02 -2.92897420e-01
1.29000000e+02 -3.13655913e-01
1.29200000e+02 -3.34717703e-01
1.29400000e+02 -3.55994583e-01
1.29600000e+02 -3.77394046e-01
1.29800000e+02 -3.98819541e-01
1.30000000e+02 -4.20169971e-01
1.30200000e+02 -4.41337916e-01
1.30400000e+02 -4.62212167e-01
1.30600000e+02 -4.82677218e-01
1.30800000e+02 -5.02611699e-01
1.31000000e+02 -5.21899903e-01
1.31200000e+02 -5.40415302e-01
1.31400000e+02 -5.58030158e-01
1.31600000e+02 -5.74623607e-01
1.31800000e+02 -5.90068314e-01
1.32000000e+02 -6.04239167e-01
1.32200000e+02 -6.17009794e-01
1.32400000e+02 -6.28258874e-01
1.32600000e+02 -6.37869133e-01
1.32800000e+02 -6.45722536e-01
1.33000000e+02 -6.51703831e-01
1.33200000e+02 -6.55709390e-01
1.33400000e+02 -6.57634071e-01
1.33600000e+02 -6.57381322e-01
1.33800000e+02 -6.54856364e-01
1.34000000e+02 -6.49983372e-01
1.34200000e+02 -6.42679949e-01
1.34400000e+02 -6.32880635e-01
1.34600000e+02 -6.20525021e-01
1.34800000e+02 -6.05562559e-01
1.35000000e+02 -5.87952050e-01
1.35200000e+02 -5.67659146e-01
1.35400000e+02 -5.44661276e-01
1.35600000e+02 -5.18948659e-01
1.35800000e+02 -4.90520511e-01
1.36000000e+02 -4.59378097e-01
1.36200000e+02 -4.25547702e-01
1.36400000e+02 -3.89053337e-01
1.36600000e+02 -3.49935442e-01
1.36800000e+02 -3.08244566e-01
1.37000000e+02 -2.64036315e-01
1.37200000e+02 -2.17383985e-01
1.37400000e+02 -1.68363401e-01
1.37600000e+02 -1.17060497e-01
1.37800000e+02 -6.35738463e-02
1.38000000e+02 -8.00707450e-03
1.38200000e+02 4.95260811e-02
1.38400000e+02 1.08906829e-01
1.38600000e+02 1.70008794e-01
1.38800000e+02 2.32700548e-01
1.39000000e+02 2.96843078e-01
1.39200000e+02 3.62289791e-01
1.39400000e+02 4.28901675e-01
1.39600000e+02 4.96519499e-01
1.39800000e+02 5.64991612e-01
1.40000000e+02 6.34166367e-01
1.40200000e+02 7.03879475e-01
1.40400000e+02 7.73976762e-01
1.40600000e+02 8.44298995e-01
1.40800000e+02 9.14694525e-01
1.41000000e+02 9.84971263e-01
1.41200000e+02 1.05502811e+00
1.41400000e+02 1.12468561e+00
1.41600000e+02 1.19378202e+00
1.41800000e+02 1.26218336e+00
1.42000000e+02 1.32976833e+00
1.42200000e+02 1.39634735e+00
1.42400000e+02 1.46181681e+00
1.42600000e+02 1.52608066e+00
1.42800000e+02 1.58895187e+00
1.43000000e+02 1.65034955e+00
1.43200000e+02 1.71015239e+00
1.43400000e+02 1.76826939e+00
1.43600000e+02 1.82457166e+00
1.43800000e+02 1.87898085e+00
1.44000000e+02 1.93143628e+00
1.44200000e+02 1.98181918e+00
1.44400000e+02 2.03006130e+00
1.44600000e+02 2.07610703e+00
1.44800000e+02 2.11987550e+00
1.45000000e+02 2.16130352e+00
1.45200000e+02 2.20034559e+00
1.45400000e+02 2.23695116e+00
1.45600000e+02 2.27106969e+00
1.45800000e+02 2.30266074e+00
1.46000000e+02 2.33168385e+00
1.46200000e+02 2.35807080e+00
1.46400000e+02 2.38184181e+00
1.46600000e+02 2.40291598e+00
1.46800000e+02 2.42125794e+00
1.47000000e+02 2.43685253e+00
1.47200000e+02 2.44967952e+00
1.47400000e+02 2.45966309e+00
1.47600000e+02 2.46677543e+00
1.47800000e+02 2.47098622e+00
1.48000000e+02 2.47226008e+00
1.48200000e+02 2.47056161e+00
1.48400000e+02 2.46582257e+00
1.48600000e+02 2.45797978e+00
1.48800000e+02 2.44701302e+00
1.49000000e+02 2.43285152e+00
1.49200000e+02 2.41539923e+00
1.49400000e+02 2.39463594e+00
1.49600000e+02 2.37046307e+00
1.49800000e+02 2.34283512e+00
1.50000000e+02 2.31163078e+00
1.50200000e+02 2.27677928e+00
1.50400000e+02 2.23818963e+00
1.50600000e+02 2.19579359e+00
1.50800000e+02 2.14945214e+00
1.51000000e+02 2.09909451e+00
1.51200000e+02 2.04461962e+00
1.51400000e+02 1.98591876e+00
1.51600000e+02 1.92288681e+00
1.51800000e+02 1.85542165e+00
1.52000000e+02 1.78341510e+00
1.52200000e+02 1.70676935e+00
1.52400000e+02 1.62538118e+00
1.52600000e+02 1.53914928e+00
1.52800000e+02 1.44798742e+00
1.53000000e+02 1.35179916e+00
1.53200000e+02 1.25050865e+00
1.53400000e+02 1.14403857e+00
1.53600000e+02 1.03232118e+00
1.53800000e+02 9.15298594e-01
1.54000000e+02 7.92925322e-01
1.54200000e+02 6.65168000e-01
1.54400000e+02 5.32003881e-01
1.54600000e+02 3.93423359e-01
1.54800000e+02 2.49437558e-01
1.55000000e+02 1.00060629e-01
1.55200000e+02 -5.46594044e-02
1.55400000e+02 -2.14666938e-01
1.55600000e+02 -3.79891201e-01
1.55800000e+02 -5.50231096e-01
1.56000000e+02 -7.25575412e-01
1.56200000e+02 -9.05787666e-01
1.56400000e+02 -1.09070862e+00
1.56600000e+02 -1.28015884e+00
1.56800000e+02 -1.47392852e+00
1.57000000e+02 -1.67183571e+00
1.57200000e+02 -1.87357708e+00
1.57400000e+02 -2.07894287e+00
1.57600000e+02 -2.28760198e+00
1.57800000e+02 -2.49927384e+00
1.58000000e+02 -2.71359957e+00
1.58200000e+02 -2.93027586e+00
1.58400000e+02 -3.14887809e+00
1.58600000e+02 -3.36902715e+00
1.58800000e+02 -3.59035401e+00
1.59000000e+02 -3.81238857e+00
1.59200000e+02 -4.03471379e+00
1.59400000e+02 -4.25689241e+00
1.59600000e+02 -4.47839367e+00
1.59800000e+02 -4.69881569e+00
1.60000000e+02 -4.91760496e+00
1.60200000e+02 -5.13429389e+00
1.60400000e+02 -5.34834664e+00
1.60600000e+02 -5.55930323e+00
1.60800000e+02 -5.76663794e+00
1.61000000e+02 -5.96979976e+00
1.61200000e+02 -6.16829837e+00
1.61400000e+02 -6.36162322e+00
1.61600000e+02 -6.54929408e+00
1.61800000e+02 -6.73075997e+00
1.62000000e+02 -6.90560384e+00
1.62200000e+02 -7.07328230e+00
1.62400000e+02 -7.23338840e+00
1.62600000e+02 -7.38541666e+00
1.62800000e+02 -7.52899048e+00
1.63000000e+02 -7.66369536e+00
1.63200000e+02 -7.78910667e+00
1.63400000e+02 -7.90489079e+00
1.63600000e+02 -8.01070903e+00
1.63800000e+02 -8.10625809e+00
1.64000000e+02 -8.19120183e+00
1.64200000e+02 -8.26534057e+00
1.64400000e+02 -8.32842155e+00
1.64600000e+02 -8.38028809e+00
1.64800000e+02 -8.42074302e+00
1.65000000e+02 -8.44968020e+00
1.65200000e+02 -8.46699854e+00
1.65400000e+02 -8.47266516e+00
1.65600000e+02 -8.46664469e+00
1.65800000e+02 -8.44898262e+00
1.66000000e+02 -8.41970675e+00
1.66200000e+02 -8.37890302e+00
1.66400000e+02 -8.32672056e+00
1.66600000e+02 -8.26330594e+00
1.66800000e+02 -8.18887654e+00
1.67000000e+02 -8.10366237e+00
1.67200000e+02 -8.00791363e+00
1.67400000e+02 -7.90193110e+00
1.67600000e+02 -7.78604588e+00
1.67800000e+02 -7.66061183e+00
1.68000000e+02 -7.52604849e+00
1.68200000e+02 -7.38271731e+00
1.68400000e+02 -7.23111872e+00
1.68600000e+02 -7.07169503e+00
1.68800000e+02 -6.90490120e+00
1.69000000e+02 -6.73128569e+00
1.69200000e+02 -6.55133376e+00
1.69400000e+02 -6.36562170e+00
1.69600000e+02 -6.17466763e+00
1.69800000e+02 -5.97905288e+00
1.70000000e+02 -5.77934613e+00
1.70200000e+02 -5.57613629e+00
1.70400000e+02 -5.36997434e+00
1.70600000e+02 -5.16145425e+00
1.70800000e+02 -4.95118261e+00
1.71000000e+02 -4.73968514e+00
1.71200000e+02 -4.52757601e+00
1.71400000e+02 -4.31544162e+00
1.71600000e+02 -4.10378239e+00
1.71800000e+02 -3.89316448e+00
1.72000000e+02 -3.68412878e+00
1.72200000e+02 -3.47718331e+00
1.72400000e+02 -3.27280071e+00
1.72600000e+02 -3.07148143e+00
1.72800000e+02 -2.87369557e+00
1.73000000e+02 -2.67985511e+00
1.73200000e+02 -2.49035182e+00
1.73400000e+02 -2.30559767e+00
1.73600000e+02 -2.12595663e+00
1.73800000e+02 -1.95171177e+00
1.74000000e+02 -1.78320178e+00
1.74200000e+02 -1.62068951e+00
1.74400000e+02 -1.46441557e+00
1.74600000e+02 -1.31459659e+00
1.74800000e+02 -1.17140998e+00
1.75000000e+02 -1.03501098e+00
1.75200000e+02 -9.05520763e-01
1.75400000e+02 -7.83028446e-01
1.75600000e+02 -6.67602727e-01
1.75800000e+02 -5.59271912e-01
1.76000000e+02 -4.58042574e-01
1.76200000e+02 -3.63890195e-01
1.76400000e+02 -2.76764985e-01
1.76600000e+02 -1.96595415e-01
1.76800000e+02 -1.23273057e-01
1.77000000e+02 -5.66763380e-02
1.77200000e+02 3.33628104e-03
1.77400000e+02 5.69417239e-02
1.77600000e+02 1.04321970e-01
1.77800000e+02 1.45686800e-01
1.78000000e+02 1.81253578e-01
1.78200000e+02 2.11264942e-01
1.78400000e+02 2.35971114e-01
1.78600000e+02 2.55634952e-01
1.78800000e+02 2.70529425e-01
1.79000000e+02 2.80935084e-01
1.79200000e+02 2.87142588e-01
1.79400000e+02 2.89442600e-01
1.79600000e+02 2.88133363e-01
1.79800000e+02 2.83515646e-01
1.80000000e+02 2.75885167e-01
1.80200000e+02 2.65545224e-01
1.80400000e+02 2.52783949e-01
1.80600000e+02 2.37899586e-01
1.80800000e+02 2.21172686e-01
1.81000000e+02 2.02886327e-01
1.81200000e+02 1.83308423e-01
1.81400000e+02 1.62706888e-01
1.81600000e+02 1.41329414e-01
1.81800000e+02 1.19416114e-01
1.82000000e+02 9.71995152e-02
1.82200000e+02 7.48995094e-02
1.82400000e+02 5.27132405e-02
1.82600000e+02 3.08378523e-02
1.82800000e+02 9.44268634e-03
1.83000000e+02 -1.13054433e-02
1.83200000e+02 -3.12624699e-02
1.83400000e+02 -5.02919092e-02
1.83600000e+02 -6.82850795e-02
1.83800000e+02 -8.51332988e-02
1.84000000e+02 -1.00753160e-01
1.84200000e+02 -1.15071366e-01
1.84400000e+02 -1.28027258e-01
1.84600000e+02 -1.39582922e-01
1.84800000e+02 -1.49700447e-01
1.85000000e+02 -1.58369470e-01
1.85200000e+02 -1.65578617e-01
1.85400000e+02 -1.71338251e-01
1.85600000e+02 -1.75668087e-01
1.85800000e+02 -1.78592388e-01
1.86000000e+02 -1.80153616e-01
1.86200000e+02 -1.80398024e-01
1.86400000e+02 -1.79381550e-01
1.86600000e+02 -1.77167012e-01
1.86800000e+02 -1.73824034e-01
1.87000000e+02 -1.69427978e-01
1.87200000e+02 -1.64058840e-01
1.87400000e+02 -1.57801291e-01
1.87600000e+02 -1.50741518e-01
1.87800000e+02 -1.42969753e-01
1.88000000e+02 -1.34576756e-01
1.88200000e+02 -1.25654593e-01
1.88400000e+02 -1.16294745e-01
1.88600000e+02 -1.06588568e-01
1.88800000e+02 -9.66252705e-02
1.89000000e+02 -8.64933388e-02
1.89200000e+02 -7.62769891e-02
1.89400000e+02 -6.60581119e-02
1.89600000e+02 -5.59153120e-02
1.89800000e+02 -4.59221393e-02
1.90000000e+02 -3.61480996e-02
1.90200000e+02 -2.66581493e-02
1.90400000e+02 -1.75111787e-02
1.90600000e+02 -8.76178171e-03
1.90800000e+02 -4.57727649e-04
1.91000000e+02 7.35826894e-03
1.91200000e+02 1.46490540e-02
1.91400000e+02 2.13845505e-02
1.91600000e+02 2.75387253e-02
1.91800000e+02 3.30936332e-02
1.92000000e+02 3.80351204e-02
1.92200000e+02 4.23554527e-02
1.92400000e+02 4.60524817e-02
1.92600000e+02 4.91287613e-02
1.92800000e+02 5.15920226e-02
1.93000000e+02 5.34549059e-02
1.93200000e+02 5.47340158e-02
1.93400000e+02 5.54502547e-02
1.93600000e+02 5.56284677e-02
1.93800000e+02 5.52962550e-02
1.94000000e+02 5.44845782e-02
1.94200000e+02 5.32266486e-02
1.94400000e+02 5.15584070e-02
1.94600000e+02 4.95174457e-02
1.94800000e+02 4.71420808e-02
1.95000000e+02 4.44727274e-02
1.95200000e+02 4.15497408e-02
1.95400000e+02 3.84139905e-02
1.95600000e+02 3.51058151e-02
1.95800000e+02 3.16660588e-02
1.96000000e+02 2.81339987e-02
1.96200000e+02 2.45481032e-02
1.96400000e+02 2.09452735e-02
1.96600000e+02 1.73615516e-02
1.96800000e+02 1.38298959e-02
1.97000000e+02 1.03824055e-02
1.97200000e+02 7.04814645e-03
1.97400000e+02 3.85391010e-03
1.97600000e+02 8.24465815e-04
1.97800000e+02 -2.01895553e-03
1.98000000e+02 -4.65744834e-03
1.98200000e+02 -7.07471032e-03
1.98400000e+02 -9.25785132e-03
1.98600000e+02 -1.11961548e-02
1.98800000e+02 -1.28821141e-02
1.99000000e+02 -1.43109017e-02
1.99200000e+02 -1.54804578e-02
1.99400000e+02 -1.63912145e-02
1.99600000e+02 -1.70462225e-02
1.99800000e+02 -1.74508224e-02
2.00000000e+02 -1.76126826e-02
