# omega_THz kappa_x_Wm-1K-1THz-1
2.000000000000000111e-01 5.164967451422301792e-02
4.000000000000000222e-01 4.697129859787149003e-02
5.999999999999999778e-01 3.918158786086693712e-02
8.000000000000000444e-01 2.829166324001754565e-02
1.000000000000000000e+00 1.431795339197179315e-02
1.199999999999999956e+00 -2.718563552473088774e-03
1.399999999999999911e+00 -2.279084349698813280e-02
1.600000000000000089e+00 -4.586628187684019947e-02
1.800000000000000044e+00 -7.190570266463686133e-02
2.000000000000000000e+00 -1.008626001246348269e-01
2.200000000000000178e+00 -1.326826333156122806e-01
2.399999999999999911e+00 -1.673056480793794765e-01
2.600000000000000089e+00 -2.046583473324279367e-01
2.799999999999999822e+00 -2.446601042828983885e-01
3.000000000000000000e+00 -2.872199294478147702e-01
3.200000000000000178e+00 -3.322339431674459775e-01
3.399999999999999911e+00 -3.795909360737104166e-01
3.600000000000000089e+00 -4.291609954048031805e-01
3.799999999999999822e+00 -4.808028347135476777e-01
4.000000000000000000e+00 -5.343668015753046951e-01
4.200000000000000178e+00 -5.896810016918188069e-01
4.400000000000000355e+00 -6.465639363194086719e-01
4.599999999999999645e+00 -7.048171725606182658e-01
4.799999999999999822e+00 -7.642252169899317327e-01
5.000000000000000000e+00 -8.245616068941649113e-01
5.200000000000000178e+00 -8.855806706692819219e-01
5.400000000000000355e+00 -9.470213190488547816e-01
5.599999999999999645e+00 -1.008606286858370282e+00
5.799999999999999822e+00 -1.070048957226453545e+00
6.000000000000000000e+00 -1.131040471408114145e+00
6.200000000000000178e+00 -1.191262618961499653e+00
6.400000000000000355e+00 -1.250383793770874608e+00
6.599999999999999645e+00 -1.308059499543750004e+00
6.799999999999999822e+00 -1.363932602559444263e+00
7.000000000000000000e+00 -1.417638892137489615e+00
7.200000000000000178e+00 -1.468801267420663192e+00
7.400000000000000355e+00 -1.517044144043125042e+00
7.599999999999999645e+00 -1.561974750736695006e+00
7.799999999999999822e+00 -1.603203601964523051e+00
8.000000000000000000e+00 -1.640342981429705249e+00
8.199999999999999289e+00 -1.672995568389913368e+00
8.400000000000000355e+00 -1.700771119062605585e+00
8.599999999999999645e+00 -1.723286466625027380e+00
8.800000000000000711e+00 -1.740162917904003681e+00
9.000000000000000000e+00 -1.751026885247348730e+00
9.199999999999999289e+00 -1.755518227226471550e+00
9.400000000000000355e+00 -1.753293534367707185e+00
9.599999999999999645e+00 -1.744021706052448550e+00
9.800000000000000711e+00 -1.727391356050066440e+00
1.000000000000000000e+01 -1.703107779535143251e+00
1.019999999999999929e+01 -1.670899777298698430e+00
1.040000000000000036e+01 -1.630526479959409247e+00
1.059999999999999964e+01 -1.581763699541165025e+00
1.080000000000000071e+01 -1.524425160352428810e+00
1.100000000000000000e+01 -1.458354158283630797e+00
1.119999999999999929e+01 -1.383414209110306770e+00
1.140000000000000036e+01 -1.299516850835118698e+00
1.159999999999999964e+01 -1.206601423802750039e+00
1.180000000000000071e+01 -1.104647708128094097e+00
1.200000000000000000e+01 -9.936658137537039970e-01
1.219999999999999929e+01 -8.737138728492590545e-01
1.240000000000000036e+01 -7.448727649551828423e-01
1.259999999999999964e+01 -6.072764468103003521e-01
1.280000000000000071e+01 -4.610967874380114129e-01
1.300000000000000000e+01 -3.065359856893732360e-01
1.319999999999999929e+01 -1.438366801856559574e-01
1.340000000000000036e+01 2.671299571038306120e-02
1.359999999999999964e+01 2.047996337796046951e-01
1.380000000000000071e+01 3.900693860326571172e-01
1.400000000000000000e+01 5.821279647099775190e-01
1.419999999999999929e+01 7.805608621668971292e-01
1.440000000000000036e+01 9.849131309885361674e-01
1.459999999999999964e+01 1.194704548903632313e+00
1.480000000000000071e+01 1.409434673755816547e+00
1.500000000000000000e+01 1.628567678589786238e+00
1.519999999999999929e+01 1.851555099022046402e+00
1.540000000000000036e+01 2.077832800258145873e+00
1.559999999999999964e+01 2.306811878144378714e+00
1.580000000000000071e+01 2.537897868058634820e+00
1.600000000000000000e+01 2.770498580115877907e+00
1.619999999999999929e+01 3.003962175770010568e+00
1.639999999999999858e+01 3.237747014848760596e+00
1.660000000000000142e+01 3.471165368509968818e+00
1.680000000000000071e+01 3.703678882312694043e+00
1.700000000000000000e+01 3.934637992447910460e+00
1.719999999999999929e+01 4.163499289503401535e+00
1.739999999999999858e+01 4.389661231897270532e+00
1.760000000000000142e+01 4.612610740044957858e+00
1.780000000000000071e+01 4.831756382307117903e+00
1.800000000000000000e+01 5.046648266240149283e+00
1.819999999999999929e+01 5.256765729802575393e+00
1.839999999999999858e+01 5.461679100435900658e+00
1.860000000000000142e+01 5.660971343009816081e+00
1.880000000000000071e+01 5.854273444621143518e+00
1.900000000000000000e+01 6.041223974823612508e+00
1.919999999999999929e+01 6.221522162826280677e+00
1.939999999999999858e+01 6.394900095151491826e+00
1.960000000000000142e+01 6.561150517976912511e+00
1.980000000000000071e+01 6.720061122508933060e+00
2.000000000000000000e+01 6.871500479494364377e+00
2.019999999999999929e+01 7.015390236878424446e+00
2.039999999999999858e+01 7.151672262491429954e+00
2.060000000000000142e+01 7.280321281477002415e+00
2.080000000000000071e+01 7.401387843547902357e+00
2.100000000000000000e+01 7.514922498416897412e+00
2.119999999999999929e+01 7.621102170078664528e+00
2.139999999999999858e+01 7.720027957958727427e+00
2.160000000000000142e+01 7.811902060908149537e+00
2.180000000000000071e+01 7.896977227490748596e+00
2.200000000000000000e+01 7.975430381701203331e+00
2.219999999999999929e+01 8.047665921241629050e+00
2.239999999999999858e+01 8.113911319819465007e+00
2.260000000000000142e+01 8.174570975136825624e+00
2.280000000000000071e+01 8.229922910613918674e+00
2.300000000000000000e+01 8.280447348522002926e+00
2.319999999999999929e+01 8.326447587137669970e+00
2.339999999999999858e+01 8.368378573875796533e+00
2.360000000000000142e+01 8.406619431582118551e+00
2.380000000000000071e+01 8.441574557958746894e+00
2.400000000000000000e+01 8.473673625564183354e+00
2.419999999999999929e+01 8.503326087071821249e+00
2.439999999999999858e+01 8.530883262985371474e+00
2.460000000000000142e+01 8.556762188435140359e+00
2.480000000000000071e+01 8.581311656439204683e+00
2.500000000000000000e+01 8.604860240130530968e+00
2.519999999999999929e+01 8.627744095099007637e+00
2.539999999999999858e+01 8.650271574592492740e+00
2.560000000000000142e+01 8.672654987404598614e+00
2.580000000000000071e+01 8.695149609584786887e+00
2.600000000000000000e+01 8.717939947584648408e+00
2.619999999999999929e+01 8.741172595571196524e+00
2.639999999999999858e+01 8.764966345369431977e+00
2.660000000000000142e+01 8.789404604005413901e+00
2.680000000000000071e+01 8.814512646335524337e+00
2.700000000000000000e+01 8.840252560075192889e+00
2.719999999999999929e+01 8.866571268026012476e+00
2.739999999999999858e+01 8.893387890647563410e+00
2.760000000000000142e+01 8.920520448973890737e+00
2.780000000000000071e+01 8.947779381582130043e+00
2.800000000000000000e+01 8.974957434649947885e+00
2.819999999999999929e+01 9.001736144986924870e+00
2.839999999999999858e+01 9.027799576888286381e+00
2.860000000000000142e+01 9.052819157221057011e+00
2.880000000000000071e+01 9.076380378340576982e+00
2.900000000000000000e+01 9.098050281957013041e+00
2.919999999999999929e+01 9.117406019723091504e+00
2.939999999999999858e+01 9.133912320730349421e+00
2.960000000000000142e+01 9.147097151760993583e+00
2.980000000000000071e+01 9.156400320898166356e+00
3.000000000000000000e+01 9.161329170641266728e+00
3.019999999999999929e+01 9.161301368299245240e+00
3.039999999999999858e+01 9.155781339665365337e+00
3.060000000000000142e+01 9.144175125614642852e+00
3.080000000000000071e+01 9.125962064105603844e+00
3.100000000000000000e+01 9.100588635783479319e+00
3.119999999999999929e+01 9.067524068664242876e+00
3.139999999999999858e+01 9.026240118249500455e+00
3.160000000000000142e+01 8.976286892095652448e+00
3.180000000000000071e+01 8.917161420560692164e+00
3.200000000000000000e+01 8.848446668514313274e+00
3.220000000000000284e+01 8.769773623053334077e+00
3.239999999999999858e+01 8.680790963674040128e+00
3.260000000000000142e+01 8.581197919585484613e+00
3.279999999999999716e+01 8.470756907137673153e+00
3.300000000000000000e+01 8.349268254965190650e+00
3.320000000000000284e+01 8.216567676501547624e+00
3.339999999999999858e+01 8.072652644261104626e+00
3.360000000000000142e+01 7.917437223732167517e+00
3.379999999999999716e+01 7.751052844167920064e+00
3.400000000000000000e+01 7.573585440080063513e+00
3.420000000000000284e+01 7.385224572891464057e+00
3.439999999999999858e+01 7.186265958421794053e+00
3.460000000000000142e+01 6.977050807232211938e+00
3.479999999999999716e+01 6.757978462053561231e+00
3.500000000000000000e+01 6.529516507728907904e+00
3.520000000000000284e+01 6.292248793440686327e+00
3.539999999999999858e+01 6.046819828026640309e+00
3.560000000000000142e+01 5.793853900439412286e+00
3.579999999999999716e+01 5.534167388540147670e+00
3.600000000000000000e+01 5.268561505276164958e+00
3.620000000000000284e+01 4.997885485821904616e+00
3.639999999999999858e+01 4.723125049576275991e+00
3.660000000000000142e+01 4.445215366225420794e+00
3.679999999999999716e+01 4.165223034708668948e+00
3.700000000000000000e+01 3.884227291393543613e+00
3.720000000000000284e+01 3.603284625276821362e+00
3.739999999999999858e+01 3.323593064551018994e+00
3.760000000000000142e+01 3.046264702896955168e+00
3.779999999999999716e+01 2.772530425820445288e+00
3.800000000000000000e+01 2.503570569114539346e+00
3.820000000000000284e+01 2.240552831144097201e+00
3.839999999999999858e+01 1.984725789814399732e+00
3.860000000000000142e+01 1.737234396119563762e+00
3.879999999999999716e+01 1.499289315680296886e+00
3.900000000000000000e+01 1.272027917033801359e+00
3.920000000000000284e+01 1.056577458774722755e+00
3.939999999999999858e+01 8.540300674473390030e-01
3.960000000000000142e+01 6.654306056144911885e-01
3.979999999999999716e+01 4.917794520917880274e-01
4.000000000000000000e+01 3.340182974783189596e-01
4.020000000000000284e+01 1.930316606480364239e-01
4.039999999999999858e+01 6.963728430433127614e-02
4.060000000000000142e+01 -3.542271121970107933e-02
4.079999999999999716e+01 -1.214835972012080906e-01
4.100000000000000000e+01 -1.879539420008455863e-01
4.120000000000000284e+01 -2.343408859191596638e-01
4.139999999999999858e+01 -2.602349762827586566e-01
4.160000000000000142e+01 -2.653126949299495774e-01
4.179999999999999716e+01 -2.493667880383977908e-01
4.200000000000000000e+01 -2.122582438980017694e-01
4.220000000000000284e+01 -1.539491502241879251e-01
4.239999999999999858e+01 -7.456082632759078455e-02
4.260000000000000142e+01 2.578035350987873883e-02
4.279999999999999716e+01 1.467458161552511464e-01
4.300000000000000000e+01 2.880069884755574461e-01
4.320000000000000284e+01 4.490330984867707542e-01
4.339999999999999858e+01 6.293186490612462380e-01
4.360000000000000142e+01 8.281559442202819366e-01
4.379999999999999716e+01 1.044786738272410753e+00
4.400000000000000000e+01 1.278376960957018138e+00
4.420000000000000284e+01 1.527991442587961934e+00
4.439999999999999858e+01 1.792619188909952976e+00
4.460000000000000142e+01 2.071173381098554866e+00
4.479999999999999716e+01 2.362567200329331207e+00
4.500000000000000000e+01 2.665486354070407238e+00
4.520000000000000284e+01 2.978742924071817288e+00
4.539999999999999858e+01 3.300946793232536702e+00
4.560000000000000142e+01 3.630808943877074313e+00
4.579999999999999716e+01 3.966888709191640938e+00
4.600000000000000000e+01 4.307821246931596626e+00
4.620000000000000284e+01 4.652090065714006961e+00
4.639999999999999858e+01 4.998279773581466578e+00
4.660000000000000142e+01 5.344949703720190293e+00
4.679999999999999716e+01 5.690608639603624397e+00
4.700000000000000000e+01 6.033841189274363082e+00
4.720000000000000284e+01 6.373156136205856193e+00
4.739999999999999858e+01 6.707239187866226082e+00
4.760000000000000142e+01 7.034649677441687565e+00
4.779999999999999716e+01 7.354123862113125298e+00
4.800000000000000000e+01 7.664372724205047227e+00
4.820000000000000284e+01 7.964132520898346002e+00
4.839999999999999858e+01 8.252265883655812928e+00
4.860000000000000142e+01 8.527706213538124302e+00
4.879999999999999716e+01 8.789386911605946651e+00
4.900000000000000000e+01 9.036367753201862030e+00
4.920000000000000284e+01 9.267799503151426421e+00
4.939999999999999858e+01 9.482908750849343704e+00
4.960000000000000142e+01 9.681005492716380445e+00
4.979999999999999716e+01 9.861493242141914806e+00
5.000000000000000000e+01 1.002385133708447107e+01
5.020000000000000284e+01 1.016770823715523342e+01
5.039999999999999858e+01 1.029272020430740042e+01
5.060000000000000142e+01 1.039872295197449148e+01
5.079999999999999716e+01 1.048558505090331394e+01
5.100000000000000000e+01 1.055332040226488211e+01
5.120000000000000284e+01 1.060199446793722622e+01
5.139999999999999858e+01 1.063179428185756947e+01
5.160000000000000142e+01 1.064299786744612142e+01
5.179999999999999716e+01 1.063597550134888614e+01
5.200000000000000000e+01 1.061122130700812249e+01
5.220000000000000284e+01 1.056919680330138434e+01
5.239999999999999858e+01 1.051058693883662265e+01
5.260000000000000142e+01 1.043607160725051841e+01
5.279999999999999716e+01 1.034641158172018116e+01
5.300000000000000000e+01 1.024240554770728728e+01
5.320000000000000284e+01 1.012498361992670581e+01
5.339999999999999858e+01 9.995048110751277193e+00
5.360000000000000142e+01 9.853594849522464116e+00
5.379999999999999716e+01 9.701672742780132808e+00
5.400000000000000000e+01 9.540297839750845554e+00
5.420000000000000284e+01 9.370582234115419240e+00
5.439999999999999858e+01 9.193582414870633102e+00
5.460000000000000142e+01 9.010453442953156866e+00
5.479999999999999716e+01 8.822287192158700719e+00
5.500000000000000000e+01 8.630188173711168531e+00
5.520000000000000284e+01 8.435308921061590581e+00
5.539999999999999858e+01 8.238675593379085171e+00
5.560000000000000142e+01 8.041385119430643158e+00
5.579999999999999716e+01 7.844466185871017849e+00
5.600000000000000000e+01 7.648919677012951723e+00
5.620000000000000284e+01 7.455712608861620794e+00
5.639999999999999858e+01 7.265753612503973002e+00
5.660000000000000142e+01 7.079955615752532516e+00
5.679999999999999716e+01 6.899051336693820424e+00
5.700000000000000000e+01 6.723844768509353642e+00
5.720000000000000284e+01 6.555031475246773986e+00
5.739999999999999858e+01 6.393224372173349934e+00
5.760000000000000142e+01 6.238971923672575137e+00
5.779999999999999716e+01 6.092756879501349587e+00
5.800000000000000000e+01 5.955024077132004656e+00
5.820000000000000284e+01 5.826099562211865646e+00
5.839999999999999858e+01 5.706208280962738577e+00
5.860000000000000142e+01 5.595608036919720973e+00
5.879999999999999716e+01 5.494407511965255786e+00
5.900000000000000000e+01 5.402604178613703567e+00
5.920000000000000284e+01 5.320230894178365588e+00
5.939999999999999858e+01 5.247161284377326318e+00
5.960000000000000142e+01 5.183241172586655843e+00
5.979999999999999716e+01 5.128243085098914911e+00
6.000000000000000000e+01 5.081914273350278677e+00
6.020000000000000284e+01 5.043875614495017423e+00
6.039999999999999858e+01 5.013747985687394326e+00
6.060000000000000142e+01 4.991076439512530882e+00
6.079999999999999716e+01 4.975406028555545923e+00
6.100000000000000000e+01 4.966130156263266038e+00
6.120000000000000284e+01 4.962768600364428018e+00
6.139999999999999858e+01 4.964714764305861117e+00
6.160000000000000142e+01 4.971311501821623402e+00
6.179999999999999716e+01 4.981952216358544128e+00
6.200000000000000000e+01 4.996005036507067842e+00
6.220000000000000284e+01 5.012762266288487645e+00
6.239999999999999858e+01 5.031642584006015717e+00
6.260000000000000142e+01 5.051938293680951375e+00
6.279999999999999716e+01 5.073017523903733839e+00
6.300000000000000000e+01 5.094273678121192361e+00
6.320000000000000284e+01 5.115049610067388564e+00
6.339999999999999858e+01 5.134814547758296932e+00
6.360000000000000142e+01 5.152987169497121656e+00
6.379999999999999716e+01 5.169036703299840774e+00
6.400000000000000000e+01 5.182482926895188413e+00
6.420000000000000284e+01 5.192896167724668999e+00
6.440000000000000568e+01 5.199846753229783403e+00
6.459999999999999432e+01 5.202980835421180394e+00
6.479999999999999716e+01 5.202020390878655753e+00
6.500000000000000000e+01 5.196687396182006147e+00
6.520000000000000284e+01 5.186804927336551074e+00
6.540000000000000568e+01 5.172196060347619806e+00
6.559999999999999432e+01 5.152810245502447373e+00
6.579999999999999716e+01 5.128546383375501172e+00
6.600000000000000000e+01 5.099480298535932654e+00
6.620000000000000284e+01 5.065687815552885276e+00
6.640000000000000568e+01 5.027295308708271016e+00
6.659999999999999432e+01 4.984454427140384780e+00
6.679999999999999716e+01 4.937417919413047862e+00
6.700000000000000000e+01 4.886438534090080665e+00
6.720000000000000284e+01 4.831895394017219125e+00
6.740000000000000568e+01 4.774117072327433320e+00
6.759999999999999432e+01 4.713507966722835008e+00
6.779999999999999716e+01 4.650523024618308021e+00
6.800000000000000000e+01 4.585617193428730864e+00
6.820000000000000284e+01 4.519321245138131715e+00
6.840000000000000568e+01 4.452140676874154046e+00
6.859999999999999432e+01 4.384606260620825147e+00
6.879999999999999716e+01 4.317299318074934611e+00
6.900000000000000000e+01 4.250750621220513281e+00
6.920000000000000284e+01 4.185541491754348975e+00
6.940000000000000568e+01 4.122253251373233951e+00
6.959999999999999432e+01 4.061391397204814346e+00
6.979999999999999716e+01 4.003562525802262684e+00
7.000000000000000000e+01 3.949246859436840396e+00
7.020000000000000284e+01 3.898949895236194951e+00
7.040000000000000568e+01 3.853202405184352308e+00
7.059999999999999432e+01 3.812408786983426445e+00
7.079999999999999716e+01 3.776948163479151521e+00
7.100000000000000000e+01 3.747300756942791633e+00
7.120000000000000284e+01 3.723668766225403104e+00
7.140000000000000568e+01 3.706431314172718761e+00
7.159999999999999432e+01 3.695790599635798035e+00
7.179999999999999716e+01 3.691872996896552017e+00
7.200000000000000000e+01 3.694855429949655434e+00
7.220000000000000284e+01 3.704813723364254852e+00
7.240000000000000568e+01 3.721697327427587521e+00
7.259999999999999432e+01 3.745480967283269180e+00
7.279999999999999716e+01 3.776038268649390961e+00
7.300000000000000000e+01 3.813192307531275471e+00
7.320000000000000284e+01 3.856665060508717602e+00
7.340000000000000568e+01 3.906229053874278545e+00
7.359999999999999432e+01 3.961404065356695536e+00
7.379999999999999716e+01 4.021861521823000274e+00
7.400000000000000000e+01 4.087045376432781651e+00
7.420000000000000284e+01 4.156450132058396640e+00
7.440000000000000568e+01 4.229443917290288013e+00
7.459999999999999432e+01 4.305394860718902095e+00
7.479999999999999716e+01 4.383620541221915801e+00
7.500000000000000000e+01 4.463362713107864366e+00
7.520000000000000284e+01 4.543837855828898320e+00
7.540000000000000568e+01 4.624237173980785265e+00
7.559999999999999432e+01 4.703726597302911649e+00
7.579999999999999716e+01 4.781421505821898954e+00
7.600000000000000000e+01 4.856412004707987506e+00
7.620000000000000284e+01 4.927813473987798787e+00
7.640000000000000568e+01 4.994690743975190195e+00
7.659999999999999432e+01 5.056108644984018241e+00
7.679999999999999716e+01 5.111132007328142102e+00
7.700000000000000000e+01 5.158901485890564409e+00
7.720000000000000284e+01 5.198431361272379370e+00
7.740000000000000568e+01 5.228907783098076578e+00
7.759999999999999432e+01 5.249400636652793217e+00
7.779999999999999716e+01 5.259108708989208125e+00
7.800000000000000000e+01 5.257215622246178555e+00
7.820000000000000284e+01 5.242965658217875635e+00
7.840000000000000568e+01 5.215646065954320676e+00
7.859999999999999432e+01 5.174546621991168216e+00
7.879999999999999716e+01 5.119101169545460905e+00
7.900000000000000000e+01 5.048725859434768815e+00
7.920000000000000284e+01 4.962920249502722037e+00
7.940000000000000568e+01 4.861267304619014240e+00
7.959999999999999432e+01 4.743410649308657412e+00
7.979999999999999716e+01 4.609041930323786396e+00
8.000000000000000000e+01 4.457964003784619322e+00
8.020000000000000284e+01 4.290055550380523997e+00
8.040000000000000568e+01 4.105225580628522941e+00
8.059999999999999432e+01 3.903509479327551102e+00
8.079999999999999716e+01 3.685036148245156795e+00
8.100000000000000000e+01 3.449964818976551495e+00
8.120000000000000284e+01 3.198553295056830503e+00
8.140000000000000568e+01 2.931198391731195674e+00
8.159999999999999432e+01 2.648279231845382942e+00
8.179999999999999716e+01 2.350331642354692718e+00
8.200000000000000000e+01 2.037944527412832052e+00
8.220000000000000284e+01 1.711744703458080386e+00
8.240000000000000568e+01 1.372523273495201979e+00
8.259999999999999432e+01 1.021043538186940047e+00
8.279999999999999716e+01 6.581800075641197623e-01
8.300000000000000000e+01 2.848880711979898672e-01
8.320000000000000284e+01 -9.785413396945745468e-02
8.340000000000000568e+01 -4.889951739127213481e-01
8.359999999999999432e+01 -8.874330648935359056e-01
8.379999999999999716e+01 -1.292027910889062658e+00
8.400000000000000000e+01 -1.701591793649336992e+00
8.420000000000000284e+01 -2.114900146382638901e+00
8.440000000000000568e+01 -2.530708182412143792e+00
8.459999999999999432e+01 -2.947738257747730017e+00
8.479999999999999716e+01 -3.364695035999807793e+00
8.500000000000000000e+01 -3.780271807093415593e+00
8.520000000000000284e+01 -4.193159333467953331e+00
8.540000000000000568e+01 -4.602035740134630792e+00
8.559999999999999432e+01 -5.005594317018486450e+00
8.579999999999999716e+01 -5.402538463987110795e+00
8.600000000000000000e+01 -5.791553888508628845e+00
8.620000000000000284e+01 -6.171414760048501869e+00
8.640000000000000568e+01 -6.540852280816340958e+00
8.659999999999999432e+01 -6.898686115019096121e+00
8.679999999999999716e+01 -7.243740981834994486e+00
8.700000000000000000e+01 -7.574879512726833575e+00
8.720000000000000284e+01 -7.891037636240923803e+00
8.740000000000000568e+01 -8.191166445837401611e+00
8.759999999999999432e+01 -8.474310551945016812e+00
8.779999999999999716e+01 -8.739555004762733503e+00
8.800000000000000000e+01 -8.986048041630471772e+00
8.820000000000000284e+01 -9.213001087029105918e+00
8.840000000000000568e+01 -9.419714027436842940e+00
8.859999999999999432e+01 -9.605542354015943474e+00
8.879999999999999716e+01 -9.769884525184506785e+00
8.900000000000000000e+01 -9.912260318671270554e+00
8.920000000000000284e+01 -1.003228050168794638e+01
8.940000000000000568e+01 -1.012957606133135791e+01
8.959999999999999432e+01 -1.020389677652331706e+01
8.979999999999999716e+01 -1.025507836069733969e+01
9.000000000000000000e+01 -1.028299443957151738e+01
9.020000000000000284e+01 -1.028763743068893355e+01
9.040000000000000568e+01 -1.026908063113309666e+01
9.059999999999999432e+01 -1.022741250290134474e+01
9.079999999999999716e+01 -1.016289337701441831e+01
9.100000000000000000e+01 -1.007579622192123914e+01
9.120000000000000284e+01 -9.966457193211692100e+00
9.140000000000000568e+01 -9.835331238300664580e+00
9.159999999999999432e+01 -9.682898579459408239e+00
9.179999999999999716e+01 -9.509740538384724218e+00
9.200000000000000000e+01 -9.316438436773397669e+00
9.220000000000000284e+01 -9.103775795173280727e+00
9.240000000000000568e+01 -8.872359210137544139e+00
9.259999999999999432e+01 -8.623048026783187936e+00
9.279999999999999716e+01 -8.356701590227205045e+00
9.300000000000000000e+01 -8.074153970730209906e+00
9.320000000000000284e+01 -7.776340337978346895e+00
9.340000000000000568e+01 -7.464246411370517365e+00
9.359999999999999432e+01 -7.138807360592872797e+00
9.379999999999999716e+01 -6.801084729613461555e+00
9.400000000000000000e+01 -6.452089512687572359e+00
9.420000000000000284e+01 -6.092908528639644494e+00
9.440000000000000568e+01 -5.724583101552622288e+00
9.459999999999999432e+01 -5.348243017506794317e+00
9.479999999999999716e+01 -4.964924545613834006e+00
9.500000000000000000e+01 -4.575732197097639897e+00
9.520000000000000284e+01 -4.181778065639033315e+00
9.540000000000000568e+01 -3.784123695206067950e+00
9.559999999999999432e+01 -3.383823047309882703e+00
9.579999999999999716e+01 -2.981952830832361290e+00
9.600000000000000000e+01 -2.579572062255917064e+00
9.620000000000000284e+01 -2.177666460979459817e+00
9.640000000000000568e+01 -1.777252076229554945e+00
9.659999999999999432e+01 -1.379299462491278883e+00
9.679999999999999716e+01 -9.847589543646050325e-01
9.700000000000000000e+01 -5.944646221101460570e-01
9.720000000000000284e+01 -2.093769102704272633e-01
9.740000000000000568e+01 1.696953857503196439e-01
9.759999999999999432e+01 5.420192951170101914e-01
9.779999999999999716e+01 9.067607475690309116e-01
9.800000000000000000e+01 1.263262596840442509e+00
9.820000000000000284e+01 1.610791872096160482e+00
9.840000000000000568e+01 1.948817801352160206e+00
9.859999999999999432e+01 2.276683238342500637e+00
9.879999999999999716e+01 2.593907960795919898e+00
9.900000000000000000e+01 2.900011746441157889e+00
9.920000000000000284e+01 3.194514373006949182e+00
9.940000000000000568e+01 3.477087267360325473e+00
9.959999999999999432e+01 3.747326031799172785e+00
9.979999999999999716e+01 4.004977917759667605e+00
1.000000000000000000e+02 4.249790176677985976e+00
1.002000000000000028e+02 4.481585884559456723e+00
1.004000000000000057e+02 4.700162842553016418e+00
1.005999999999999943e+02 4.905419951233139564e+00
1.007999999999999972e+02 5.097331935743443232e+00
1.010000000000000000e+02 5.275797696658397484e+00
1.012000000000000028e+02 5.440893058547150218e+00
1.014000000000000057e+02 5.592643296266084363e+00
1.015999999999999943e+02 5.731149509240728968e+00
1.017999999999999972e+02 5.856512796896608641e+00
1.020000000000000000e+02 5.968884808372020068e+00
1.022000000000000028e+02 6.068493017374405163e+00
1.024000000000000057e+02 6.155539622754819362e+00
1.025999999999999943e+02 6.230226823364322541e+00
1.027999999999999972e+02 6.292908467192261490e+00
1.030000000000000000e+02 6.343786753089699637e+00
1.032000000000000028e+02 6.383266078758748741e+00
1.034000000000000057e+02 6.411624467619615686e+00
1.035999999999999943e+02 6.429241042518032856e+00
1.037999999999999972e+02 6.436469651443352369e+00
1.040000000000000000e+02 6.433714692097686871e+00
1.042000000000000028e+02 6.421380562183158780e+00
1.044000000000000057e+02 6.399821109689112220e+00
1.045999999999999943e+02 6.369491282030431023e+00
1.047999999999999972e+02 6.330815696794337200e+00
1.050000000000000000e+02 6.284211389111134416e+00
1.052000000000000028e+02 6.230100449082409675e+00
1.054000000000000057e+02 6.168907494295384097e+00
1.055999999999999943e+02 6.101049559880361350e+00
1.057999999999999972e+02 6.026979065766585819e+00
1.060000000000000000e+02 5.947118102055640954e+00
1.062000000000000028e+02 5.861845791593259136e+00
1.064000000000000057e+02 5.771624664251236325e+00
1.065999999999999943e+02 5.676821205447114771e+00
1.067999999999999972e+02 5.577862560253754154e+00
1.070000000000000000e+02 5.475112686603058165e+00
1.072000000000000028e+02 5.368970927225864997e+00
1.074000000000000057e+02 5.259801240054081894e+00
1.075999999999999943e+02 5.147949890620142632e+00
1.077999999999999972e+02 5.033766177439252587e+00
1.080000000000000000e+02 4.917605464992141684e+00
1.082000000000000028e+02 4.799770040561145201e+00
1.084000000000000057e+02 4.680579631079496927e+00
1.085999999999999943e+02 4.560299369790648427e+00
1.087999999999999972e+02 4.439235335205384381e+00
1.090000000000000000e+02 4.317670858463753092e+00
1.092000000000000028e+02 4.195828358301917582e+00
1.094000000000000057e+02 4.073978275683166395e+00
1.095999999999999943e+02 3.952320281972921290e+00
1.097999999999999972e+02 3.831089433335534977e+00
1.100000000000000000e+02 3.710472763708237309e+00
1.102000000000000028e+02 3.590667416970810155e+00
1.104000000000000057e+02 3.471850317117926910e+00
1.105999999999999943e+02 3.354183223230436717e+00
1.107999999999999972e+02 3.237815256960992816e+00
1.110000000000000000e+02 3.122882902534059202e+00
1.112000000000000028e+02 3.009525171659739762e+00
1.114000000000000057e+02 2.897848218734838444e+00
1.115999999999999943e+02 2.787965780613075317e+00
1.117999999999999972e+02 2.679971374263065975e+00
1.120000000000000000e+02 2.573958516653422901e+00
1.122000000000000028e+02 2.469997977382017762e+00
1.124000000000000057e+02 2.368165581017996679e+00
1.125999999999999943e+02 2.268516932245400408e+00
1.127999999999999972e+02 2.171117745690823053e+00
1.130000000000000000e+02 2.076000878667561445e+00
1.132000000000000028e+02 1.983216880888380329e+00
1.134000000000000057e+02 1.892793554695299418e+00
1.135999999999999943e+02 1.804763757401616431e+00
1.137999999999999972e+02 1.719145181406798617e+00
1.140000000000000000e+02 1.635957288350259775e+00
1.142000000000000028e+02 1.555210946420245266e+00
1.144000000000000057e+02 1.476912727079413790e+00
1.145999999999999943e+02 1.401067179801914309e+00
1.147999999999999972e+02 1.327676326576257004e+00
1.150000000000000000e+02 1.256732584945528197e+00
1.152000000000000028e+02 1.188226603212865662e+00
1.154000000000000057e+02 1.122152568161301600e+00
1.155999999999999943e+02 1.058489754408602712e+00
1.157999999999999972e+02 9.972283047607798379e-01
1.160000000000000000e+02 9.383439553557060275e-01
1.162000000000000028e+02 8.818149698168930017e-01
1.164000000000000057e+02 8.276150622937025192e-01
1.165999999999999943e+02 7.757197161754442183e-01
1.167999999999999972e+02 7.260988543830230180e-01
1.170000000000000000e+02 6.787188613574507423e-01
1.172000000000000028e+02 6.335471325339943061e-01
1.174000000000000057e+02 5.905455028795165706e-01
1.175999999999999943e+02 5.496732798752420601e-01
1.177999999999999972e+02 5.108938149794165495e-01
1.180000000000000000e+02 4.741575694735307156e-01
1.182000000000000028e+02 4.394253673301922736e-01
1.184000000000000057e+02 4.066431203567432151e-01
1.185999999999999943e+02 3.757650810631315563e-01
1.187999999999999972e+02 3.467338755253698834e-01
1.190000000000000000e+02 3.194976902878744474e-01
1.192000000000000028e+02 2.939986459295299004e-01
1.194000000000000057e+02 2.701763355435827796e-01
1.195999999999999943e+02 2.479653730765722652e-01
1.197999999999999972e+02 2.273061098674362401e-01
1.200000000000000000e+02 2.081285522563953716e-01
1.202000000000000028e+02 1.903647336271522550e-01
1.204000000000000057e+02 1.739427242659286055e-01
1.205999999999999943e+02 1.587895379699494902e-01
1.207999999999999972e+02 1.448292237957863327e-01
1.210000000000000000e+02 1.319850472794626139e-01
1.212000000000000028e+02 1.201778981205019747e-01
1.214000000000000057e+02 1.093271495270450172e-01
1.215999999999999943e+02 9.935040546728576838e-02
1.217999999999999972e+02 9.016534573398722607e-02
1.220000000000000000e+02 8.168704680970509391e-02
1.222000000000000028e+02 7.383126658712313439e-02
1.224000000000000057e+02 6.651212413723726902e-02
1.225999999999999943e+02 5.964474345933321042e-02
1.227999999999999972e+02 5.314301412871093311e-02
1.230000000000000000e+02 4.692266977419206481e-02
1.232000000000000028e+02 4.089893852747060465e-02
1.234000000000000057e+02 3.498924743274577087e-02
1.235999999999999943e+02 2.911130155763702598e-02
1.237999999999999972e+02 2.318601587652436083e-02
1.240000000000000000e+02 1.713529108318665936e-02
1.242000000000000028e+02 1.088443997701443386e-02
1.244000000000000057e+02 4.361151193898109117e-03
1.245999999999999943e+02 -2.503067599472533124e-03
1.247999999999999972e+02 -9.773205641313131159e-03
1.250000000000000000e+02 -1.751019302790433885e-02
1.252000000000000028e+02 -2.577006664333119854e-02
1.254000000000000057e+02 -3.460431137004434110e-02
1.255999999999999943e+02 -4.405938239407428819e-02
1.257999999999999972e+02 -5.417564366106349116e-02
1.260000000000000000e+02 -6.498822722138322683e-02
1.262000000000000028e+02 -7.652569366274546148e-02
1.264000000000000057e+02 -8.880977936163887698e-02
1.265999999999999943e+02 -1.018561547290204594e-01
1.267999999999999972e+02 -1.156736659646240145e-01
1.270000000000000000e+02 -1.302630713141409990e-01
1.272000000000000028e+02 -1.456195685548587748e-01
1.274000000000000057e+02 -1.617277400243841978e-01
1.275999999999999943e+02 -1.785701460718135680e-01
1.277999999999999972e+02 -1.961159513723604586e-01
1.280000000000000000e+02 -2.143317931156003830e-01
1.281999999999999886e+02 -2.331701545715347546e-01
1.284000000000000057e+02 -2.525845300044202157e-01
1.285999999999999943e+02 -2.725137542618118469e-01
1.288000000000000114e+02 -2.928974204369559353e-01
1.290000000000000000e+02 -3.136559127322486318e-01
1.291999999999999886e+02 -3.347177033041281446e-01
1.294000000000000057e+02 -3.559945829038204113e-01
1.295999999999999943e+02 -3.773940455569665398e-01
1.298000000000000114e+02 -3.988195413121864430e-01
1.300000000000000000e+02 -4.201699707439510156e-01
1.301999999999999886e+02 -4.413379157126359198e-01
1.304000000000000057e+02 -4.622121668501592007e-01
1.305999999999999943e+02 -4.826772180628541298e-01
1.308000000000000114e+02 -5.026116994903732094e-01
1.310000000000000000e+02 -5.218999028401986040e-01
1.311999999999999886e+02 -5.404153021812807545e-01
1.314000000000000057e+02 -5.580301583894639039e-01
1.315999999999999943e+02 -5.746236071015282665e-01
1.318000000000000114e+02 -5.900683135910199661e-01
1.320000000000000000e+02 -6.042391673188471923e-01
1.321999999999999886e+02 -6.170097940030986328e-01
1.324000000000000057e+02 -6.282588743331395387e-01
1.325999999999999943e+02 -6.378691329753565231e-01
1.328000000000000114e+02 -6.457225363504441873e-01
1.330000000000000000e+02 -6.517038311132998807e-01
1.331999999999999886e+02 -6.557093903527564382e-01
1.334000000000000057e+02 -6.576340706662635593e-01
1.335999999999999943e+02 -6.573813221024411568e-01
1.338000000000000114e+02 -6.548563639498560240e-01
1.340000000000000000e+02 -6.499833716393612626e-01
1.341999999999999886e+02 -6.426799491391508301e-01
1.344000000000000057e+02 -6.328806345711949222e-01
1.345999999999999943e+02 -6.205250210287398538e-01
1.348000000000000114e+02 -6.055625587990209890e-01
1.350000000000000000e+02 -5.879520498661355843e-01
1.351999999999999886e+02 -5.676591457002599928e-01
1.354000000000000057e+02 -5.446612758546450772e-01
1.355999999999999943e+02 -5.189486589598706345e-01
1.358000000000000114e+02 -4.905205114953891665e-01
1.360000000000000000e+02 -4.593780972040192312e-01
1.361999999999999886e+02 -4.255477019363989588e-01
1.364000000000000057e+02 -3.890533368060911656e-01
1.365999999999999943e+02 -3.499354415833075271e-01
1.368000000000000114e+02 -3.082445659808122906e-01
1.370000000000000000e+02 -2.640363146826467111e-01
1.371999999999999886e+02 -2.173839847723190444e-01
1.374000000000000057e+02 -1.683634008189759113e-01
1.375999999999999943e+02 -1.170604973343171984e-01
1.378000000000000114e+02 -6.357384625823350732e-02
1.380000000000000000e+02 -8.007074501891770640e-03
1.381999999999999886e+02 4.952608108098777856e-02
1.384000000000000057e+02 1.089068286654083090e-01
1.385999999999999943e+02 1.700087939694593653e-01
1.388000000000000114e+02 2.327005477399529398e-01
1.390000000000000000e+02 2.968430782667866308e-01
1.391999999999999886e+02 3.622897913829435379e-01
1.394000000000000057e+02 4.289016753783215230e-01
1.395999999999999943e+02 4.965194986577121661e-01
1.398000000000000114e+02 5.649916120828224475e-01
1.400000000000000000e+02 6.341663665153592921e-01
1.401999999999999886e+02 7.038794753888369948e-01
1.404000000000000057e+02 7.739767620793254199e-01
1.405999999999999943e+02 8.442989949916152037e-01
1.408000000000000114e+02 9.146945249874135486e-01
1.410000000000000000e+02 9.849712631582152600e-01
1.411999999999999886e+02 1.055028110078492176e+00
1.414000000000000057e+02 1.124685614267928679e+00
1.415999999999999943e+02 1.193782016645680955e+00
1.418000000000000114e+02 1.262183360472920457e+00
1.420000000000000000e+02 1.329768326439014769e+00
1.421999999999999886e+02 1.396347353121095480e+00
1.424000000000000057e+02 1.461816813607996757e+00
1.425999999999999943e+02 1.526080663445465113e+00
1.428000000000000114e+02 1.588951868696272918e+00
1.430000000000000000e+02 1.650349549819995598e+00
1.431999999999999886e+02 1.710152387505999849e+00
1.434000000000000057e+02 1.768269392271308860e+00
1.435999999999999943e+02 1.824571662348373424e+00
1.438000000000000114e+02 1.878980845682409084e+00
1.440000000000000000e+02 1.931436282618097078e+00
1.441999999999999886e+02 1.981819181330442659e+00
1.444000000000000057e+02 2.030061299707212719e+00
1.445999999999999943e+02 2.076107033064367169e+00
1.448000000000000114e+02 2.119875501861482103e+00
1.450000000000000000e+02 2.161303518957601089e+00
1.451999999999999886e+02 2.200345589611238939e+00
1.454000000000000057e+02 2.236951164109628465e+00
1.455999999999999943e+02 2.271069692740006030e+00
1.458000000000000114e+02 2.302660735732160457e+00
1.460000000000000000e+02 2.331683853315880128e+00
1.461999999999999886e+02 2.358070803378931934e+00
1.464000000000000057e+02 2.381841805806423462e+00
1.465999999999999943e+02 2.402915981057930139e+00
1.468000000000000114e+02 2.421257944334517465e+00
1.470000000000000000e+02 2.436852530722356303e+00
1.471999999999999886e+02 2.449679520336339511e+00
1.474000000000000057e+02 2.459663088607322301e+00
1.475999999999999943e+02 2.466775433193282741e+00
1.478000000000000114e+02 2.470986224266563003e+00
1.480000000000000000e+02 2.472260077028227698e+00
1.481999999999999886e+02 2.470561606679341438e+00
1.484000000000000057e+02 2.465822571107672889e+00
1.485999999999999943e+02 2.457979783172265620e+00
1.488000000000000114e+02 2.447013022988013820e+00
1.490000000000000000e+02 2.432851520957048042e+00
1.491999999999999886e+02 2.415399232625115467e+00
1.494000000000000057e+02 2.394635938107110729e+00
1.495999999999999943e+02 2.370463065463142005e+00
1.498000000000000114e+02 2.342835119951721889e+00
1.500000000000000000e+02 2.311630782262215078e+00
1.501999999999999886e+02 2.276779282796753012e+00
1.504000000000000057e+02 2.238189632072357771e+00
1.505999999999999943e+02 2.195793587976798023e+00
1.508000000000000114e+02 2.149452138799972101e+00
1.510000000000000000e+02 2.099094514944008782e+00
1.511999999999999886e+02 2.044619616983379462e+00
1.514000000000000057e+02 1.985918763035641188e+00
1.515999999999999943e+02 1.922886809698243216e+00
1.518000000000000114e+02 1.855421646551400627e+00
1.520000000000000000e+02 1.783415097209798628e+00
1.521999999999999886e+02 1.706769347979237628e+00
1.524000000000000057e+02 1.625381176346252454e+00
1.525999999999999943e+02 1.539149280686463284e+00
1.528000000000000114e+02 1.447987423189893486e+00
1.530000000000000000e+02 1.351799155004589137e+00
1.531999999999999886e+02 1.250508651561403228e+00
1.534000000000000057e+02 1.144038571799805837e+00
1.535999999999999943e+02 1.032321179104692677e+00
1.538000000000000114e+02 9.152985940549488442e-01
1.540000000000000000e+02 7.929253219090862670e-01
1.541999999999999886e+02 6.651679998566798480e-01
1.544000000000000057e+02 5.320038805269859949e-01
1.545999999999999943e+02 3.934233594745794593e-01
1.548000000000000114e+02 2.494375576362683200e-01
1.550000000000000000e+02 1.000606289316265801e-01
1.551999999999999886e+02 -5.465940441221953799e-02
1.554000000000000057e+02 -2.146669377112289112e-01
1.555999999999999943e+02 -3.798912013675312949e-01
1.558000000000000114e+02 -5.502310959555979375e-01
1.560000000000000000e+02 -7.255754121073468843e-01
1.561999999999999886e+02 -9.057876655983142511e-01
1.564000000000000057e+02 -1.090708624833291562e+00
1.565999999999999943e+02 -1.280158838331965754e+00
1.568000000000000114e+02 -1.473928524786363381e+00
1.570000000000000000e+02 -1.671835705230533042e+00
1.571999999999999886e+02 -1.873577081387886478e+00
1.574000000000000057e+02 -2.078942871950453686e+00
1.575999999999999943e+02 -2.287601976299625584e+00
1.578000000000000114e+02 -2.499273843529559613e+00
1.580000000000000000e+02 -2.713599570679628314e+00
1.581999999999999886e+02 -2.930275859473244982e+00
1.584000000000000057e+02 -3.148878092323187161e+00
1.585999999999999943e+02 -3.369027146383722471e+00
1.588000000000000114e+02 -3.590354008751670545e+00
1.590000000000000000e+02 -3.812388567098320635e+00
1.591999999999999886e+02 -4.034713786293365523e+00
1.594000000000000057e+02 -4.256892411321394398e+00
1.595999999999999943e+02 -4.478393670198379972e+00
1.598000000000000114e+02 -4.698815692707843716e+00
1.600000000000000000e+02 -4.917604959495014860e+00
1.601999999999999886e+02 -5.134293885716822103e+00
1.604000000000000057e+02 -5.348346644417962814e+00
1.605999999999999943e+02 -5.559303233212279594e+00
1.608000000000000114e+02 -5.766637935087022271e+00
1.610000000000000000e+02 -5.969799758173057747e+00
1.611999999999999886e+02 -6.168298370256572127e+00
1.614000000000000057e+02 -6.361623219238643046e+00
1.615999999999999943e+02 -6.549294082848007292e+00
1.618000000000000114e+02 -6.730759969215532657e+00
1.620000000000000000e+02 -6.905603843210913695e+00
1.621999999999999886e+02 -7.073282295421930321e+00
1.624000000000000057e+02 -7.233388400660830442e+00
1.625999999999999943e+02 -7.385416661799968807e+00
1.628000000000000114e+02 -7.528990483479250706e+00
1.630000000000000000e+02 -7.663695358054004814e+00
1.631999999999999886e+02 -7.789106667937011785e+00
1.634000000000000057e+02 -7.904890785024026201e+00
1.635999999999999943e+02 -8.010709026239524633e+00
1.638000000000000114e+02 -8.106258093306923485e+00
1.640000000000000000e+02 -8.191201830636336112e+00
1.641999999999999886e+02 -8.265340566862342087e+00
1.644000000000000057e+02 -8.328421553421122780e+00
1.645999999999999943e+02 -8.380288086203105280e+00
1.648000000000000114e+02 -8.420743021328510380e+00
1.650000000000000000e+02 -8.449680204400529249e+00
1.651999999999999886e+02 -8.466998535993635500e+00
1.654000000000000057e+02 -8.472665158794532303e+00
1.655999999999999943e+02 -8.466644688004285157e+00
1.658000000000000114e+02 -8.448982618364379249e+00
1.660000000000000000e+02 -8.419706752216837842e+00
1.661999999999999886e+02 -8.378903024073359518e+00
1.664000000000000057e+02 -8.326720555586597072e+00
1.665999999999999943e+02 -8.263305940923574511e+00
1.668000000000000114e+02 -8.188876543849170631e+00
1.670000000000000000e+02 -8.103662365556468572e+00
1.671999999999999886e+02 -8.007913627123651068e+00
1.674000000000000057e+02 -7.901931099341667597e+00
1.675999999999999943e+02 -7.786045882829122355e+00
1.678000000000000114e+02 -7.660611825575371903e+00
1.680000000000000000e+02 -7.526048490196356688e+00
1.681999999999999886e+02 -7.382717307138347174e+00
1.684000000000000057e+02 -7.231118718557705272e+00
1.685999999999999943e+02 -7.071695034441126460e+00
1.688000000000000114e+02 -6.904901202203487465e+00
1.690000000000000000e+02 -6.731285686228282827e+00
1.691999999999999886e+02 -6.551333763758052875e+00
1.694000000000000057e+02 -6.365621701518311859e+00
1.695999999999999943e+02 -6.174667634064894273e+00
1.698000000000000114e+02 -5.979052883094594151e+00
1.700000000000000000e+02 -5.779346132876008291e+00
1.701999999999999886e+02 -5.576136287562847293e+00
1.704000000000000057e+02 -5.369974339024240706e+00
1.705999999999999943e+02 -5.161454246385170919e+00
1.708000000000000114e+02 -4.951182606198812231e+00
1.710000000000000000e+02 -4.739685135477915701e+00
1.711999999999999886e+02 -4.527576013232568641e+00
1.714000000000000057e+02 -4.315441616130840430e+00
1.715999999999999943e+02 -4.103782386329097420e+00
1.718000000000000114e+02 -3.893164480610301847e+00
1.720000000000000000e+02 -3.684128780901035682e+00
1.721999999999999886e+02 -3.477183311814578737e+00
1.724000000000000057e+02 -3.272800713165280762e+00
1.725999999999999943e+02 -3.071481427109510332e+00
1.728000000000000114e+02 -2.873695565975975530e+00
1.730000000000000000e+02 -2.679855109923707346e+00
1.731999999999999886e+02 -2.490351819226630958e+00
1.734000000000000057e+02 -2.305597674043776024e+00
1.735999999999999943e+02 -2.125956632307047123e+00
1.738000000000000114e+02 -1.951711772407925594e+00
1.740000000000000000e+02 -1.783201777421932421e+00
1.741999999999999886e+02 -1.620689505855443802e+00
1.744000000000000057e+02 -1.464415574341217940e+00
1.745999999999999943e+02 -1.314596588398451393e+00
1.748000000000000114e+02 -1.171409977518946155e+00
1.750000000000000000e+02 -1.035010979870603087e+00
1.751999999999999886e+02 -9.055207631149180258e-01
1.754000000000000057e+02 -7.830284463954947372e-01
1.755999999999999943e+02 -6.676027267719805147e-01
1.758000000000000114e+02 -5.592719120835231150e-01
1.760000000000000000e+02 -4.580425737927820706e-01
1.761999999999999886e+02 -3.638901952890666314e-01
1.764000000000000057e+02 -2.767649851053036181e-01
1.765999999999999943e+02 -1.965954153979314056e-01
1.768000000000000114e+02 -1.232730570330703573e-01
1.770000000000000000e+02 -5.667633795152172277e-02
1.771999999999999886e+02 3.336281042454869884e-03
1.774000000000000057e+02 5.694172394353524264e-02
1.775999999999999943e+02 1.043219697176712285e-01
1.778000000000000114e+02 1.456867996728355152e-01
1.780000000000000000e+02 1.812535775739154142e-01
1.781999999999999886e+02 2.112649420421801594e-01
1.784000000000000057e+02 2.359711141558139547e-01
1.785999999999999943e+02 2.556349524211920521e-01
1.788000000000000114e+02 2.705294252872425531e-01
1.790000000000000000e+02 2.809350836598082934e-01
1.791999999999999886e+02 2.871425883872850138e-01
1.794000000000000057e+02 2.894426003180682883e-01
1.795999999999999943e+02 2.881333627574685918e-01
1.798000000000000114e+02 2.835156464964344036e-01
1.800000000000000000e+02 2.758851673546380834e-01
1.801999999999999886e+02 2.655452236086661144e-01
1.804000000000000057e+02 2.527839486212760112e-01
1.805999999999999943e+02 2.378995856977784151e-01
1.808000000000000114e+02 2.211726857440158844e-01
1.810000000000000000e+02 2.028863271514695366e-01
1.811999999999999886e+02 1.833084233977909094e-01
1.814000000000000057e+02 1.627068879606318463e-01
1.815999999999999943e+02 1.413294144325383528e-01
1.818000000000000114e+02 1.194161139491413809e-01
1.820000000000000000e+02 9.719951518915768973e-02
1.821999999999999886e+02 7.489950940311249084e-02
1.824000000000000057e+02 5.271324047078738972e-02
1.825999999999999943e+02 3.083785227196386008e-02
1.828000000000000114e+02 9.442686344402699550e-03
1.830000000000000000e+02 -1.130544325977318049e-02
1.831999999999999886e+02 -3.126246985918539750e-02
1.834000000000000057e+02 -5.029190922936939423e-02
1.835999999999999943e+02 -6.828507948788188620e-02
1.838000000000000114e+02 -8.513329875227913790e-02
1.840000000000000000e+02 -1.007531599964997110e-01
1.841999999999999886e+02 -1.150713661370354052e-01
1.844000000000000057e+02 -1.280272575185685824e-01
1.845999999999999943e+02 -1.395829218565260155e-01
1.848000000000000114e+02 -1.497004468663343246e-01
1.850000000000000000e+02 -1.583694698568768044e-01
1.851999999999999886e+02 -1.655786171427813813e-01
1.854000000000000057e+02 -1.713382514151648994e-01
1.855999999999999943e+02 -1.756680870620054291e-01
1.858000000000000114e+02 -1.785923879454299201e-01
1.860000000000000000e+02 -1.801536158241605345e-01
1.861999999999999886e+02 -1.803980236853767460e-01
1.864000000000000057e+02 -1.793815498412236753e-01
1.865999999999999943e+02 -1.771670124197538276e-01
1.868000000000000114e+02 -1.738240335403576364e-01
1.870000000000000000e+02 -1.694279777697956790e-01
1.871999999999999886e+02 -1.640588400285176718e-01
1.874000000000000057e+02 -1.578012910854041384e-01
1.875999999999999943e+02 -1.507415182007185439e-01
1.878000000000000114e+02 -1.429697526117453543e-01
1.880000000000000000e+02 -1.345767563277532886e-01
1.881999999999999886e+02 -1.256545930131145461e-01
1.884000000000000057e+02 -1.162947450105046715e-01
1.885999999999999943e+02 -1.065885682883172120e-01
1.888000000000000114e+02 -9.662527045215328625e-02
1.890000000000000000e+02 -8.649333877420711802e-02
1.891999999999999886e+02 -7.627698907594426814e-02
1.894000000000000057e+02 -6.605811189204320588e-02
1.895999999999999943e+02 -5.591531202585264815e-02
1.898000000000000114e+02 -4.592213930944494954e-02
1.900000000000000000e+02 -3.614809959787120691e-02
1.901999999999999886e+02 -2.665814927203376955e-02
1.904000000000000057e+02 -1.751117874730324930e-02
1.905999999999999943e+02 -8.761781713465262300e-03
1.908000000000000114e+02 -4.577276490822594071e-04
1.910000000000000000e+02 7.358268938559816945e-03
1.911999999999999886e+02 1.464905401057905836e-02
1.914000000000000057e+02 2.138455048788062349e-02
1.915999999999999943e+02 2.753872526839080612e-02
1.918000000000000114e+02 3.309363320407820996e-02
1.920000000000000000e+02 3.803512037536879026e-02
1.921999999999999886e+02 4.235545267620959703e-02
1.924000000000000057e+02 4.605248174380812548e-02
1.925999999999999943e+02 4.912876134965323688e-02
1.928000000000000114e+02 5.159202256681513776e-02
1.930000000000000000e+02 5.345490585646769932e-02
1.931999999999999886e+02 5.473401578825980857e-02
1.934000000000000057e+02 5.545025466841955325e-02
1.935999999999999943e+02 5.562846768077068377e-02
1.938000000000000114e+02 5.529625496848259575e-02
1.940000000000000000e+02 5.448457823062353295e-02
1.941999999999999886e+02 5.322664862847973494e-02
1.944000000000000057e+02 5.155840700782676755e-02
1.945999999999999943e+02 4.951744567355614163e-02
1.948000000000000114e+02 4.714208080244624427e-02
1.950000000000000000e+02 4.447272739534934710e-02
1.951999999999999886e+02 4.154974080445674595e-02
1.954000000000000057e+02 3.841399047253848953e-02
1.955999999999999943e+02 3.510581507038062349e-02
1.958000000000000114e+02 3.166605876589686369e-02
1.960000000000000000e+02 2.813399868590518021e-02
1.961999999999999886e+02 2.454810316181933044e-02
1.964000000000000057e+02 2.094527348395739536e-02
1.965999999999999943e+02 1.736155159752042487e-02
1.968000000000000114e+02 1.382989591523084774e-02
1.970000000000000000e+02 1.038240550469412063e-02
1.971999999999999886e+02 7.048146450749801124e-03
1.974000000000000057e+02 3.853910101163053950e-03
1.975999999999999943e+02 8.244658151884772966e-04
1.978000000000000114e+02 -2.018955527812860921e-03
1.980000000000000000e+02 -4.657448335267037887e-03
1.981999999999999886e+02 -7.074710324807526908e-03
1.984000000000000057e+02 -9.257851319679379423e-03
1.985999999999999943e+02 -1.119615478077652833e-02
1.988000000000000114e+02 -1.288211407575345392e-02
1.990000000000000000e+02 -1.431090170704115046e-02
1.991999999999999886e+02 -1.548045777384445855e-02
1.994000000000000057e+02 -1.639121447620751904e-02
1.995999999999999943e+02 -1.704622248929566625e-02
1.998000000000000114e+02 -1.745082239026247289e-02
2.000000000000000000e+02 -1.761268257053429792e-02
