# coord_A   rho_avg_e_per_A3
0.000000000000000000e+00 -2.853149859570880409e+00
6.822916493055555809e-02 -2.747554543961229445e+00
1.364583298611111162e-01 -2.601834191544734942e+00
2.046874947916666743e-01 -2.432729886834801292e+00
2.729166597222222324e-01 -2.253609978309639050e+00
3.411458246527777627e-01 -2.071451428510016068e+00
4.093749895833333485e-01 -1.887117147225513047e+00
4.776041545138889344e-01 -1.698552191236723852e+00
5.458333194444444647e-01 -1.505026435592627942e+00
6.140624843749999950e-01 -1.310098666472673257e+00
6.822916493055555254e-01 -1.121779464855307440e+00
7.505208142361111667e-01 -9.499541096454636735e-01
8.187499791666666971e-01 -8.026047560423853477e-01
8.869791440972222274e-01 -6.829391843082326385e-01
9.552083090277778687e-01 -5.889152961521327834e-01
1.023437473958333399e+00 -5.152397730605492443e-01
1.091666638888888929e+00 -4.565391113487082264e-01
1.159895803819444460e+00 -4.098279310626625205e-01
1.228124968749999990e+00 -3.749272508336135568e-01
1.296354133680555520e+00 -3.527746237428964204e-01
1.364583298611111051e+00 -3.428511660459331312e-01
1.432812463541666803e+00 -3.414759734429034799e-01
1.501041628472222333e+00 -3.421833967131936438e-01
1.569270793402777864e+00 -3.381240302090678940e-01
1.637499958333333394e+00 -3.251717604087931979e-01
1.705729123263888924e+00 -3.039235613230358291e-01
1.773958288194444455e+00 -2.793479767282548987e-01
1.842187453124999985e+00 -2.581556281348685311e-01
1.910416618055555737e+00 -2.452766315667402330e-01
1.978645782986111268e+00 -2.413745677305698667e-01
2.046874947916666798e+00 -2.427746862384854987e-01
2.115104112847222328e+00 -2.438340830653060454e-01
2.183333277777777859e+00 -2.403985367292065800e-01
2.251562442708333389e+00 -2.323686082052252855e-01
2.319791607638888919e+00 -2.239008250285213220e-01
2.388020772569444450e+00 -2.211198097128000972e-01
2.456249937499999980e+00 -2.286478057570289490e-01
2.524479102430555510e+00 -2.469488230310182553e-01
2.592708267361111041e+00 -2.720299546718963901e-01
2.660937432291666571e+00 -2.976908510608761160e-01
2.729166597222222101e+00 -3.190341247940521319e-01
2.797395762152778076e+00 -3.351993370474608547e-01
2.865624927083333606e+00 -3.497068394023142290e-01
2.933854092013889137e+00 -3.681685003764065267e-01
3.002083256944444667e+00 -3.946622648760015339e-01
3.070312421875000197e+00 -4.288857414704029258e-01
3.138541586805555728e+00 -4.658076420683375796e-01
3.206770751736111258e+00 -4.981239509168652324e-01
3.274999916666666788e+00 -5.201919601969746676e-01
3.343229081597222319e+00 -5.312037407567353764e-01
3.411458246527777849e+00 -5.357220823132389231e-01
3.479687411458333379e+00 -5.411656584065274167e-01
3.547916576388888910e+00 -5.535835669890440958e-01
3.616145741319444440e+00 -5.740978840835753161e-01
3.684374906249999970e+00 -5.980917317089201601e-01
3.752604071180555501e+00 -6.177067783152473401e-01
3.820833236111111475e+00 -6.263195072487092174e-01
3.889062401041667005e+00 -6.224702788520630747e-01
3.957291565972222536e+00 -6.109379819413197632e-01
4.025520730902777622e+00 -6.002119893691015839e-01
4.093749895833333596e+00 -5.976655708777138809e-01
4.161979060763888683e+00 -6.051195682301024892e-01
4.230208225694444657e+00 -6.173792934069528560e-01
4.298437390624999743e+00 -6.247314936858450185e-01
4.366666555555555718e+00 -6.181572492560531984e-01
4.434895720486111692e+00 -5.944044201519422810e-01
4.503124885416666778e+00 -5.580187475740204794e-01
4.571354050347222753e+00 -5.190461575529435878e-01
4.639583215277777839e+00 -4.875369271964994367e-01
4.707812380208333813e+00 -4.678569096193406773e-01
4.776041545138888900e+00 -4.560468383054034347e-01
4.844270710069444874e+00 -4.418622186187626255e-01
4.912499874999999960e+00 -4.145141184456437866e-01
4.980729039930555935e+00 -3.689668662064969906e-01
5.048958204861111021e+00 -3.091909305288552123e-01
5.117187369791666995e+00 -2.463570253709177760e-01
5.185416534722222082e+00 -1.927765020294981702e-01
5.253645699652778056e+00 -1.548866622903546375e-01
5.321874864583333142e+00 -1.292997015076740586e-01
5.390104029513889117e+00 -1.043739382076590977e-01
5.458333194444444203e+00 -6.670120565810422342e-02
5.526562359375000177e+00 -9.017269414033119920e-03
5.594791524305556152e+00 6.499353231055263191e-02
5.663020689236111238e+00 1.420080059335121214e-01
5.731249854166667212e+00 2.061422170415447841e-01
5.799479019097222299e+00 2.480802796991421477e-01
5.867708184027778273e+00 2.710882908737361485e-01
5.935937348958333359e+00 2.901888902356229427e-01
6.004166513888889334e+00 3.244731580641274649e-01
6.072395678819444420e+00 3.865137690108746416e-01
6.140624843750000394e+00 4.748317242465550647e-01
6.208854008680555481e+00 5.740542310137315418e-01
6.277083173611111455e+00 6.632845232891572129e-01
6.345312338541666541e+00 7.284416250749463639e-01
6.413541503472222516e+00 7.716210954440911873e-01
6.481770668402777602e+00 8.116255109216138353e-01
6.549999833333333576e+00 8.744412492572812834e-01
6.618228998263889551e+00 9.782763973347389230e-01
6.686458163194444637e+00 1.121574512981360128e+00
6.754687328125000612e+00 1.281745678757468143e+00
6.822916493055555698e+00 1.427059576913729755e+00
6.891145657986111672e+00 1.536697568392183300e+00
6.959374822916666758e+00 1.618341959455533496e+00
7.027603987847222733e+00 1.712302736592172137e+00
7.095833152777777819e+00 1.876864348874629496e+00
7.164062317708333794e+00 2.157559188148320484e+00
7.232291482638888880e+00 2.555038808031534270e+00
7.300520647569444854e+00 3.011918037926875069e+00
7.368749812499999940e+00 3.423269614432582930e+00
7.436978977430555915e+00 3.666470890854953701e+00
7.505208142361111001e+00 3.639029648490470059e+00
7.573437307291666976e+00 3.290034345298951557e+00
7.641666472222222950e+00 2.633564689996501951e+00
7.709895637152778036e+00 1.740141414083530291e+00
7.778124802083334011e+00 7.116799752428326631e-01
7.846353967013889097e+00 -3.480696133141367166e-01
7.914583131944445071e+00 -1.355378109154705024e+00
7.982812296875000158e+00 -2.254039871126248151e+00
8.051041461805555244e+00 -3.010531997411237004e+00
8.119270626736112106e+00 -3.608430357352252926e+00
8.187499791666667193e+00 -4.042971595807982155e+00
8.255728956597222279e+00 -4.313989328877876339e+00
8.323958121527777365e+00 -4.426281782784816876e+00
8.392187286458334228e+00 -4.386253258585344206e+00
8.460416451388889314e+00 -4.201628721406343914e+00
8.528645616319444400e+00 -3.894407469115503950e+00
8.596874781249999486e+00 -3.510566401260577951e+00
8.665103946180556349e+00 -3.115608524441392024e+00
8.733333111111111435e+00 -2.771751841051309118e+00
8.801562276041666522e+00 -2.505005727094051338e+00
8.869791440972223384e+00 -2.282365513866498663e+00
8.938020605902778470e+00 -2.019673101324333864e+00
9.006249770833333557e+00 -1.624638722905482169e+00
9.074478935763888643e+00 -1.055988456432251921e+00
9.142708100694445505e+00 -3.649583149914688018e-01
9.210937265625000592e+00 3.087751904724180818e-01
9.279166430555555678e+00 7.899960869987447953e-01
9.347395595486110764e+00 9.447690092608685974e-01
9.415624760416667627e+00 7.415290244320968949e-01
9.483853925347222713e+00 2.606772639827092952e-01
9.552083090277777799e+00 -3.523964775292263707e-01
9.620312255208332886e+00 -9.501824685790856151e-01
9.688541420138889748e+00 -1.434107003421664750e+00
9.756770585069444834e+00 -1.776865020461142031e+00
9.824999749999999921e+00 -2.012110788191124655e+00
9.893228914930556783e+00 -2.201355428487690169e+00
9.961458079861111869e+00 -2.395600975475185912e+00
1.002968724479166696e+01 -2.609020967962647486e+00
1.009791640972222204e+01 -2.814612460784050363e+00
1.016614557465277890e+01 -2.960952164605310966e+00
1.023437473958333399e+01 -2.999850118266364163e+00
1.030260390451388908e+01 -2.910372729922466206e+00
1.037083306944444416e+01 -2.702957486035614920e+00
1.043906223437500103e+01 -2.406828944698317763e+00
1.050729139930555611e+01 -2.054517514160596026e+00
1.057552056423611120e+01 -1.662384569825223535e+00
1.064374972916666628e+01 -1.221089550305606508e+00
1.071197889409722315e+01 -7.051131072458611815e-01
1.078020805902777823e+01 -8.993823697268146788e-02
1.084843722395833332e+01 6.315494756548756250e-01
1.091666638888888841e+01 1.437899100405999109e+00
1.098489555381944527e+01 2.278007831859942822e+00
1.105312471875000035e+01 3.081010782298330586e+00
1.112135388368055544e+01 3.773806548025094632e+00
1.118958304861111230e+01 4.300395889623632506e+00
1.125781221354166739e+01 4.634835969042157444e+00
1.132604137847222248e+01 4.781712699038207504e+00
1.139427054340277756e+01 4.764742272805166046e+00
1.146249970833333442e+01 4.610899686809272424e+00
1.153072887326388951e+01 4.338990351584754102e+00
1.159895803819444460e+01 3.957108529647791251e+00
1.166718720312499968e+01 3.467410757157117995e+00
1.173541636805555655e+01 2.873304725674334037e+00
1.180364553298611163e+01 2.185067173609199997e+00
1.187187469791666672e+01 1.422257755889596575e+00
1.194010386284722181e+01 6.101296247955517726e-01
1.200833302777777867e+01 -2.311117981590145032e-01
1.207656219270833375e+01 -1.084092432206504197e+00
1.214479135763888884e+01 -1.922808812902526476e+00
1.221302052256944570e+01 -2.703347842022221226e+00
1.228124968750000079e+01 -3.364566796847439978e+00
1.234947885243055588e+01 -3.841045327365148587e+00
1.241770801736111096e+01 -4.083298099821136340e+00
1.248593718229166782e+01 -4.075401730515576304e+00
1.255416634722222291e+01 -3.840987402336953682e+00
1.262239551215277800e+01 -3.434414008784917982e+00
1.269062467708333308e+01 -2.921453612879418404e+00
1.275885384201388995e+01 -2.358840552140849756e+00
1.282708300694444503e+01 -1.782104329456543068e+00
1.289531217187500012e+01 -1.206568833153221831e+00
1.296354133680555520e+01 -6.391137481444540969e-01
1.303177050173611207e+01 -9.155221132709916165e-02
1.309999966666666715e+01 4.217133914901162184e-01
1.316822883159722224e+01 8.859037717349722563e-01
1.323645799652777910e+01 1.280897862987437907e+00
1.330468716145833419e+01 1.579434835471729581e+00
1.337291632638888927e+01 1.749652400644979844e+00
1.344114549131944436e+01 1.760778292489675989e+00
1.350937465625000122e+01 1.590279421193442788e+00
1.357760382118055631e+01 1.227589801488316423e+00
1.364583298611111140e+01 6.755054870777813525e-01
1.371406215104166648e+01 -4.373585715939356383e-02
1.378229131597222334e+01 -8.743737977979699760e-01
1.385052048090277843e+01 -1.713498910745944404e+00
1.391874964583333352e+01 -2.415692040960154774e+00
1.398697881076388860e+01 -2.828120562801843541e+00
1.405520797569444547e+01 -2.847919700544246258e+00
1.412343714062500055e+01 -2.472905361911728050e+00
1.419166630555555564e+01 -1.813492538474344329e+00
1.425989547048611250e+01 -1.053045007629639374e+00
1.432812463541666759e+01 -3.734983788665362514e-01
1.439635380034722267e+01 1.167266679386481654e-01
1.446458296527777776e+01 4.107467183559640467e-01
1.453281213020833462e+01 5.746690394591077444e-01
1.460104129513888971e+01 6.963975841732807925e-01
1.466927046006944479e+01 8.317714171785316468e-01
1.473749962499999988e+01 9.738745960411948621e-01
1.480572878993055674e+01 1.060983048325552014e+00
1.487395795486111183e+01 1.017522274673705152e+00
1.494218711979166692e+01 8.046203980525823418e-01
1.501041628472222200e+01 4.511453647329115579e-01
1.507864544965277886e+01 4.584197591223562046e-02
1.514687461458333395e+01 -3.079415335724860481e-01
1.521510377951388904e+01 -5.518333677103002266e-01
1.528333294444444590e+01 -7.126703403820866534e-01
1.535156210937500099e+01 -8.942084517296459145e-01
1.541979127430555607e+01 -1.216401368146841300e+00
1.548802043923611116e+01 -1.739275843721268755e+00
1.555624960416666802e+01 -2.389989339357814213e+00
1.562447876909722311e+01 -2.937072869188117163e+00
1.569270793402777819e+01 -3.096171007740932346e+00
1.576093709895833328e+01 -2.679052408236402005e+00
1.582916626388889014e+01 -1.687539614206101657e+00
1.589739542881944523e+01 -3.082494358758655073e-01
1.596562459375000032e+01 1.175686421685503413e+00
1.603385375868055718e+01 2.490858878758043904e+00
1.610208292361111049e+01 3.427677638133276083e+00
1.617031208854166735e+01 3.833363362166155586e+00
1.623854125347222421e+01 3.589616657729341131e+00
1.630677041840277752e+01 2.624387538561434141e+00
1.637499958333333439e+01 9.605289556580584032e-01
1.644322874826389125e+01 -1.245199868327470982e+00
1.651145791319444456e+01 -3.722720385022359579e+00
1.657968707812500142e+01 -6.172065515223279064e+00
1.664791624305555473e+01 -8.358719793230537931e+00
1.671614540798611159e+01 -1.015648474248058264e+01
1.678437457291666846e+01 -1.151203341774895605e+01
1.685260373784722177e+01 -1.236394910183552831e+01
1.692083290277777863e+01 -1.258731834271572936e+01
1.698906206770833549e+01 -1.203951423892418049e+01
1.705729123263888880e+01 -1.064500718588963402e+01
1.712552039756944566e+01 -8.448393004938841599e+00
1.719374956249999897e+01 -5.626101753858064214e+00
1.726197872743055584e+01 -2.450711238889451860e+00
1.733020789236111270e+01 7.753487359845094851e-01
1.739843705729166601e+01 3.787435259739910354e+00
1.746666622222222287e+01 6.402084767217961492e+00
1.753489538715277973e+01 8.525598354201076035e+00
1.760312455208333304e+01 1.013414795984951056e+01
1.767135371701388991e+01 1.124188661751327700e+01
1.773958288194444677e+01 1.187309065251656470e+01
1.780781204687500008e+01 1.204667150904009887e+01
1.787604121180555694e+01 1.178195720768196963e+01
1.794427037673611025e+01 1.110479794939519849e+01
1.801249954166666711e+01 1.002742596457423829e+01
1.808072870659722398e+01 8.568399039011113771e+00
1.814895787152777729e+01 6.763344368909633531e+00
1.821718703645833415e+01 4.584062627487901942e+00
1.828541620138889101e+01 1.929167138194182396e+00
1.835364536631944432e+01 -1.246143340229632912e+00
1.842187453125000118e+01 -4.709206683403626137e+00
1.849010369618055449e+01 -7.825606324936662084e+00
1.855833286111111136e+01 -9.671063417077686353e+00
1.862656202604166822e+01 -9.398798051094924944e+00
1.869479119097222153e+01 -6.697956544267135826e+00
1.876302035590277839e+01 -2.077293256444304070e+00
1.883124952083333525e+01 3.210783456011816028e+00
1.889947868576388856e+01 7.582503675524128184e+00
1.896770785069444543e+01 9.657477238705766354e+00
1.903593701562500229e+01 8.656666954732443742e+00
1.910416618055555560e+01 4.518752056191065236e+00
1.917239534548611246e+01 -2.233471385119235819e+00
1.924062451041666577e+01 -1.073080708205535849e+01
1.930885367534722263e+01 -1.995830599077399015e+01
1.937708284027777950e+01 -2.886706977640016092e+01
1.944531200520833281e+01 -3.645405684527153056e+01
1.951354117013888967e+01 -4.191277246777375609e+01
1.958177033506944653e+01 -4.473751432274205797e+01
1.964999949999999984e+01 -4.474522309647881713e+01
1.971822866493055670e+01 -4.204834497512879210e+01
1.978645782986111357e+01 -3.698921334461697086e+01
1.985468699479166688e+01 -3.005525031292399518e+01
1.992291615972222374e+01 -2.180384474174852372e+01
1.999114532465277705e+01 -1.282677499215786554e+01
2.005937448958333391e+01 -3.768899869409718661e+00
2.012760365451389077e+01 4.614686358755458961e+00
2.019583281944444408e+01 1.141479848630381966e+01
2.026406198437500095e+01 1.554655702385688976e+01
2.033229114930555781e+01 1.589961506327764873e+01
2.040052031423611112e+01 1.218539431130356832e+01
2.046874947916666798e+01 5.861944175566098814e+00
2.053697864409722129e+01 2.311350694434533559e-01
2.060520780902777815e+01 -6.853963967459083539e-01
2.067343697395833502e+01 5.879443412531002444e+00
2.074166613888888833e+01 1.966794173805482160e+01
2.080989530381944519e+01 3.698069767148995624e+01
2.087812446875000205e+01 5.208319592457711167e+01
2.094635363368055536e+01 5.979201767300107662e+01
2.101458279861111222e+01 5.780358579612464354e+01
2.108281196354166909e+01 4.745874457480903885e+01
2.115104112847222240e+01 3.263376907888279987e+01
2.121927029340277926e+01 1.760362957491291525e+01
2.128749945833333257e+01 5.220788055124662819e+00
2.135572862326388943e+01 -3.682718875029688643e+00
2.142395778819444629e+01 -9.699779895107948136e+00
2.149218695312499960e+01 -1.379949997778615156e+01
2.156041611805555647e+01 -1.661895659600144270e+01
2.162864528298611333e+01 -1.840068545365605956e+01
2.169687444791666664e+01 -1.928522746726889991e+01
2.176510361284722350e+01 -1.941533190501311168e+01
2.183333277777777681e+01 -1.890661501239135944e+01
2.190156194270833367e+01 -1.784642065096778296e+01
2.196979110763889054e+01 -1.631115717243149987e+01
2.203802027256944385e+01 -1.438244513515732770e+01
2.210624943750000071e+01 -1.215670306812586787e+01
2.217447860243055757e+01 -9.749833973921251840e+00
2.224270776736111088e+01 -7.299323905701527337e+00
2.231093693229166774e+01 -4.959939707652778473e+00
2.237916609722222461e+01 -2.871645426064097784e+00
2.244739526215277792e+01 -1.171040458369911885e+00
2.251562442708333478e+01 -4.147545392072405496e-02
2.258385359201388809e+01 3.053188501448187431e-01
2.265208275694444495e+01 -2.523106362287438342e-01
2.272031192187500181e+01 -1.588111821082319963e+00
2.278854108680555512e+01 -3.251345439885279465e+00
2.285677025173611199e+01 -4.567382285880110082e+00
2.292499941666666885e+01 -4.903739667121882917e+00
2.299322858159722216e+01 -3.969269854435855560e+00
2.306145774652777902e+01 -1.970430254157781391e+00
2.312968691145833589e+01 4.789562289857777766e-01
2.319791607638888919e+01 2.649363268027689955e+00
2.326614524131944606e+01 4.018956666488265661e+00
2.333437440624999937e+01 4.456863678174204146e+00
2.340260357118055623e+01 4.190134881295145775e+00
2.347083273611111309e+01 3.609799938252303164e+00
2.353906190104166640e+01 3.052999277130528100e+00
2.360729106597222327e+01 2.685774644288128066e+00
2.367552023090278013e+01 2.526651632017467897e+00
2.374374939583333344e+01 2.552660118037257231e+00
2.381197856076389030e+01 2.748552294153052244e+00
2.388020772569444361e+01 3.084899085678570962e+00
2.394843689062500047e+01 3.526810202672752581e+00
2.401666605555555734e+01 4.048133790533580800e+00
2.408489522048611065e+01 4.638589493588360035e+00
2.415312438541666751e+01 5.301551301730642152e+00
2.422135355034722437e+01 6.038399124202247670e+00
2.428958271527777768e+01 6.831268434782477250e+00
2.435781188020833454e+01 7.644770957376509912e+00
2.442604104513889141e+01 8.442393399938790566e+00
2.449427021006944472e+01 9.203470336689308695e+00
2.456249937500000158e+01 9.933387725179938954e+00
2.463072853993055489e+01 1.066133702568399855e+01
2.469895770486111175e+01 1.142455040282446532e+01
2.476718686979166861e+01 1.224456349338148442e+01
2.483541603472222192e+01 1.310580153682421489e+01
2.490364519965277879e+01 1.394680310676360335e+01
2.497187436458333565e+01 1.466927951643977757e+01
2.504010352951388896e+01 1.516280880080750570e+01
2.510833269444444582e+01 1.533641459249904138e+01
2.517656185937500268e+01 1.514518368481464528e+01
2.524479102430555599e+01 1.460246341886611532e+01
2.531302018923611286e+01 1.377319559777452085e+01
2.538124935416666617e+01 1.275062397555060301e+01
2.544947851909722303e+01 1.162523202423825630e+01
2.551770768402777989e+01 1.045860986898769518e+01
2.558593684895833320e+01 9.273535676617886025e+00
2.565416601388889006e+01 8.064177582675629452e+00
2.572239517881944693e+01 6.820020062148019591e+00
2.579062434375000024e+01 5.547368025510603040e+00
2.585885350868055710e+01 4.272689231137056787e+00
2.592708267361111041e+01 3.036468873579193595e+00
2.599531183854166727e+01 1.880749499890508991e+00
2.606354100347222413e+01 8.344930011136478809e-01
2.613177016840277744e+01 -9.610516005899683023e-02
2.619999933333333431e+01 -9.275096395610082922e-01
2.626822849826389117e+01 -1.692006349499264317e+00
2.633645766319444448e+01 -2.427954483544934927e+00
2.640468682812500134e+01 -3.171043105912516147e+00
2.647291599305555820e+01 -3.945365920934762904e+00
2.654114515798611151e+01 -4.753811872869353472e+00
2.660937432291666838e+01 -5.570645588313317909e+00
2.667760348784722169e+01 -6.340666424151782721e+00
2.674583265277777855e+01 -6.990726333913396928e+00
2.681406181770833541e+01 -7.455693898219744042e+00
2.688229098263888872e+01 -7.711430865462675754e+00
2.695052014756944558e+01 -7.797980559897808917e+00
2.701874931250000245e+01 -7.816012503595440641e+00
2.708697847743055576e+01 -7.892104800709425660e+00
2.715520764236111262e+01 -8.127157765681777946e+00
2.722343680729166593e+01 -8.553684408937145989e+00
2.729166597222222279e+01 -9.122991408495767729e+00
2.735989513715277965e+01 -9.726317169258798856e+00
2.742812430208333296e+01 -1.023630031905074134e+01
2.749635346701388983e+01 -1.054757052992123256e+01
2.756458263194444669e+01 -1.060000603916836681e+01
2.763281179687500000e+01 -1.037979265836384890e+01
2.770104096180555686e+01 -9.904293073830249483e+00
2.776927012673611372e+01 -9.203085565283837255e+00
2.783749929166666703e+01 -8.309929989246295889e+00
2.790572845659722390e+01 -7.265248966571944855e+00
2.797395762152777721e+01 -6.118180833572070654e+00
2.804218678645833407e+01 -4.928025781125382920e+00
2.811041595138889093e+01 -3.762853180807356868e+00
2.817864511631944424e+01 -2.695835100581338573e+00
2.824687428125000110e+01 -1.800779279883532036e+00
2.831510344618055797e+01 -1.145367196143864508e+00
2.838333261111111128e+01 -7.836425049401538612e-01
2.845156177604166814e+01 -7.508991108981670770e-01
2.851979094097222500e+01 -1.052695381460648116e+00
2.858802010590277831e+01 -1.653484937588326709e+00
2.865624927083333517e+01 -2.473804079209057427e+00
2.872447843576388848e+01 -3.397765660149304701e+00
2.879270760069444535e+01 -4.290965981354131209e+00
2.886093676562500221e+01 -5.026680340190137208e+00
2.892916593055555552e+01 -5.514607411002124593e+00
2.899739509548611238e+01 -5.722304467344303092e+00
2.906562426041666924e+01 -5.678987928971329424e+00
2.913385342534722255e+01 -5.457136125633542001e+00
2.920208259027777942e+01 -5.138633002439963349e+00
2.927031175520833273e+01 -4.780917120309397639e+00
2.933854092013888959e+01 -4.398361713427366482e+00
2.940677008506944645e+01 -3.965703048304934697e+00
2.947499924999999976e+01 -3.438675330299102662e+00
2.954322841493055662e+01 -2.779570373277898909e+00
2.961145757986111349e+01 -1.975374607760373324e+00
2.967968674479166680e+01 -1.041725352385288073e+00
2.974791590972222366e+01 -1.302468058260785634e-02
2.981614507465278052e+01 1.075156449362485889e+00
2.988437423958333383e+01 2.202259972397185628e+00
2.995260340451389069e+01 3.363425144106611864e+00
3.002083256944444400e+01 4.555043837761726166e+00
3.008906173437500087e+01 5.761750981570365582e+00
3.015729089930555773e+01 6.950129094705935096e+00
3.022552006423611104e+01 8.068988568253196547e+00
3.029374922916666790e+01 9.051600234406556922e+00
3.036197839409722476e+01 9.822211464449138063e+00
3.043020755902777807e+01 1.030535442101007781e+01
3.049843672395833494e+01 1.044966536256088574e+01
3.056666588888889180e+01 1.025417977102614842e+01
3.063489505381944511e+01 9.777101940163904104e+00
3.070312421875000197e+01 9.117012353813455761e+00
3.077135338368055528e+01 8.370644966416799448e+00
3.083958254861111214e+01 7.586457827200739246e+00
3.090781171354166901e+01 6.738302111935191796e+00
3.097604087847222232e+01 5.740485696049575814e+00
3.104427004340277918e+01 4.504988863956222112e+00
3.111249920833333604e+01 3.009390158633804546e+00
3.118072837326388935e+01 1.336619750627058512e+00
3.124895753819444622e+01 -3.379287888781969396e-01
3.131718670312499953e+01 -1.806835981520160894e+00
3.138541586805555639e+01 -2.906977325912293963e+00
3.145364503298611325e+01 -3.572590081248160576e+00
3.152187419791666656e+01 -3.841700138700403500e+00
3.159010336284722342e+01 -3.819408933203562562e+00
3.165833252777778029e+01 -3.622889787284685248e+00
3.172656169270833360e+01 -3.336564424315927813e+00
3.179479085763889046e+01 -2.994006425394179161e+00
3.186302002256944732e+01 -2.585228297951450482e+00
3.193124918750000063e+01 -2.079567277042952966e+00
3.199947835243055749e+01 -1.451374929418211224e+00
3.206770751736111436e+01 -6.968800826816373695e-01
3.213593668229167122e+01 1.621915655128682854e-01
3.220416584722222098e+01 1.086165416169683207e+00
3.227239501215277784e+01 2.030383079383931921e+00
3.234062417708333470e+01 2.956628253438768894e+00
3.240885334201389156e+01 3.837904601863065590e+00
3.247708250694444843e+01 4.656648890212254699e+00
3.254531167187499818e+01 5.397576290901318963e+00
3.261354083680555505e+01 6.039383022275903734e+00
3.268177000173611191e+01 6.550113606879348183e+00
3.274999916666666877e+01 6.888933792405194545e+00
3.281822833159722563e+01 7.013797412989057456e+00
3.288645749652778250e+01 6.891784716397877375e+00
3.295468666145833225e+01 6.508019865800339865e+00
3.302291582638888912e+01 5.870221381264714822e+00
3.309114499131944598e+01 5.008293579197361289e+00
3.315937415625000284e+01 3.970492170069119364e+00
3.322760332118055970e+01 2.818386273826072763e+00
3.329583248611110946e+01 1.622009069666336067e+00
3.336406165104166632e+01 4.549596997408926757e-01
3.343229081597222319e+01 -6.118644462405857798e-01
3.350051998090278005e+01 -1.518832493085239710e+00
3.356874914583333691e+01 -2.227576632991394412e+00
3.363697831076388667e+01 -2.729138565689050999e+00
3.370520747569444353e+01 -3.045402994012230469e+00
3.377343664062500039e+01 -3.222934292530435396e+00
3.384166580555555726e+01 -3.319625488454962525e+00
3.390989497048611412e+01 -3.387447661115728259e+00
3.397812413541667098e+01 -3.457870418925468758e+00
3.404635330034722074e+01 -3.536112808995810042e+00
3.411458246527777760e+01 -3.606842201505106704e+00
3.418281163020833446e+01 -3.648786222729233142e+00
3.425104079513889133e+01 -3.651417412468619172e+00
3.431926996006944819e+01 -3.625621591193791460e+00
3.438749912499999795e+01 -3.602868438683211494e+00
3.445572828993055481e+01 -3.622772406092044317e+00
3.452395745486111167e+01 -3.714548675290526347e+00
3.459218661979166853e+01 -3.881009332264545364e+00
3.466041578472222540e+01 -4.092831123874869803e+00
3.472864494965278226e+01 -4.296233062425112159e+00
3.479687411458333202e+01 -4.431098061951927569e+00
3.486510327951388888e+01 -4.451857957299681701e+00
3.493333244444444574e+01 -4.342339891556504128e+00
3.500156160937500260e+01 -4.118686208695687689e+00
3.506979077430555947e+01 -3.819917664091422971e+00
3.513801993923610922e+01 -3.491069223881626105e+00
3.520624910416666609e+01 -3.166616373799511219e+00
3.527447826909722295e+01 -2.861006665298936102e+00
3.534270743402777981e+01 -2.569214818655844113e+00
3.541093659895833667e+01 -2.275420660207690293e+00
3.547916576388889354e+01 -1.964512434660735885e+00
3.554739492881944329e+01 -1.630600088183241203e+00
3.561562409375000016e+01 -1.279013017199462476e+00
3.568385325868055702e+01 -9.219270906020149425e-01
3.575208242361111388e+01 -5.708657441586660886e-01
3.582031158854167074e+01 -2.303961193750257153e-01
3.588854075347222050e+01 1.038876100072706338e-01
3.595676991840277736e+01 4.426268924229649349e-01
3.602499908333333423e+01 7.972528407473264966e-01
3.609322824826389109e+01 1.175001784890268741e+00
3.616145741319444795e+01 1.576889931054721306e+00
3.622968657812500481e+01 1.999246796883893396e+00
3.629791574305555457e+01 2.437429102773291500e+00
3.636614490798611143e+01 2.889329929070542313e+00
3.643437407291666830e+01 3.356673025137798749e+00
3.650260323784722516e+01 3.843466918616142092e+00
3.657083240277778202e+01 4.352528566491157491e+00
3.663906156770833178e+01 4.881850346502666582e+00
3.670729073263888864e+01 5.422433743996036171e+00
3.677551989756944550e+01 5.958303502476293367e+00
3.684374906250000237e+01 6.468371549254039898e+00
3.691197822743055923e+01 6.929222754014999097e+00
3.698020739236110899e+01 7.317950897177747827e+00
3.704843655729166585e+01 7.614648536719009542e+00
3.711666572222222271e+01 7.804589098219780752e+00
3.718489488715277957e+01 7.880185439856386864e+00
3.725312405208333644e+01 7.842465112704174679e+00
3.732135321701389330e+01 7.701402508265850599e+00
3.738958238194444306e+01 7.474417777703929566e+00
3.745781154687499992e+01 7.182894559827019521e+00
3.752604071180555678e+01 6.847485009395084532e+00
3.759426987673611364e+01 6.483747316354964596e+00
3.766249904166667051e+01 6.099774837998038102e+00
3.773072820659722026e+01 5.696736250399901280e+00
3.779895737152777713e+01 5.271952604600149250e+00
3.786718653645833399e+01 4.822947558914575161e+00
3.793541570138889085e+01 4.350477843610140560e+00
3.800364486631944771e+01 3.859154242365462117e+00
3.807187403125000458e+01 3.355604939386873653e+00
3.814010319618055433e+01 2.845491456912916384e+00
3.820833236111111120e+01 2.331307901122747328e+00
3.827656152604166806e+01 1.812418209988503115e+00
3.834479069097222492e+01 1.287466293779830462e+00
3.841301985590278179e+01 7.578665856750466112e-01
3.848124902083333154e+01 2.303618441552044427e-01
3.854947818576388840e+01 -2.829463903045958406e-01
3.861770735069444527e+01 -7.673365734854138420e-01
3.868593651562500213e+01 -1.209673596243235449e+00
3.875416568055555899e+01 -1.601919644958671229e+00
3.882239484548611586e+01 -1.942114512001190674e+00
3.889062401041666561e+01 -2.232355124044975270e+00
3.895885317534722248e+01 -2.474962983044005860e+00
3.902708234027777934e+01 -2.669057395397318455e+00
3.909531150520833620e+01 -2.809562431317048414e+00
3.916354067013889306e+01 -2.889347782749708493e+00
3.923176983506944282e+01 -2.903454762399886757e+00
