     #Energy           s           p           d       tot  
   -17.86575     0.00000     0.00000     0.00000     0.00000
   -17.78675     0.00000     0.00000     0.00000     0.00000
   -17.70875     0.00000     0.00000     0.00000     0.00000
   -17.62975     0.00000     0.00000     0.00000     0.00000
   -17.55175     0.00000     0.00000     0.00000     0.00000
   -17.47275     0.00000     0.00000     0.00000     0.00000
   -17.39475     0.00000     0.00000     0.00000     0.00000
   -17.31575     0.00000     0.00000     0.00000     0.00000
   -17.23775     0.00000     0.00000     0.00000     0.00000
   -17.15975     0.00000     0.00000     0.00000     0.00000
   -17.08075     0.00000     0.00000     0.00000     0.00000
   -17.00275     0.00000     0.00000     0.00000     0.00000
   -16.92375     0.00000     0.00000     0.00000     0.00000
   -16.84575     0.00202     0.00000     0.00000     0.00202
   -16.76675     0.02216     0.00005     0.00000     0.02221
   -16.68875     0.04561     0.00010     0.00000     0.04571
   -16.61075     0.05100     0.00011     0.00000     0.05111
   -16.53175     0.05669     0.00017     0.00000     0.05686
   -16.45375     0.08071     0.00038     0.00000     0.08109
   -16.37475     0.10396     0.00061     0.00000     0.10456
   -16.29675     0.15045     0.00137     0.00000     0.15181
   -16.21775     0.24454     0.00297     0.00000     0.24751
   -16.13975     0.30367     0.00401     0.00000     0.30768
   -16.06175     0.32518     0.00446     0.00000     0.32964
   -15.98275     0.43271     0.00689     0.00000     0.43960
   -15.90475     0.60016     0.01074     0.00000     0.61090
   -15.82575     0.67730     0.01256     0.00000     0.68985
   -15.74775     0.68475     0.01277     0.00000     0.69752
   -15.66875     0.73022     0.01416     0.00000     0.74438
   -15.59075     0.81788     0.01696     0.00000     0.83484
   -15.51275     0.92564     0.02046     0.00000     0.94610
   -15.43375     1.04359     0.02422     0.00000     1.06782
   -15.35575     1.12242     0.02682     0.00000     1.14924
   -15.27675     1.19657     0.02946     0.00000     1.22603
   -15.19875     1.29489     0.03293     0.00000     1.32783
   -15.11975     1.36415     0.03544     0.00000     1.39958
   -15.04175     1.38854     0.03636     0.00000     1.42490
   -14.96375     1.40607     0.03715     0.00000     1.44322
   -14.88475     1.47564     0.04025     0.00000     1.51588
   -14.80675     1.64392     0.04756     0.00000     1.69148
   -14.72775     1.89171     0.05842     0.00000     1.95013
   -14.64975     2.12172     0.06895     0.00000     2.19067
   -14.57075     2.27234     0.07614     0.00000     2.34848
   -14.49275     2.43534     0.08382     0.00000     2.51916
   -14.41475     2.64399     0.09336     0.00000     2.73735
   -14.33575     2.78082     0.09960     0.00000     2.88042
   -14.25775     2.83999     0.10244     0.00000     2.94243
   -14.17875     2.92979     0.10680     0.00000     3.03659
   -14.10075     3.11862     0.11623     0.00000     3.23485
   -14.02175     3.40275     0.13006     0.00000     3.53281
   -13.94375     3.72638     0.14507     0.00000     3.87146
   -13.86475     3.96035     0.15591     0.00000     4.11626
   -13.78675     4.13704     0.16396     0.00000     4.30100
   -13.70875     4.31995     0.17188     0.00000     4.49183
   -13.62975     4.47257     0.17793     0.00000     4.65050
   -13.55175     4.64080     0.18463     0.00000     4.82543
   -13.47275     4.84542     0.19366     0.00000     5.03908
   -13.39475     5.16749     0.20771     0.00000     5.37520
   -13.31575     5.49618     0.22167     0.00000     5.71785
   -13.23775     5.76232     0.23124     0.00000     5.99356
   -13.15975     6.01699     0.23920     0.00000     6.25619
   -13.08075     6.18145     0.24446     0.00000     6.42591
   -13.00275     6.35990     0.24991     0.00000     6.60981
   -12.92375     6.70060     0.26047     0.00000     6.96108
   -12.84575     7.17018     0.27551     0.00000     7.44569
   -12.76675     7.60927     0.28944     0.00000     7.89872
   -12.68875     8.08824     0.30447     0.00000     8.39272
   -12.61075     8.54863     0.31846     0.00000     8.86709
   -12.53175     8.79141     0.32508     0.00000     9.11649
   -12.45375     8.87228     0.32694     0.00000     9.19921
   -12.37475     9.05751     0.33061     0.00000     9.38812
   -12.29675     9.51158     0.33984     0.00000     9.85142
   -12.21775     9.91268     0.34815     0.00000    10.26083
   -12.13975    10.19355     0.35384     0.00000    10.54739
   -12.06175    10.66221     0.36282     0.00000    11.02503
   -11.98275    11.08167     0.37055     0.00000    11.45222
   -11.90475    11.47755     0.37636     0.00000    11.85391
   -11.82575    11.91944     0.38226     0.00000    12.30171
   -11.74775    12.10624     0.38460     0.00000    12.49084
   -11.66875    12.13553     0.38491     0.00000    12.52044
   -11.59075    12.13584     0.38491     0.00000    12.52075
   -11.51275    12.13584     0.38491     0.00000    12.52075
   -11.43375    12.13584     0.38491     0.00000    12.52075
   -11.35575    12.13584     0.38491     0.00000    12.52075
   -11.27675    12.13584     0.38491     0.00000    12.52075
   -11.19875    12.13584     0.38491     0.00000    12.52075
   -11.11975    12.13584     0.38491     0.00000    12.52075
   -11.04175    12.13584     0.38491     0.00000    12.52075
   -10.96375    12.13584     0.38491     0.00000    12.52075
   -10.88475    12.13584     0.38491     0.00000    12.52075
   -10.80675    12.13584     0.38491     0.00000    12.52075
   -10.72775    12.13584     0.38491     0.00000    12.52075
   -10.64975    12.13584     0.38491     0.00000    12.52075
   -10.57075    12.13584     0.38491     0.00000    12.52075
   -10.49275    12.13584     0.38491     0.00000    12.52075
   -10.41375    12.13584     0.38491     0.00000    12.52075
   -10.33575    12.13584     0.38491     0.00000    12.52075
   -10.25775    12.13584     0.38491     0.00000    12.52075
   -10.17875    12.13584     0.38491     0.00000    12.52075
   -10.10075    12.13584     0.38491     0.00000    12.52075
   -10.02175    12.13584     0.38491     0.00000    12.52075
    -9.94375    12.13584     0.38492     0.00000    12.52076
    -9.86475    12.13594     0.38663     0.00000    12.52258
    -9.78675    12.13713     0.40370     0.00000    12.54083
    -9.70875    12.13981     0.43428     0.00000    12.57410
    -9.62975    12.14163     0.45148     0.00000    12.59311
    -9.55175    12.14329     0.46368     0.00000    12.60697
    -9.47275    12.14855     0.50239     0.00000    12.65094
    -9.39475    12.15738     0.57670     0.00000    12.73407
    -9.31575    12.17578     0.75367     0.00000    12.92945
    -9.23775    12.19886     0.97940     0.00000    13.17826
    -9.15975    12.21285     1.11802     0.00000    13.33087
    -9.08075    12.22654     1.24322     0.00000    13.46977
    -9.00275    12.24561     1.40247     0.00000    13.64808
    -8.92375    12.26243     1.53744     0.00000    13.79987
    -8.84575    12.27675     1.65059     0.00000    13.92734
    -8.76675    12.29450     1.77886     0.00000    14.07336
    -8.68875    12.31321     1.89955     0.00000    14.21277
    -8.61075    12.33991     2.04732     0.00000    14.38723
    -8.53175    12.38181     2.26030     0.00000    14.64211
    -8.45375    12.44597     2.54131     0.00000    14.98729
    -8.37475    12.53620     2.89697     0.00000    15.43317
    -8.29675    12.60674     3.15402     0.00000    15.76076
    -8.21775    12.67130     3.36196     0.00000    16.03326
    -8.13975    12.75336     3.61951     0.00000    16.37286
    -8.06175    12.84277     3.87695     0.00000    16.71972
    -7.98275    12.93285     4.11546     0.00000    17.04830
    -7.90475    12.99496     4.26977     0.00000    17.26473
    -7.82575    13.02790     4.35063     0.00000    17.37853
    -7.74775    13.06282     4.43427     0.00000    17.49709
    -7.66875    13.11940     4.56634     0.00000    17.68573
    -7.59075    13.17480     4.69391     0.00000    17.86871
    -7.51275    13.22162     4.79496     0.00000    18.01658
    -7.43375    13.25989     4.87434     0.00000    18.13423
    -7.35575    13.29181     4.94480     0.00000    18.23662
    -7.27675    13.32236     5.01540     0.00000    18.33776
    -7.19875    13.34405     5.06448     0.00000    18.40852
    -7.11975    13.40683     5.19711     0.00000    18.60394
    -7.04175    13.52401     5.45056     0.00000    18.97457
    -6.96275    13.59619     5.63797     0.00000    19.23416
    -6.88475    13.62524     5.76730     0.00000    19.39253
    -6.80675    13.66584     5.92953     0.00000    19.59537
    -6.72775    13.69768     6.10565     0.00000    19.80334
    -6.64975    13.71655     6.35038     0.00000    20.06693
    -6.57075    13.73667     6.66444     0.00000    20.40111
    -6.49275    13.76241     6.90018     0.00000    20.66259
    -6.41375    13.79663     7.11441     0.00000    20.91104
    -6.33575    13.85143     7.39392     0.00000    21.24534
    -6.25775    13.89644     7.56295     0.00000    21.45939
    -6.17875    13.91813     7.68062     0.00000    21.59875
    -6.10075    13.93712     7.90369     0.00000    21.84081
    -6.02175    13.97314     8.20046     0.00000    22.17360
    -5.94375    14.03944     8.58363     0.00000    22.62307
    -5.86475    14.09699     8.92927     0.00000    23.02626
    -5.78675    14.11833     9.09319     0.00000    23.21153
    -5.70875    14.12485     9.14861     0.00000    23.27345
    -5.62975    14.16357     9.25484     0.00000    23.41840
    -5.55175    14.21470     9.52989     0.00000    23.74459
    -5.47275    14.23935     9.83971     0.00000    24.07905
    -5.39475    14.26385    10.09492     0.00000    24.35878
    -5.31575    14.29863    10.38495     0.00000    24.68357
    -5.23775    14.32766    10.72232     0.00000    25.04998
    -5.15975    14.34727    10.98989     0.00000    25.33716
    -5.08075    14.37398    11.28114     0.00000    25.65512
    -5.00275    14.40170    11.65766     0.00000    26.05936
    -4.92375    14.41861    11.99579     0.00000    26.41440
    -4.84575    14.43566    12.30214     0.00000    26.73780
    -4.76675    14.46686    12.65316     0.00000    27.12003
    -4.68875    14.50620    13.13773     0.00000    27.64393
    -4.61075    14.54366    13.69634     0.00000    28.24000
    -4.53175    14.58518    14.22422     0.00000    28.80941
    -4.45375    14.61812    14.66971     0.00000    29.28783
    -4.37475    14.63468    15.07733     0.00000    29.71202
    -4.29675    14.64594    15.48137     0.00000    30.12731
    -4.21775    14.66433    15.85576     0.00000    30.52008
    -4.13975    14.69795    16.32114     0.00000    31.01909
    -4.06175    14.73964    16.96474     0.00000    31.70438
    -3.98275    14.76880    17.56671     0.00000    32.33551
    -3.90475    14.79153    18.12738     0.00000    32.91891
    -3.82575    14.81776    18.67916     0.00000    33.49692
    -3.74775    14.83225    18.95458     0.00000    33.78683
    -3.66875    14.84603    19.18722     0.00000    34.03325
    -3.59075    14.86358    19.61250     0.00000    34.47609
    -3.51175    14.87598    20.05351     0.00000    34.92948
    -3.43375    14.89200    20.61867     0.00000    35.51066
    -3.35575    14.91731    21.44904     0.00000    36.36635
    -3.27675    14.94240    22.18560     0.00000    37.12800
    -3.19875    14.96008    22.73762     0.00000    37.69770
    -3.11975    14.97111    23.23415     0.00000    38.20526
    -3.04175    14.97714    23.79736     0.00000    38.77450
    -2.96275    14.98396    24.43394     0.00000    39.41790
    -2.88475    14.99553    24.96773     0.00000    39.96326
    -2.80675    15.01186    25.52316     0.00000    40.53501
    -2.72775    15.02305    26.06736     0.00000    41.09041
    -2.64975    15.02625    26.51732     0.00000    41.54357
    -2.57075    15.02716    26.89413     0.00000    41.92128
    -2.49275    15.02902    27.19902     0.00000    42.22803
    -2.41375    15.03213    27.48242     0.00000    42.51455
    -2.33575    15.03494    27.84322     0.00000    42.87816
    -2.25775    15.03917    28.27259     0.00000    43.31176
    -2.17875    15.04474    28.73077     0.00000    43.77550
    -2.10075    15.04771    29.07601     0.00000    44.12372
    -2.02175    15.04867    29.24841     0.00000    44.29709
    -1.94375    15.04936    29.42512     0.00000    44.47448
    -1.86475    15.05028    29.68088     0.00000    44.73116
    -1.78675    15.05116    29.92210     0.00000    44.97327
    -1.70875    15.05137    30.05456     0.00000    45.10594
    -1.62975    15.05138    30.16188     0.00000    45.21325
    -1.55175    15.05138    30.29988     0.00000    45.35125
    -1.47275    15.05138    30.39172     0.00000    45.44310
    -1.39475    15.05138    30.47417     0.00000    45.52555
    -1.31575    15.05139    30.56553     0.00000    45.61691
    -1.23775    15.05139    30.59466     0.00000    45.64604
    -1.15975    15.05139    30.59496     0.00000    45.64635
    -1.08075    15.05139    30.59496     0.00000    45.64635
    -1.00275    15.05139    30.59496     0.00000    45.64635
    -0.92375    15.05139    30.59496     0.00000    45.64635
    -0.84575    15.05139    30.59496     0.00000    45.64635
    -0.76675    15.05139    30.59496     0.00000    45.64635
    -0.68875    15.05139    30.59496     0.00000    45.64635
    -0.60975    15.05139    30.59496     0.00000    45.64635
    -0.53175    15.05139    30.59496     0.00000    45.64635
    -0.45375    15.05172    30.59575     0.00000    45.64746
    -0.37475    15.05401    30.60125     0.00000    45.65526
    -0.29675    15.06010    30.61930     0.00000    45.67940
    -0.21775    15.06869    30.64767     0.00000    45.71636
    -0.13975    15.07471    30.67046     0.00000    45.74517
    -0.06075    15.08142    30.70727     0.00000    45.78870
     0.01725    15.10150    30.82930     0.00000    45.93080
     0.09525    15.13055    31.01360     0.00000    46.14415
     0.17425    15.15285    31.15748     0.00000    46.31034
     0.25225    15.16143    31.21288     0.00000    46.37431
     0.33125    15.16187    31.21572     0.00000    46.37759
     0.40925    15.16187    31.21572     0.00000    46.37759
     0.48825    15.16187    31.21572     0.00000    46.37759
     0.56625    15.16187    31.21572     0.00000    46.37759
     0.64425    15.16187    31.21572     0.00000    46.37759
     0.72325    15.16187    31.21572     0.00000    46.37759
     0.80125    15.16187    31.21572     0.00000    46.37759
     0.88025    15.16187    31.21572     0.00000    46.37759
     0.95825    15.16187    31.21573     0.00000    46.37760
     1.03725    15.16305    31.21614     0.00000    46.37919
     1.11525    15.16974    31.21850     0.00000    46.38824
     1.19325    15.17611    31.22075     0.00000    46.39686
     1.27225    15.17850    31.22183     0.00000    46.40033
     1.35025    15.19428    31.23001     0.00000    46.42430
     1.42925    15.21367    31.24035     0.00000    46.45402
     1.50725    15.23013    31.25260     0.00000    46.48273
     1.58625    15.25385    31.27123     0.00000    46.52508
     1.66425    15.26887    31.28236     0.00000    46.55123
     1.74225    15.28725    31.29516     0.00000    46.58241
     1.82125    15.30961    31.31111     0.00000    46.62072
     1.89925    15.32508    31.32262     0.00000    46.64770
     1.97825    15.34491    31.33570     0.00000    46.68061
     2.05625    15.35652    31.34250     0.00000    46.69902
     2.13525    15.36019    31.34857     0.00000    46.70876
     2.21325    15.39090    31.40668     0.00000    46.79758
     2.29125    15.43061    31.48691     0.00000    46.91752
     2.37025    15.45441    31.53601     0.00000    46.99042
     2.44825    15.48730    31.60458     0.00000    47.09187
     2.52725    15.52370    31.68956     0.00000    47.21326
     2.60525    15.55786    31.75007     0.00000    47.30793
     2.68425    15.60051    31.81045     0.00000    47.41096
     2.76225    15.63354    31.86835     0.00000    47.50190
     2.84125    15.65237    31.90799     0.00000    47.56036
     2.91925    15.68545    31.97493     0.00000    47.66038
     2.99725    15.73318    32.06603     0.00000    47.79921
     3.07625    15.77260    32.13048     0.00000    47.90308
     3.15425    15.80427    32.17836     0.00000    47.98263
     3.23325    15.84198    32.24341     0.00000    48.08539
     3.31125    15.87712    32.31851     0.00000    48.19563
     3.39025    15.91070    32.39322     0.00000    48.30392
     3.46825    15.95840    32.48318     0.00000    48.44157
     3.54625    16.00496    32.57560     0.00000    48.58056
     3.62525    16.04088    32.64254     0.00000    48.68343
     3.70325    16.07881    32.68680     0.00000    48.76561
     3.78225    16.14440    32.75680     0.00000    48.90120
     3.86025    16.22149    32.85651     0.00000    49.07800
     3.93925    16.28268    32.94505     0.00000    49.22773
     4.01725    16.34054    33.04307     0.00000    49.38361
     4.09525    16.39333    33.15085     0.00000    49.54418
     4.17425    16.43356    33.24109     0.00000    49.67465
     4.25225    16.45586    33.30030     0.00000    49.75616
     4.33125    16.47199    33.35125     0.00000    49.82324
     4.40925    16.50000    33.42942     0.00000    49.92941
     4.48825    16.53546    33.52922     0.00000    50.06469
     4.56625    16.56127    33.60754     0.00000    50.16881
     4.64425    16.57403    33.63776     0.00000    50.21179
     4.72325    16.57893    33.64273     0.00000    50.22166
     4.80125    16.57939    33.64315     0.00000    50.22254
     4.88025    16.57940    33.64315     0.00000    50.22254
     4.95825    16.57940    33.64315     0.00000    50.22254
     5.03725    16.57940    33.64315     0.00000    50.22254
     5.11525    16.57940    33.64315     0.00000    50.22254
     5.19325    16.57940    33.64315     0.00000    50.22254
     5.27225    16.57940    33.64315     0.00000    50.22254
     5.35025    16.57940    33.64315     0.00000    50.22254
     5.42925    16.57940    33.64315     0.00000    50.22254
     5.50725    16.57940    33.64315     0.00000    50.22254
     5.58625    16.57940    33.64315     0.00000    50.22254
     5.66425    16.57940    33.64315     0.00000    50.22254
