     #Energy           s           p           d       tot  
   -17.86575     0.00000     0.00000     0.00000     0.00000
   -17.78675     0.00000     0.00000     0.00000     0.00000
   -17.70875     0.00000     0.00000     0.00000     0.00000
   -17.62975     0.00000     0.00000     0.00000     0.00000
   -17.55175     0.00000     0.00000     0.00000     0.00000
   -17.47275     0.00000     0.00000     0.00000     0.00000
   -17.39475     0.00000     0.00000     0.00000     0.00000
   -17.31575     0.00000     0.00000     0.00000     0.00000
   -17.23775     0.00000     0.00000     0.00000     0.00000
   -17.15975     0.00000     0.00000     0.00000     0.00000
   -17.08075     0.00000     0.00000     0.00000     0.00000
   -17.00275     0.00000     0.00000     0.00000     0.00000
   -16.92375     0.00000     0.00000     0.00000     0.00000
   -16.84575     0.00193     0.00001     0.00000     0.00194
   -16.76675     0.02119     0.00014     0.00000     0.02133
   -16.68875     0.04362     0.00029     0.00000     0.04391
   -16.61075     0.04877     0.00033     0.00000     0.04910
   -16.53175     0.05390     0.00048     0.00000     0.05437
   -16.45375     0.07554     0.00110     0.00000     0.07664
   -16.37475     0.09648     0.00175     0.00000     0.09823
   -16.29675     0.13818     0.00374     0.00000     0.14193
   -16.21775     0.22233     0.00797     0.00000     0.23030
   -16.13975     0.27508     0.01069     0.00000     0.28577
   -16.06175     0.29349     0.01190     0.00000     0.30539
   -15.98275     0.38361     0.01855     0.00000     0.40216
   -15.90475     0.52398     0.02909     0.00000     0.55307
   -15.82575     0.58873     0.03403     0.00000     0.62276
   -15.74775     0.59477     0.03461     0.00000     0.62939
   -15.66875     0.63096     0.03845     0.00000     0.66942
   -15.59075     0.70078     0.04610     0.00000     0.74688
   -15.51275     0.78487     0.05570     0.00000     0.84057
   -15.43375     0.87423     0.06623     0.00000     0.94046
   -15.35575     0.93299     0.07358     0.00000     1.00657
   -15.27675     0.98745     0.08114     0.00000     1.06859
   -15.19875     1.05832     0.09121     0.00000     1.14953
   -15.11975     1.10730     0.09847     0.00000     1.20578
   -15.04175     1.12450     0.10112     0.00000     1.22562
   -14.96375     1.13693     0.10338     0.00000     1.24031
   -14.88475     1.18517     0.11234     0.00000     1.29751
   -14.80675     1.29713     0.13392     0.00000     1.43105
   -14.72775     1.45968     0.16625     0.00000     1.62593
   -14.64975     1.61072     0.19765     0.00000     1.80837
   -14.57075     1.70882     0.21923     0.00000     1.92805
   -14.49275     1.80932     0.24297     0.00000     2.05229
   -14.41475     1.93455     0.27327     0.00000     2.20782
   -14.33575     2.01594     0.29341     0.00000     2.30935
   -14.25775     2.05006     0.30264     0.00000     2.35270
   -14.17875     2.09877     0.31710     0.00000     2.41586
   -14.10075     2.20111     0.34812     0.00000     2.54923
   -14.02175     2.35218     0.39492     0.00000     2.74710
   -13.94375     2.51939     0.44778     0.00000     2.96717
   -13.86475     2.63790     0.48661     0.00000     3.12451
   -13.78675     2.72548     0.51690     0.00000     3.24239
   -13.70875     2.81389     0.54788     0.00000     3.36178
   -13.62975     2.88418     0.57335     0.00000     3.45752
   -13.55175     2.95747     0.60268     0.00000     3.56015
   -13.47275     3.04180     0.64062     0.00000     3.68242
   -13.39475     3.16880     0.70106     0.00000     3.86987
   -13.31575     3.29589     0.76280     0.00000     4.05869
   -13.23775     3.39515     0.81201     0.00000     4.20716
   -13.15975     3.48976     0.85801     0.00000     4.34776
   -13.08075     3.54976     0.88794     0.00000     4.43770
   -13.00275     3.60780     0.92134     0.00000     4.52914
   -12.92375     3.71032     0.98731     0.00000     4.69763
   -12.84575     3.84257     1.08127     0.00000     4.92384
   -12.76675     3.95705     1.17192     0.00000     5.12897
   -12.68875     4.07468     1.27388     0.00000     5.34856
   -12.61075     4.18429     1.37315     0.00000     5.55743
   -12.53175     4.23860     1.42591     0.00000     5.66451
   -12.45375     4.25487     1.44355     0.00000     5.69842
   -12.37475     4.27889     1.48708     0.00000     5.76597
   -12.29675     4.33628     1.59577     0.00000     5.93205
   -12.21775     4.38781     1.69288     0.00000     6.08069
   -12.13975     4.42297     1.76257     0.00000     6.18555
   -12.06175     4.47582     1.88138     0.00000     6.35719
   -11.98275     4.51842     1.99040     0.00000     6.50883
   -11.90475     4.54371     2.10031     0.00000     6.64401
   -11.82575     4.56899     2.22223     0.00000     6.79121
   -11.74775     4.57924     2.27254     0.00000     6.85178
   -11.66875     4.58072     2.28013     0.00000     6.86085
   -11.59075     4.58073     2.28021     0.00000     6.86095
   -11.51275     4.58073     2.28021     0.00000     6.86095
   -11.43375     4.58073     2.28021     0.00000     6.86095
   -11.35575     4.58073     2.28021     0.00000     6.86095
   -11.27675     4.58073     2.28021     0.00000     6.86095
   -11.19875     4.58073     2.28021     0.00000     6.86095
   -11.11975     4.58073     2.28021     0.00000     6.86095
   -11.04175     4.58073     2.28021     0.00000     6.86095
   -10.96375     4.58073     2.28021     0.00000     6.86095
   -10.88475     4.58073     2.28021     0.00000     6.86095
   -10.80675     4.58073     2.28021     0.00000     6.86095
   -10.72775     4.58073     2.28021     0.00000     6.86095
   -10.64975     4.58073     2.28021     0.00000     6.86095
   -10.57075     4.58073     2.28021     0.00000     6.86095
   -10.49275     4.58073     2.28021     0.00000     6.86095
   -10.41375     4.58073     2.28021     0.00000     6.86095
   -10.33575     4.58073     2.28021     0.00000     6.86095
   -10.25775     4.58073     2.28021     0.00000     6.86095
   -10.17875     4.58073     2.28021     0.00000     6.86095
   -10.10075     4.58073     2.28021     0.00000     6.86095
   -10.02175     4.58073     2.28021     0.00000     6.86095
    -9.94375     4.58074     2.28022     0.00000     6.86095
    -9.86475     4.58301     2.28101     0.00000     6.86401
    -9.78675     4.60425     2.28915     0.00000     6.89340
    -9.70875     4.63788     2.30473     0.00000     6.94262
    -9.62975     4.65443     2.31399     0.00000     6.96843
    -9.55175     4.67056     2.31910     0.00000     6.98966
    -9.47275     4.72333     2.33563     0.00000     7.05896
    -9.39475     4.82389     2.36746     0.00000     7.19136
    -9.31575     5.05362     2.44149     0.00000     7.49512
    -9.23775     5.34077     2.53597     0.00000     7.87674
    -9.15975     5.52185     2.59289     0.00000     8.11474
    -9.08075     5.69447     2.63999     0.00000     8.33446
    -9.00275     5.91677     2.69502     0.00000     8.61178
    -8.92375     6.11615     2.73641     0.00000     8.85256
    -8.84575     6.28717     2.76861     0.00000     9.05578
    -8.76675     6.46155     2.80891     0.00000     9.27046
    -8.68875     6.62459     2.84790     0.00000     9.47249
    -8.61075     6.84961     2.88963     0.00000     9.73924
    -8.53175     7.16915     2.95205     0.00000    10.12121
    -8.45375     7.54077     3.04846     0.00000    10.58923
    -8.37475     7.97799     3.17915     0.00000    11.15714
    -8.29675     8.29386     3.27287     0.00000    11.56673
    -8.21775     8.53838     3.34999     0.00000    11.88837
    -8.13975     8.84575     3.44341     0.00000    12.28916
    -8.06175     9.14718     3.53652     0.00000    12.68370
    -7.98275     9.40417     3.62946     0.00000    13.03363
    -7.90475     9.55868     3.69159     0.00000    13.25027
    -7.82575     9.62828     3.72479     0.00000    13.35307
    -7.74775     9.69068     3.76154     0.00000    13.45222
    -7.66875     9.78253     3.82300     0.00000    13.60553
    -7.59075     9.86127     3.88525     0.00000    13.74652
    -7.51275     9.92535     3.93435     0.00000    13.85970
    -7.43375     9.97657     3.97204     0.00000    13.94861
    -7.35575    10.01423     4.00544     0.00000    14.01968
    -7.27675    10.05092     4.04094     0.00000    14.09186
    -7.19875    10.07879     4.06649     0.00000    14.14527
    -7.11975    10.15142     4.13311     0.00000    14.28452
    -7.04175    10.28673     4.26150     0.00000    14.54824
    -6.96275    10.37668     4.36593     0.00000    14.74261
    -6.88475    10.41934     4.45282     0.00000    14.87216
    -6.80675    10.47138     4.55852     0.00000    15.02990
    -6.72775    10.52271     4.67398     0.00000    15.19669
    -6.64975    10.58657     4.83742     0.00000    15.42399
    -6.57075    10.66602     5.05125     0.00000    15.71727
    -6.49275    10.73001     5.20868     0.00000    15.93869
    -6.41375    10.79656     5.34103     0.00000    16.13759
    -6.33575    10.88165     5.51144     0.00000    16.39309
    -6.25775    10.93571     5.61075     0.00000    16.54647
    -6.17875    10.97145     5.66845     0.00000    16.63990
    -6.10075    11.02045     5.78310     0.00000    16.80356
    -6.02175    11.08618     5.94817     0.00000    17.03435
    -5.94375    11.18229     6.17128     0.00000    17.35357
    -5.86475    11.26539     6.37628     0.00000    17.64168
    -5.78675    11.29637     6.47744     0.00000    17.77381
    -5.70875    11.30335     6.51242     0.00000    17.81576
    -5.62975    11.33480     6.56203     0.00000    17.89683
    -5.55175    11.39925     6.71982     0.00000    18.11906
    -5.47275    11.45659     6.91651     0.00000    18.37310
    -5.39475    11.50400     7.06939     0.00000    18.57340
    -5.31575    11.55989     7.23303     0.00000    18.79292
    -5.23775    11.61218     7.43129     0.00000    19.04347
    -5.15975    11.65143     7.59098     0.00000    19.24241
    -5.08075    11.70239     7.75954     0.00000    19.46193
    -5.00275    11.76760     7.98148     0.00000    19.74908
    -4.92375    11.82804     8.18920     0.00000    20.01724
    -4.84575    11.88406     8.38120     0.00000    20.26526
    -4.76675    11.94153     8.59412     0.00000    20.53565
    -4.68875    12.00980     8.87566     0.00000    20.88547
    -4.61075    12.08252     9.19471     0.00000    21.27724
    -4.53175    12.14673     9.49221     0.00000    21.63894
    -4.45375    12.18959     9.74498     0.00000    21.93457
    -4.37475    12.21322     9.98157     0.00000    22.19479
    -4.29675    12.23094    10.21640     0.00000    22.44735
    -4.21775    12.25470    10.42492     0.00000    22.67962
    -4.13975    12.29293    10.67164     0.00000    22.96457
    -4.06175    12.34172    11.01458     0.00000    23.35631
    -3.98275    12.38104    11.34209     0.00000    23.72313
    -3.90475    12.40692    11.64681     0.00000    24.05373
    -3.82575    12.43178    11.93834     0.00000    24.37012
    -3.74775    12.44705    12.08088     0.00000    24.52793
    -3.66875    12.46245    12.19300     0.00000    24.65545
    -3.59075    12.48482    12.40455     0.00000    24.88937
    -3.51175    12.49994    12.62740     0.00000    25.12734
    -3.43375    12.51695    12.90525     0.00000    25.42220
    -3.35575    12.54506    13.30545     0.00000    25.85051
    -3.27675    12.57169    13.64946     0.00000    26.22115
    -3.19875    12.59093    13.89488     0.00000    26.48581
    -3.11975    12.60462    14.11629     0.00000    26.72091
    -3.04175    12.61676    14.37083     0.00000    26.98759
    -2.96275    12.63085    14.65511     0.00000    27.28596
    -2.88475    12.64508    14.88125     0.00000    27.52633
    -2.80675    12.66313    15.10308     0.00000    27.76621
    -2.72775    12.67791    15.32080     0.00000    27.99871
    -2.64975    12.68356    15.50181     0.00000    28.18536
    -2.57075    12.68527    15.65058     0.00000    28.33585
    -2.49275    12.68754    15.76500     0.00000    28.45253
    -2.41375    12.69065    15.86311     0.00000    28.55377
    -2.33575    12.69298    15.98320     0.00000    28.67618
    -2.25775    12.69535    16.12187     0.00000    28.81722
    -2.17875    12.69811    16.26145     0.00000    28.95956
    -2.10075    12.69967    16.36311     0.00000    29.06278
    -2.02175    12.70039    16.41183     0.00000    29.11222
    -1.94375    12.70100    16.45859     0.00000    29.15959
    -1.86475    12.70177    16.52320     0.00000    29.22497
    -1.78675    12.70248    16.58040     0.00000    29.28288
    -1.70875    12.70264    16.60957     0.00000    29.31221
    -1.62975    12.70264    16.63197     0.00000    29.33461
    -1.55175    12.70265    16.65775     0.00000    29.36040
    -1.47275    12.70265    16.67313     0.00000    29.37578
    -1.39475    12.70265    16.68407     0.00000    29.38673
    -1.31575    12.70266    16.69545     0.00000    29.39811
    -1.23775    12.70266    16.69908     0.00000    29.40174
    -1.15975    12.70266    16.69912     0.00000    29.40177
    -1.08075    12.70266    16.69912     0.00000    29.40177
    -1.00275    12.70266    16.69912     0.00000    29.40177
    -0.92375    12.70266    16.69912     0.00000    29.40177
    -0.84575    12.70266    16.69912     0.00000    29.40177
    -0.76675    12.70266    16.69912     0.00000    29.40177
    -0.68875    12.70266    16.69912     0.00000    29.40177
    -0.60975    12.70266    16.69912     0.00000    29.40177
    -0.53175    12.70266    16.69912     0.00000    29.40179
    -0.45375    12.70376    16.70170     0.00000    29.40546
    -0.37475    12.71138    16.71974     0.00000    29.43111
    -0.29675    12.73298    16.77575     0.00000    29.50873
    -0.21775    12.76471    16.86172     0.00000    29.62643
    -0.13975    12.78662    16.92401     0.00000    29.71063
    -0.06075    12.80924    17.00182     0.00000    29.81106
     0.01725    12.88011    17.25639     0.00000    30.13650
     0.09525    12.97428    17.61299     0.00000    30.58727
     0.17425    13.03693    17.87002     0.00000    30.90695
     0.25225    13.06004    17.96905     0.00000    31.02909
     0.33125    13.06118    17.97405     0.00000    31.03522
     0.40925    13.06118    17.97405     0.00000    31.03523
     0.48825    13.06118    17.97405     0.00000    31.03523
     0.56625    13.06118    17.97405     0.00000    31.03523
     0.64425    13.06118    17.97405     0.00000    31.03523
     0.72325    13.06118    17.97405     0.00000    31.03523
     0.80125    13.06118    17.97405     0.00000    31.03523
     0.88025    13.06118    17.97405     0.00000    31.03523
     0.95825    13.06118    17.97405     0.00000    31.03523
     1.03725    13.06187    17.97541     0.00000    31.03728
     1.11525    13.06578    17.98308     0.00000    31.04887
     1.19325    13.06951    17.99039     0.00000    31.05990
     1.27225    13.07097    17.99361     0.00000    31.06457
     1.35025    13.08062    18.01730     0.00000    31.09792
     1.42925    13.09222    18.04659     0.00000    31.13881
     1.50725    13.09979    18.06999     0.00000    31.16978
     1.58625    13.11057    18.10726     0.00000    31.21784
     1.66425    13.11872    18.13403     0.00000    31.25275
     1.74225    13.13536    18.16896     0.00000    31.30433
     1.82125    13.15568    18.21143     0.00000    31.36711
     1.89925    13.16852    18.23793     0.00000    31.40645
     1.97825    13.18634    18.26760     0.00000    31.45394
     2.05625    13.19777    18.28421     0.00000    31.48199
     2.13525    13.20133    18.29003     0.00000    31.49136
     2.21325    13.22945    18.34236     0.00000    31.57181
     2.29125    13.26590    18.41302     0.00000    31.67892
     2.37025    13.28939    18.45591     0.00000    31.74531
     2.44825    13.32022    18.51573     0.00000    31.83594
     2.52725    13.35568    18.58921     0.00000    31.94490
     2.60525    13.39041    18.65596     0.00000    32.04636
     2.68425    13.43107    18.73309     0.00000    32.16416
     2.76225    13.46543    18.79985     0.00000    32.26528
     2.84125    13.48807    18.84584     0.00000    32.33390
     2.91925    13.52757    18.92803     0.00000    32.45560
     2.99725    13.58731    19.04705     0.00000    32.63436
     3.07625    13.63919    19.13716     0.00000    32.77635
     3.15425    13.68159    19.20684     0.00000    32.88843
     3.23325    13.73683    19.30245     0.00000    33.03929
     3.31125    13.79183    19.39817     0.00000    33.19000
     3.39025    13.83989    19.47751     0.00000    33.31740
     3.46825    13.90596    19.57237     0.00000    33.47833
     3.54625    13.97161    19.67276     0.00000    33.64437
     3.62525    14.01230    19.74975     0.00000    33.76205
     3.70325    14.05721    19.82265     0.00000    33.87986
     3.78225    14.16297    19.95256     0.00000    34.11552
     3.86025    14.28227    20.10059     0.00000    34.38286
     3.93925    14.36964    20.21081     0.00000    34.58045
     4.01725    14.46015    20.34586     0.00000    34.80601
     4.09525    14.55728    20.49504     0.00000    35.05232
     4.17425    14.65607    20.60328     0.00000    35.25934
     4.25225    14.71831    20.66601     0.00000    35.38432
     4.33125    14.75311    20.71709     0.00000    35.47020
     4.40925    14.81587    20.79201     0.00000    35.60788
     4.48825    14.89504    20.88657     0.00000    35.78160
     4.56625    14.95013    20.96521     0.00000    35.91533
     4.64425    14.97231    21.00287     0.00000    35.97518
     4.72325    14.97730    21.01438     0.00000    35.99168
     4.80125    14.97775    21.01545     0.00000    35.99320
     4.88025    14.97775    21.01545     0.00000    35.99320
     4.95825    14.97775    21.01545     0.00000    35.99320
     5.03725    14.97775    21.01545     0.00000    35.99320
     5.11525    14.97775    21.01545     0.00000    35.99320
     5.19325    14.97775    21.01545     0.00000    35.99320
     5.27225    14.97775    21.01545     0.00000    35.99320
     5.35025    14.97775    21.01545     0.00000    35.99320
     5.42925    14.97775    21.01545     0.00000    35.99320
     5.50725    14.97775    21.01545     0.00000    35.99320
     5.58625    14.97775    21.01545     0.00000    35.99320
     5.66425    14.97775    21.01545     0.00000    35.99320
