    #         X           Y           Z        CHARGE     ATOM    DISTANCE
  -------------------------------------------------------------------------
    1      0.0000     14.3710      8.2714      1.3318      41      0.0228
    2      0.0000     14.3710     10.1571      6.6561      77      0.0218
    3      0.0000      0.1996     10.7571      1.3564      47      0.0356
    4      0.0000      0.1996     12.6429      6.6455      83      0.0379
    5      0.0000     14.3710     15.1714      6.6556      91      0.0181
    6      0.0000     14.3710     18.3000      1.2065      65      0.0136
    7      0.0000     14.4708     19.9286      7.3974      34      0.0478
    8      0.0000      0.0998     20.7000     11.1817      14      0.0188
    9      0.0000      0.2994     22.5429      7.2221      17      0.0294
   10      0.0000     14.2712     23.5286     11.1373      13      0.0244
   11      0.0000     14.4708     27.0857      7.2439      40      0.0077
   12      0.0000      1.9960     27.9429     11.7747       3      0.0086
   13      1.5365     15.2692      6.5571      0.9665     101      0.0238
   14      0.0000     14.3710     13.2857      1.3428      53      0.0147
   15      0.0000      1.8962      6.5571      0.9661     102      0.0403
   16      0.0000      1.8962      7.6714      6.0238      71      0.0436
   17      0.0000      1.9960     15.8143      1.3714      59      0.0478
   18      0.0000      1.9960     17.7000      6.6532     100      0.0437
   19      0.0000      1.9960     24.5571      7.2241      20      0.0182
   20      0.0000      3.6925     10.1571      6.6543      78      0.0295
   21      0.0000      3.6925     13.2857      1.3462      54      0.0251
   22      0.0000      3.6925     15.1714      6.6497      90      0.0285
   23      0.0000      3.6925     19.9714      7.4470      18      0.0097
   24      0.0000      3.8921     21.7714     11.1432       2      0.0458
   25      0.0000      3.6925      8.2714      1.3370      43      0.0271
   26      0.0000      3.6925     27.0857      7.2490      25      0.0313
   27      0.0000      3.7923     25.2000     11.2078       4      0.0194
   28      0.0000      3.7923     18.3857      1.1754      66      0.0502
   29      1.5365      4.5907      6.5571      0.9685     103      0.0108
   30      1.5365      4.7903     28.3714     12.2642       7      0.0382
   31      0.0000      5.4889     12.6429      6.6538      84      0.0147
   32      0.0000      5.5887     22.5429      7.2178      23      0.0134
   33      0.0000      5.4889     10.7571      1.3531      48      0.0127
   34      0.0000      7.2853      7.6714      6.0325      73      0.0286
   35      0.0000      7.2853     26.4429     11.2159       8      0.0383
   36      0.0000      7.2853      6.5571      0.9664     104      0.0238
   37      0.0000      7.2853     15.7714      1.3458      60      0.0269
   38      0.0000      7.2853     17.6571      6.6725      99      0.0213
   39      1.5365      6.4869     19.9286      7.3974      22      0.0478
   40      0.0000      7.3851     24.5571      7.2088      28      0.0382
   41      0.0000      8.9819     19.9714      7.3854      26      0.0314
   42      0.0000      9.0817     10.1571      6.6563      79      0.0468
   43      0.0000      9.0817     13.2857      1.3484      55      0.0407
   44      0.0000      9.0817     15.1714      6.6478      89      0.0373
   45      0.0000      9.2813     23.5714     11.1310       9      0.0073
   46      0.0000      9.0817     27.2571      7.2316      33      0.0443
   47      0.0000      9.0817      8.2714      1.3351      42      0.0500
   48      1.5365      9.9799     27.9429     11.7749      11      0.0085
   49      0.0000      9.0817     18.2571      1.2371      67      0.0505
   50      0.0000     10.7782     12.6429      6.6510      85      0.0415
   51      0.0000     10.8780     22.3714      7.2403      31      0.0199
   52      0.0000     10.7782     10.7571      1.3532      49      0.0385
   53      1.5365      9.8801      6.5571      0.9662     105      0.0403
   54      0.0000     12.6744     24.7286      7.2345      36      0.0339
   55      0.0000     12.7742     28.3714     12.2642      15      0.0381
   56      0.0000     12.5746      6.5571      0.9684     106      0.0107
   57      0.0000     12.5746     17.7000      6.6613      98      0.0171
   58      1.5365     11.6764     19.9714      7.4470      30      0.0093
   59      0.0000     12.5746      7.6714      6.0292      72      0.0171
   60      0.0000     12.5746     15.8143      1.3588      61      0.0165
   61      1.5365     15.2692      7.6714      6.0324      74      0.0286
   62      1.5365     15.2692     15.7714      1.3458      64      0.0269
   63      1.5365     15.2692     17.6571      6.6727      95      0.0213
   64      1.5365     15.3690     24.5571      7.2089      39      0.0383
   65      1.5365     15.2692     26.4429     11.2159      16      0.0383
   66      1.5365      1.0978     27.2571      7.2318      21      0.0442
   67      1.5365      1.0978      8.2714      1.3351      44      0.0500
   68      1.5365      1.0978     10.1571      6.6560      80      0.0468
   69      1.5365      1.0978     15.1714      6.6478      92      0.0373
   70      1.5365      1.0978     18.2571      1.2371      70      0.0504
   71      1.5365      0.9980     19.9714      7.3853      38      0.0313
   72      1.5365      1.0978     13.2857      1.3484      56      0.0407
   73      1.5365      2.8942     22.3714      7.2404      19      0.0199
   74      1.5365      2.7944     10.7571      1.3531      52      0.0385
   75      1.5365      2.7944     12.6429      6.6511      88      0.0415
   76      1.5365      1.2974     23.5714     11.1310       1      0.0073
   77      1.5365      4.5907      7.6714      6.0292      76      0.0172
   78      1.5365      4.5907     17.7000      6.6612      96      0.0171
   79      1.5365      4.6905     24.7286      7.2345      24      0.0339
   80      1.5365      4.5907     15.8143      1.3588      63      0.0165
   81      1.5365      6.3871      8.2714      1.3317      46      0.0228
   82      1.5365      6.3871     10.1571      6.6560      81      0.0218
   83      1.5365      6.3871     15.1714      6.6558      93      0.0181
   84      1.5365      6.4869     27.0857      7.2439      29      0.0077
   85      1.5365      6.3871     18.3000      1.2066      69      0.0136
   86      1.5365      6.2873     23.5286     11.1372       5      0.0244
   87      1.5365      6.3871     13.2857      1.3424      57      0.0148
   88      1.5365      8.0837     20.7000     11.1817       6      0.0188
   89      1.5365      8.2833     22.5429      7.2221      27      0.0294
   90      1.5365      8.1835     10.7571      1.3562      51      0.0356
   91      1.5365      8.1835     12.6429      6.6456      87      0.0379
   92      1.5365      9.8801      7.6714      6.0238      75      0.0436
   93      1.5365      9.9799     17.7000      6.6533      97      0.0437
   94      1.5365      9.9799     24.5571      7.2241      32      0.0182
   95      1.5365      9.9799     15.8143      1.3714      62      0.0478
   96      1.5365     11.7762     25.2000     11.2079      12      0.0193
   97      1.5365     11.6764     27.0857      7.2489      37      0.0314
   98      1.5365     11.6764     10.1571      6.6543      82      0.0295
   99      1.5365     11.6764     15.1714      6.6497      94      0.0285
  100      1.5365     11.7762     18.3857      1.1752      68      0.0503
  101      1.5365     11.6764      8.2714      1.3369      45      0.0271
  102      1.5365     11.8760     21.7714     11.1433      10      0.0458
  103      1.5365     11.6764     13.2857      1.3462      58      0.0251
  104      1.5365     13.4728     10.7571      1.3531      50      0.0128
  105      1.5365     13.4728     12.6429      6.6537      86      0.0147
  106      1.5365     13.5726     22.5429      7.2177      35      0.0136
  -------------------------------------------------------------------------
