# freq_THz coherence
0.000000000000000000e+00 6.602305403868684308e-02
2.441406249999999653e-02 6.540550019596189091e-02
4.882812499999999306e-02 5.181351345088978932e-02
7.324218749999998612e-02 1.068707364347688815e-01
9.765624999999998612e-02 2.620353232663630294e-01
1.220703124999999861e-01 3.146281695891574581e-01
1.464843749999999722e-01 1.022354774501651881e-01
1.708984374999999722e-01 4.961446035219074097e-02
1.953124999999999722e-01 3.537189051626510317e-01
2.197265624999999722e-01 6.236030082153594112e-01
2.441406249999999722e-01 5.575244940455362785e-01
2.685546874999999445e-01 1.658878325861254666e-01
2.929687499999999445e-01 4.661567243610851424e-02
3.173828124999999445e-01 5.016849580655862589e-02
3.417968749999999445e-01 4.581411632817295604e-02
3.662109374999999445e-01 6.361742226728490934e-02
3.906249999999999445e-01 5.523078960789012254e-02
4.150390624999999445e-01 8.197000101791200588e-02
4.394531249999999445e-01 2.874277842962594809e-01
4.638671874999999445e-01 4.392023420438989079e-01
4.882812499999999445e-01 2.156924178485376542e-01
5.126953124999998890e-01 6.470282555155146276e-02
5.371093749999998890e-01 7.497516065435437527e-02
5.615234374999998890e-01 4.757561663081279896e-02
5.859374999999998890e-01 5.036331325618068067e-02
6.103515624999998890e-01 5.021697433821761120e-02
6.347656249999998890e-01 5.501920590710063924e-02
6.591796874999998890e-01 5.732808074506610257e-02
6.835937499999998890e-01 1.809843100415129691e-01
7.080078124999998890e-01 1.197396067635041333e-01
7.324218749999998890e-01 9.637222709776388507e-02
7.568359374999998890e-01 1.016147301683027054e-01
7.812499999999998890e-01 8.449298660899635938e-02
8.056640624999998890e-01 9.248470259741950472e-02
8.300781249999998890e-01 2.870359932507801637e-01
8.544921874999998890e-01 3.784617345995932025e-01
8.789062499999998890e-01 2.293302428457489328e-01
9.033203124999998890e-01 1.679982896199193609e-01
9.277343749999998890e-01 1.686032460822482759e-01
9.521484374999998890e-01 1.907493048374354627e-01
9.765624999999998890e-01 2.124987065532066566e-01
1.000976562499999778e+00 3.287650222696444913e-01
1.025390624999999778e+00 2.216505332391610072e-01
1.049804687499999778e+00 1.985195362465308477e-01
1.074218749999999778e+00 1.583364190110738423e-01
1.098632812499999778e+00 2.235619622845168852e-01
1.123046874999999778e+00 2.198655238570558779e-01
1.147460937499999778e+00 1.479547555004731008e-01
1.171874999999999778e+00 1.482354756227306225e-01
1.196289062499999778e+00 2.326618713491890034e-01
1.220703124999999778e+00 1.735146663550173884e-01
1.245117187499999778e+00 2.754867586596185802e-01
1.269531249999999778e+00 2.630485166349896820e-01
1.293945312499999778e+00 3.102961188337055587e-01
1.318359374999999778e+00 2.299703092042648944e-01
1.342773437499999778e+00 1.873253366057365255e-01
1.367187499999999778e+00 2.935234733741308721e-01
1.391601562499999778e+00 3.417383182050726109e-01
1.416015624999999778e+00 1.812277841180437998e-01
1.440429687499999778e+00 2.881429292467680425e-01
1.464843749999999778e+00 2.022088389520213247e-01
1.489257812499999778e+00 2.453113989862148736e-01
1.513671874999999778e+00 1.282107814214283603e-01
1.538085937499999778e+00 1.405863211782244215e-01
1.562499999999999778e+00 1.112148648382542127e-01
1.586914062499999778e+00 2.071653083977874343e-01
1.611328124999999778e+00 2.854040379569677266e-01
1.635742187499999778e+00 1.599642505740068443e-01
1.660156249999999778e+00 1.477722201003647817e-01
1.684570312499999778e+00 1.111706684916632520e-01
1.708984374999999778e+00 1.351166719049347043e-01
1.733398437499999778e+00 1.615395484228470124e-01
1.757812499999999778e+00 1.509430719383201003e-01
1.782226562499999778e+00 1.352012489627504588e-01
1.806640624999999778e+00 1.403350553666827261e-01
1.831054687499999778e+00 1.174076284126581438e-01
1.855468749999999778e+00 1.070559181919193414e-01
1.879882812499999778e+00 9.615829380268350879e-02
1.904296874999999778e+00 1.059411670225391677e-01
1.928710937499999778e+00 1.410257496871801797e-01
1.953124999999999778e+00 1.366152335333917223e-01
1.977539062499999778e+00 1.037512100767915835e-01
2.001953124999999556e+00 1.171750054170290767e-01
2.026367187499999556e+00 1.024185983128728800e-01
2.050781249999999556e+00 1.105591538466874357e-01
2.075195312499999556e+00 1.396615585862661379e-01
2.099609374999999556e+00 1.158800513220099165e-01
2.124023437499999556e+00 8.639277172136196337e-02
2.148437499999999556e+00 7.224088566993222549e-02
2.172851562499999556e+00 9.749907777521235608e-02
2.197265624999999556e+00 9.942623022597861515e-02
2.221679687499999556e+00 7.735189145930448928e-02
2.246093749999999556e+00 7.952441426763570687e-02
2.270507812499999556e+00 6.942641550981860921e-02
2.294921874999999556e+00 7.195852526186459486e-02
2.319335937499999556e+00 8.165386604105254187e-02
2.343749999999999556e+00 8.280545931532512505e-02
2.368164062499999556e+00 7.908389789285912019e-02
2.392578124999999556e+00 7.313810897298539393e-02
2.416992187499999556e+00 7.012973807008515692e-02
2.441406249999999556e+00 7.226818911812030177e-02
2.465820312499999556e+00 7.181796789882825827e-02
2.490234374999999556e+00 6.472998686874882612e-02
2.514648437499999556e+00 6.787505303900645548e-02
2.539062499999999556e+00 7.599753096437947275e-02
2.563476562499999556e+00 6.518542434962783239e-02
2.587890624999999556e+00 7.162838210339245171e-02
2.612304687499999556e+00 7.794017486235825520e-02
2.636718749999999556e+00 7.069140365323013653e-02
2.661132812499999556e+00 7.184647402919577819e-02
2.685546874999999556e+00 7.006743987477434543e-02
2.709960937499999556e+00 7.988750007150409449e-02
2.734374999999999556e+00 7.046263673877367628e-02
2.758789062499999556e+00 6.160512529479934135e-02
2.783203124999999556e+00 6.219396304013653787e-02
2.807617187499999556e+00 6.574130041220828391e-02
2.832031249999999556e+00 6.577305441581654533e-02
2.856445312499999556e+00 6.333974365301282827e-02
2.880859374999999556e+00 6.682518337562864952e-02
2.905273437499999556e+00 6.448786039441625761e-02
2.929687499999999556e+00 6.488173198533682406e-02
2.954101562499999556e+00 6.111159424681779362e-02
2.978515624999999556e+00 5.661674575642528656e-02
3.002929687499999556e+00 5.956800374411338334e-02
3.027343749999999556e+00 6.415978683447337572e-02
3.051757812499999556e+00 6.065886140797587672e-02
3.076171874999999556e+00 5.107404446088122107e-02
3.100585937499999556e+00 5.575406610710951366e-02
3.124999999999999556e+00 6.147021612072286340e-02
3.149414062499999556e+00 6.031809864329189252e-02
3.173828124999999556e+00 5.923665932772426146e-02
3.198242187499999556e+00 6.066234653063774102e-02
3.222656249999999556e+00 5.999309734743171058e-02
3.247070312499999556e+00 5.635100570317888580e-02
3.271484374999999556e+00 5.693267513766151616e-02
3.295898437499999556e+00 5.408043731869691118e-02
3.320312499999999556e+00 5.443011146580457871e-02
3.344726562499999556e+00 5.599966031555841245e-02
3.369140624999999556e+00 5.933695603033001947e-02
3.393554687499999556e+00 5.857985221887691135e-02
3.417968749999999556e+00 5.768962434188627114e-02
3.442382812499999556e+00 5.730195192180712049e-02
3.466796874999999556e+00 5.900489936544937863e-02
3.491210937499999556e+00 5.420275389294543916e-02
3.515624999999999556e+00 5.900112717017160641e-02
3.540039062499999556e+00 5.695114139980327755e-02
3.564453124999999556e+00 5.779281355948599069e-02
3.588867187499999556e+00 5.795589942984769039e-02
3.613281249999999556e+00 5.551118128999550649e-02
3.637695312499999556e+00 5.738740730513761795e-02
3.662109374999999556e+00 5.603405213498156151e-02
3.686523437499999556e+00 5.694299156062561373e-02
3.710937499999999556e+00 5.560054474220488957e-02
3.735351562499999556e+00 5.228239512895778429e-02
3.759765624999999556e+00 5.095424468236775528e-02
3.784179687499999556e+00 5.158538866208088602e-02
3.808593749999999556e+00 5.009523169553382199e-02
3.833007812499999556e+00 5.193173592189059828e-02
3.857421874999999556e+00 5.193102517806909291e-02
3.881835937499999556e+00 5.077621318565853775e-02
3.906249999999999556e+00 5.120681782714143343e-02
3.930664062499999556e+00 5.317394516574402985e-02
3.955078124999999556e+00 5.717978849332168434e-02
3.979492187499999556e+00 5.826417410771034255e-02
4.003906249999999112e+00 5.285711486101816320e-02
4.028320312499999112e+00 5.414308373450026080e-02
4.052734374999999112e+00 5.849630835654174438e-02
4.077148437499999112e+00 5.260645576582962529e-02
4.101562499999999112e+00 5.129424832608382723e-02
4.125976562499999112e+00 5.420534124513269603e-02
4.150390624999999112e+00 5.209344389707656897e-02
4.174804687499999112e+00 5.485809075711387678e-02
4.199218749999999112e+00 5.229286547748092373e-02
4.223632812499999112e+00 5.481035771996331518e-02
4.248046874999999112e+00 5.366771619907158980e-02
4.272460937499999112e+00 5.536898201536506747e-02
4.296874999999999112e+00 5.289343024357073819e-02
4.321289062499999112e+00 5.600296905796069147e-02
4.345703124999999112e+00 5.415820984817450168e-02
4.370117187499999112e+00 5.156080951199412676e-02
4.394531249999999112e+00 4.882717395718140507e-02
4.418945312499999112e+00 4.984791256683140243e-02
4.443359374999999112e+00 5.102468356435336388e-02
4.467773437499999112e+00 5.428070969184229516e-02
4.492187499999999112e+00 5.731735242752879905e-02
4.516601562499999112e+00 5.755388176334896161e-02
4.541015624999999112e+00 5.695647953035912897e-02
4.565429687499999112e+00 5.827231200830702840e-02
4.589843749999999112e+00 5.233677834720582706e-02
4.614257812499999112e+00 5.413402763246555338e-02
4.638671874999999112e+00 5.244402982930317092e-02
4.663085937499999112e+00 5.343115078234936949e-02
4.687499999999999112e+00 5.479814987123876602e-02
4.711914062499999112e+00 5.139703082526768385e-02
4.736328124999999112e+00 5.057664877668254649e-02
4.760742187499999112e+00 5.217379702364553784e-02
4.785156249999999112e+00 5.386457249429078137e-02
4.809570312499999112e+00 5.652602258659630841e-02
4.833984374999999112e+00 5.383630247135248043e-02
4.858398437499999112e+00 5.221678372193121198e-02
4.882812499999999112e+00 5.529356880833709992e-02
4.907226562499999112e+00 5.643132090493436365e-02
4.931640624999999112e+00 5.784523646480411313e-02
4.956054687499999112e+00 5.804342131423958356e-02
4.980468749999999112e+00 5.414573617844962994e-02
5.004882812499999112e+00 5.499450801532538430e-02
5.029296874999999112e+00 5.746477828869766408e-02
5.053710937499999112e+00 5.464776185417571236e-02
5.078124999999999112e+00 5.041103755525599278e-02
5.102539062499999112e+00 4.887089808883116060e-02
5.126953124999999112e+00 5.089778851738253895e-02
5.151367187499999112e+00 5.111804892644784132e-02
5.175781249999999112e+00 5.026272411946716007e-02
5.200195312499999112e+00 5.485412347377990883e-02
5.224609374999999112e+00 5.543323323765710769e-02
5.249023437499999112e+00 4.974364449904961766e-02
5.273437499999999112e+00 5.387718508189246608e-02
5.297851562499999112e+00 5.055121241009181976e-02
5.322265624999999112e+00 5.322051411160478446e-02
5.346679687499999112e+00 5.374117435105303653e-02
5.371093749999999112e+00 5.158180019840927222e-02
5.395507812499999112e+00 4.669149761217849387e-02
5.419921874999999112e+00 5.232911109179340381e-02
5.444335937499999112e+00 5.011845356902212834e-02
5.468749999999999112e+00 5.530430603866695605e-02
5.493164062499999112e+00 5.720221380716956211e-02
5.517578124999999112e+00 5.227122319719755550e-02
5.541992187499999112e+00 5.276741767540990558e-02
5.566406249999999112e+00 5.294816640034649691e-02
5.590820312499999112e+00 5.553346398250333382e-02
5.615234374999999112e+00 5.353331516020347347e-02
5.639648437499999112e+00 4.897407926402187056e-02
5.664062499999999112e+00 5.433833738205568614e-02
5.688476562499999112e+00 5.307449570388194510e-02
5.712890624999999112e+00 5.377203067605819398e-02
5.737304687499999112e+00 4.824295244415995748e-02
5.761718749999999112e+00 5.190468303240889508e-02
5.786132812499999112e+00 5.080863117062427853e-02
5.810546874999999112e+00 5.409156175369514430e-02
5.834960937499999112e+00 5.130796828278300775e-02
5.859374999999999112e+00 4.928823062374165093e-02
5.883789062499999112e+00 4.798383381559316596e-02
5.908203124999999112e+00 5.000586814034179567e-02
5.932617187499999112e+00 4.865991686170659247e-02
5.957031249999999112e+00 5.090697803380232062e-02
5.981445312499999112e+00 5.279203726311484934e-02
6.005859374999999112e+00 5.304368630640223653e-02
6.030273437499999112e+00 5.628794935049753756e-02
6.054687499999999112e+00 5.351882029485997838e-02
6.079101562499999112e+00 5.798355169439917828e-02
6.103515624999999112e+00 4.952559021828446123e-02
6.127929687499999112e+00 5.200289668593823661e-02
6.152343749999999112e+00 5.345258183643950695e-02
6.176757812499999112e+00 5.202850764164168584e-02
6.201171874999999112e+00 5.133495923803632621e-02
6.225585937499999112e+00 4.849540912524123726e-02
6.249999999999999112e+00 4.798871324061904781e-02
6.274414062499999112e+00 4.750578833242277699e-02
6.298828124999999112e+00 4.940587187713299522e-02
6.323242187499999112e+00 5.029432031828044714e-02
6.347656249999999112e+00 5.267154599187495734e-02
6.372070312499999112e+00 5.266503741084630624e-02
6.396484374999999112e+00 5.355637852696942119e-02
6.420898437499999112e+00 4.982408717749128857e-02
6.445312499999999112e+00 5.163650097932703104e-02
6.469726562499999112e+00 5.422024013164248452e-02
6.494140624999999112e+00 5.112619649800013294e-02
6.518554687499999112e+00 5.072114059297084393e-02
6.542968749999999112e+00 5.166297750288251223e-02
6.567382812499999112e+00 4.926617285661213236e-02
6.591796874999999112e+00 5.285532952513597588e-02
6.616210937499999112e+00 5.119101410980970296e-02
6.640624999999999112e+00 5.155048915286354616e-02
6.665039062499999112e+00 5.186615526982065599e-02
6.689453124999999112e+00 5.784636354598107766e-02
6.713867187499999112e+00 5.676003050264724625e-02
6.738281249999999112e+00 5.579934055700139922e-02
6.762695312499999112e+00 5.195879789892180606e-02
6.787109374999999112e+00 5.204098493770153294e-02
6.811523437499999112e+00 4.798446301102605310e-02
6.835937499999999112e+00 5.105943526066220733e-02
6.860351562499999112e+00 5.355100781990970726e-02
6.884765624999999112e+00 4.857634839085987755e-02
6.909179687499999112e+00 4.789860545600887337e-02
6.933593749999999112e+00 5.529424363571108086e-02
6.958007812499999112e+00 5.356489861834117655e-02
6.982421874999999112e+00 5.398002514357513187e-02
7.006835937499999112e+00 4.973002766363097960e-02
7.031249999999999112e+00 5.637902822927912116e-02
7.055664062499999112e+00 5.118713971382733707e-02
7.080078124999999112e+00 5.062461289220732824e-02
7.104492187499999112e+00 4.853298675833602610e-02
7.128906249999999112e+00 5.070523396032478036e-02
7.153320312499999112e+00 5.015043272157355958e-02
7.177734374999999112e+00 4.530096555682591036e-02
7.202148437499999112e+00 4.595402539105793854e-02
7.226562499999999112e+00 4.952849772310508047e-02
7.250976562499999112e+00 5.084353236442473722e-02
7.275390624999999112e+00 5.094128987811106374e-02
7.299804687499999112e+00 4.803833919901820404e-02
7.324218749999999112e+00 4.863418360955352321e-02
7.348632812499999112e+00 4.678877783994428441e-02
7.373046874999999112e+00 5.169919587720454152e-02
7.397460937499999112e+00 5.173132180625271415e-02
7.421874999999999112e+00 4.790742126929285749e-02
7.446289062499999112e+00 4.864098995007139908e-02
7.470703124999999112e+00 4.862832240298110842e-02
7.495117187499999112e+00 4.716660081042955283e-02
7.519531249999999112e+00 4.958858343766611720e-02
7.543945312499999112e+00 5.005866567687752150e-02
7.568359374999999112e+00 5.017612768498388304e-02
7.592773437499999112e+00 4.587746962226214864e-02
7.617187499999999112e+00 4.997319338064008798e-02
7.641601562499999112e+00 4.990783273775699358e-02
7.666015624999999112e+00 4.995010958733739348e-02
7.690429687499999112e+00 5.148317187424377578e-02
7.714843749999999112e+00 5.266222957110801295e-02
7.739257812499999112e+00 4.882975845724923242e-02
7.763671874999999112e+00 5.216073865215165722e-02
7.788085937499999112e+00 5.032085124163825085e-02
7.812499999999999112e+00 5.289886624479125943e-02
7.836914062499999112e+00 5.335993790099703704e-02
7.861328124999999112e+00 5.074571022224845518e-02
7.885742187499999112e+00 4.934928648428631853e-02
7.910156249999999112e+00 4.553768632883190004e-02
7.934570312499999112e+00 4.677581677268682903e-02
7.958984374999999112e+00 5.023548694101761386e-02
7.983398437499999112e+00 4.818624138878686153e-02
8.007812499999998224e+00 4.672693094693099181e-02
8.032226562499998224e+00 4.717268768753808683e-02
8.056640624999998224e+00 4.904863521742173355e-02
8.081054687499998224e+00 5.060727419411025635e-02
8.105468749999998224e+00 4.955238358497768281e-02
8.129882812499998224e+00 4.635199477306645860e-02
8.154296874999998224e+00 4.826372486683002533e-02
8.178710937499998224e+00 4.920937098624473399e-02
8.203124999999998224e+00 4.771940432970511736e-02
8.227539062499998224e+00 5.246864093654776684e-02
8.251953124999998224e+00 4.995831418721046607e-02
8.276367187499998224e+00 4.919462171753057750e-02
8.300781249999998224e+00 4.963164023046264667e-02
8.325195312499998224e+00 4.876306879609518946e-02
8.349609374999998224e+00 4.941826967277699462e-02
8.374023437499998224e+00 5.080661180778744956e-02
8.398437499999998224e+00 4.963940245001075696e-02
8.422851562499998224e+00 4.645582034155861656e-02
8.447265624999998224e+00 5.113238352997426239e-02
8.471679687499998224e+00 5.107648545253270361e-02
8.496093749999998224e+00 4.722400920321857126e-02
8.520507812499998224e+00 5.099461938118934196e-02
8.544921874999998224e+00 4.781157453305308336e-02
8.569335937499998224e+00 5.229812493443952021e-02
8.593749999999998224e+00 4.757077852595140155e-02
8.618164062499998224e+00 4.557697870687946184e-02
8.642578124999998224e+00 4.549527143670221985e-02
8.666992187499998224e+00 5.106757002267191259e-02
8.691406249999998224e+00 5.205995576930881608e-02
8.715820312499998224e+00 4.911197796711266189e-02
8.740234374999998224e+00 5.017084174933143098e-02
8.764648437499998224e+00 4.320106045122143468e-02
8.789062499999998224e+00 4.818133718653842823e-02
8.813476562499998224e+00 4.776106829319465980e-02
8.837890624999998224e+00 4.747000982340910530e-02
8.862304687499998224e+00 4.590035932958747011e-02
8.886718749999998224e+00 5.007884845560856696e-02
8.911132812499998224e+00 5.100130397484822775e-02
8.935546874999998224e+00 4.886307305801197015e-02
8.959960937499998224e+00 4.448295451654009358e-02
8.984374999999998224e+00 4.450996429787791586e-02
9.008789062499998224e+00 4.794715956580912486e-02
9.033203124999998224e+00 4.763027788041961780e-02
9.057617187499998224e+00 5.077168841997638238e-02
9.082031249999998224e+00 4.924609706289347077e-02
9.106445312499998224e+00 4.707554353780775414e-02
9.130859374999998224e+00 4.464723862958046297e-02
9.155273437499998224e+00 4.811547910241332354e-02
9.179687499999998224e+00 4.829395712950611957e-02
9.204101562499998224e+00 4.483655505736514751e-02
9.228515624999998224e+00 4.676541591372107565e-02
9.252929687499998224e+00 4.776297132146018615e-02
9.277343749999998224e+00 4.951162306319031176e-02
9.301757812499998224e+00 4.907030752807184371e-02
9.326171874999998224e+00 5.133185849107366194e-02
9.350585937499998224e+00 4.864090724790588044e-02
9.374999999999998224e+00 5.070648006901394556e-02
9.399414062499998224e+00 4.932543837251310292e-02
9.423828124999998224e+00 4.716016507188405815e-02
9.448242187499998224e+00 4.753664053888353308e-02
9.472656249999998224e+00 5.136314118846107418e-02
9.497070312499998224e+00 4.970331214694048705e-02
9.521484374999998224e+00 4.780253863309556067e-02
9.545898437499998224e+00 5.027889269221196694e-02
9.570312499999998224e+00 5.185666305784461527e-02
9.594726562499998224e+00 5.085005298932739060e-02
9.619140624999998224e+00 4.686345609810132345e-02
9.643554687499998224e+00 4.943120966952653517e-02
9.667968749999998224e+00 5.155185344701809086e-02
9.692382812499998224e+00 5.075513857633391634e-02
9.716796874999998224e+00 4.753858911554795924e-02
9.741210937499998224e+00 4.904758182132798461e-02
9.765624999999998224e+00 4.703378167822935135e-02
9.790039062499998224e+00 4.767257356263211038e-02
9.814453124999998224e+00 5.250217583532301724e-02
9.838867187499998224e+00 5.066361369610840326e-02
9.863281249999998224e+00 4.558429627280394247e-02
9.887695312499998224e+00 4.629810341339603980e-02
9.912109374999998224e+00 4.866784005812865160e-02
9.936523437499998224e+00 4.771880572327522746e-02
9.960937499999998224e+00 4.692223351623360517e-02
9.985351562499998224e+00 4.762898487474533787e-02
1.000976562499999822e+01 5.162387310348511699e-02
1.003417968749999822e+01 5.216908241821253955e-02
1.005859374999999822e+01 4.811684331347912402e-02
1.008300781249999822e+01 4.928216291251442949e-02
1.010742187499999822e+01 5.261174020342072877e-02
1.013183593749999822e+01 4.997204286289620712e-02
1.015624999999999822e+01 4.732601679866892813e-02
1.018066406249999822e+01 4.556849844600431576e-02
1.020507812499999822e+01 4.766627482389133863e-02
1.022949218749999822e+01 4.783126645763138146e-02
1.025390624999999822e+01 4.801293566010186170e-02
1.027832031249999822e+01 4.934245416244306681e-02
1.030273437499999822e+01 5.025739198568000832e-02
1.032714843749999822e+01 5.036890996710319257e-02
1.035156249999999822e+01 4.841685157458724270e-02
1.037597656249999822e+01 5.093816205389679885e-02
1.040039062499999822e+01 5.114028264454282408e-02
1.042480468749999822e+01 4.560254277724115624e-02
1.044921874999999822e+01 4.688180098656532374e-02
1.047363281249999822e+01 5.185855714841062364e-02
1.049804687499999822e+01 5.152420111038822498e-02
1.052246093749999822e+01 5.052351715520948805e-02
1.054687499999999822e+01 5.084327086371056431e-02
1.057128906249999822e+01 4.694537152824209553e-02
1.059570312499999822e+01 4.592598758090295913e-02
1.062011718749999822e+01 5.099420845965326604e-02
1.064453124999999822e+01 4.822702512218667720e-02
1.066894531249999822e+01 4.773897706884856762e-02
1.069335937499999822e+01 5.117842930206781271e-02
1.071777343749999822e+01 5.269372552905730867e-02
1.074218749999999822e+01 4.841580799410030722e-02
1.076660156249999822e+01 4.581150619416192449e-02
1.079101562499999822e+01 4.839811053073285463e-02
1.081542968749999822e+01 5.140134695374402179e-02
1.083984374999999822e+01 4.774596998512243423e-02
1.086425781249999822e+01 4.744279171227368946e-02
1.088867187499999822e+01 5.055480016034742674e-02
1.091308593749999822e+01 4.429954621215888289e-02
1.093749999999999822e+01 4.818786737067177334e-02
1.096191406249999822e+01 4.591325550606991518e-02
1.098632812499999822e+01 4.320489481377875335e-02
1.101074218749999822e+01 4.563457837562884950e-02
1.103515624999999822e+01 5.133206176922314873e-02
1.105957031249999822e+01 4.788710030321620403e-02
1.108398437499999822e+01 4.693510613620476002e-02
1.110839843749999822e+01 4.656869379884454041e-02
1.113281249999999822e+01 4.489182625892425976e-02
1.115722656249999822e+01 4.435770298912593973e-02
1.118164062499999822e+01 4.980139990015043649e-02
1.120605468749999822e+01 4.735024563311022311e-02
1.123046874999999822e+01 4.655557285694132685e-02
1.125488281249999822e+01 5.099625764225210883e-02
1.127929687499999822e+01 4.998478296265611992e-02
1.130371093749999822e+01 4.551339402826948266e-02
1.132812499999999822e+01 4.815381782143290240e-02
1.135253906249999822e+01 5.053406379242410956e-02
1.137695312499999822e+01 4.569137354486459829e-02
1.140136718749999822e+01 4.632966076697538071e-02
1.142578124999999822e+01 4.706657310519874599e-02
1.145019531249999822e+01 4.759806658941113933e-02
1.147460937499999822e+01 4.902174550536097380e-02
1.149902343749999822e+01 4.525156871330322794e-02
1.152343749999999822e+01 4.311722686570714641e-02
1.154785156249999822e+01 4.616620539597884876e-02
1.157226562499999822e+01 5.135208397439151862e-02
1.159667968749999822e+01 4.974506829263454499e-02
1.162109374999999822e+01 4.825854346351652474e-02
1.164550781249999822e+01 4.462299708689086014e-02
1.166992187499999822e+01 4.841152091580232936e-02
1.169433593749999822e+01 4.812028009603956658e-02
1.171874999999999822e+01 4.627846434877224552e-02
1.174316406249999822e+01 4.842467528031998286e-02
1.176757812499999822e+01 4.816559280644425872e-02
1.179199218749999822e+01 4.876170360975726203e-02
1.181640624999999822e+01 5.167422402411379206e-02
1.184082031249999822e+01 5.078518650575371274e-02
1.186523437499999822e+01 4.901422356138212394e-02
1.188964843749999822e+01 4.839304187579771682e-02
1.191406249999999822e+01 4.752475149336820442e-02
1.193847656249999822e+01 4.613141570833297067e-02
1.196289062499999822e+01 4.994948368901600683e-02
1.198730468749999822e+01 4.636875475028338217e-02
1.201171874999999822e+01 4.883251371189798601e-02
1.203613281249999822e+01 4.915705144784073000e-02
1.206054687499999822e+01 4.961297782629691538e-02
1.208496093749999822e+01 5.224549692026874553e-02
1.210937499999999822e+01 5.164315515088886699e-02
1.213378906249999822e+01 5.174610281444234905e-02
1.215820312499999822e+01 4.571008109838022720e-02
1.218261718749999822e+01 4.709659176585345025e-02
1.220703124999999822e+01 4.748344722072039836e-02
1.223144531249999822e+01 5.403930728893822227e-02
1.225585937499999822e+01 4.999819631644912554e-02
1.228027343749999822e+01 4.730476538916663504e-02
1.230468749999999822e+01 4.774781093787719422e-02
1.232910156249999822e+01 5.124604284024857070e-02
1.235351562499999822e+01 5.110311396436895831e-02
1.237792968749999822e+01 4.644609592285552091e-02
1.240234374999999822e+01 4.932126164607071594e-02
1.242675781249999822e+01 5.202079953639394266e-02
1.245117187499999822e+01 4.870459458879295572e-02
1.247558593749999822e+01 4.867306826631583733e-02
1.249999999999999822e+01 4.674067263232298264e-02
1.252441406249999822e+01 4.552181229638282978e-02
1.254882812499999822e+01 4.650512148059281897e-02
1.257324218749999822e+01 4.915660512354735195e-02
1.259765624999999822e+01 4.664905450937045089e-02
1.262207031249999822e+01 4.926055815085696177e-02
1.264648437499999822e+01 4.894141618165027269e-02
1.267089843749999822e+01 4.772061690405969558e-02
1.269531249999999822e+01 4.961348109799865180e-02
1.271972656249999822e+01 5.072699565748399475e-02
1.274414062499999822e+01 5.035576329390398925e-02
1.276855468749999822e+01 5.129427074405745052e-02
1.279296874999999822e+01 4.934177490339530792e-02
1.281738281249999822e+01 4.931191142088519469e-02
1.284179687499999822e+01 5.139237548968016850e-02
1.286621093749999822e+01 5.012870855583854979e-02
1.289062499999999822e+01 4.763060202992956682e-02
1.291503906249999822e+01 4.895757689584167432e-02
1.293945312499999822e+01 4.951206260363654604e-02
1.296386718749999822e+01 4.838791693143608408e-02
1.298828124999999822e+01 5.230454743145613455e-02
1.301269531249999822e+01 5.354530295836922721e-02
1.303710937499999822e+01 4.968607796815101979e-02
1.306152343749999822e+01 5.099973683051006040e-02
1.308593749999999822e+01 5.093654326122491749e-02
1.311035156249999822e+01 4.849830565575793256e-02
1.313476562499999822e+01 5.176744365663331349e-02
1.315917968749999822e+01 5.083177312573898543e-02
1.318359374999999822e+01 4.707804618040065114e-02
1.320800781249999822e+01 4.556518186740782933e-02
1.323242187499999822e+01 4.799539190810773320e-02
1.325683593749999822e+01 4.725253673184189734e-02
1.328124999999999822e+01 4.739789693669281545e-02
1.330566406249999822e+01 5.147505902178507731e-02
1.333007812499999822e+01 4.962202234623201702e-02
1.335449218749999822e+01 4.921376649822931104e-02
1.337890624999999822e+01 5.302631130701505185e-02
1.340332031249999822e+01 5.172225088346940614e-02
1.342773437499999822e+01 5.278273045899829763e-02
1.345214843749999822e+01 5.158030736426164053e-02
1.347656249999999822e+01 4.733962446315041761e-02
1.350097656249999822e+01 4.668398675307788154e-02
1.352539062499999822e+01 4.996248359754714569e-02
1.354980468749999822e+01 5.317206303890827795e-02
1.357421874999999822e+01 5.458573533062915234e-02
1.359863281249999822e+01 5.170803972326356440e-02
1.362304687499999822e+01 5.335023979020789980e-02
1.364746093749999822e+01 5.188515052496989188e-02
1.367187499999999822e+01 4.938433452534221613e-02
1.369628906249999822e+01 4.880460673043528208e-02
1.372070312499999822e+01 5.004428377102968645e-02
1.374511718749999822e+01 4.753070664219138930e-02
1.376953124999999822e+01 4.672823459410322539e-02
1.379394531249999822e+01 5.092710354207571205e-02
1.381835937499999822e+01 5.149432059060343042e-02
1.384277343749999822e+01 4.804020911732857779e-02
1.386718749999999822e+01 4.794504697891815298e-02
1.389160156249999822e+01 5.359475533581976869e-02
1.391601562499999822e+01 4.813144638883178755e-02
1.394042968749999822e+01 5.044890336938952224e-02
1.396484374999999822e+01 5.346872352609687018e-02
1.398925781249999822e+01 5.055209910085290553e-02
1.401367187499999822e+01 5.085711278566888704e-02
1.403808593749999822e+01 4.826927409492842019e-02
1.406249999999999822e+01 4.932405346778009209e-02
1.408691406249999822e+01 4.851730387792314858e-02
1.411132812499999822e+01 4.723186753377094788e-02
1.413574218749999822e+01 4.703973610798656974e-02
1.416015624999999822e+01 4.564011224671109257e-02
1.418457031249999822e+01 4.836085501878217840e-02
1.420898437499999822e+01 4.992102923405443426e-02
1.423339843749999822e+01 4.673477122135116096e-02
1.425781249999999822e+01 5.119145496128532646e-02
1.428222656249999822e+01 4.965038156898642085e-02
1.430664062499999822e+01 5.210199039256759729e-02
1.433105468749999822e+01 4.790264754209236364e-02
1.435546874999999822e+01 4.577644220170618006e-02
1.437988281249999822e+01 4.929281181432377396e-02
1.440429687499999822e+01 4.647789307641270184e-02
1.442871093749999822e+01 4.955586191070429636e-02
1.445312499999999822e+01 5.318815334234446024e-02
1.447753906249999822e+01 5.187387414023195142e-02
1.450195312499999822e+01 5.121018862782527464e-02
1.452636718749999822e+01 5.045096839420268320e-02
1.455078124999999822e+01 4.826314736753507112e-02
1.457519531249999822e+01 5.162798164537218959e-02
1.459960937499999822e+01 4.968785142604952715e-02
1.462402343749999822e+01 5.481987307596713349e-02
1.464843749999999822e+01 4.986744306305911090e-02
1.467285156249999822e+01 4.803912522843995642e-02
1.469726562499999822e+01 5.182060688555259476e-02
1.472167968749999822e+01 4.998902861150528870e-02
1.474609374999999822e+01 5.030619126254166906e-02
1.477050781249999822e+01 4.906202583326588901e-02
1.479492187499999822e+01 4.929717473078144147e-02
1.481933593749999822e+01 4.928326162426827778e-02
1.484374999999999822e+01 4.465061915848975854e-02
1.486816406249999822e+01 5.229955292879234080e-02
1.489257812499999822e+01 4.895167999304395751e-02
1.491699218749999822e+01 4.747020077371693486e-02
1.494140624999999822e+01 4.956453225949396940e-02
1.496582031249999822e+01 4.851597174254327488e-02
1.499023437499999822e+01 4.791406244242259888e-02
1.501464843749999822e+01 5.025802515843123819e-02
1.503906249999999822e+01 5.169743314978355458e-02
1.506347656249999822e+01 4.692282081730134863e-02
1.508789062499999822e+01 4.727079081849346748e-02
1.511230468749999822e+01 4.838409658954333226e-02
1.513671874999999822e+01 4.990954737883115944e-02
1.516113281249999822e+01 4.831259321735219270e-02
1.518554687499999822e+01 4.886595673908444848e-02
1.520996093749999822e+01 4.986699662091326896e-02
1.523437499999999822e+01 4.807648184193515084e-02
1.525878906249999822e+01 4.878182747796620117e-02
1.528320312499999822e+01 5.184989080445536608e-02
1.530761718749999822e+01 4.748467310775758565e-02
1.533203124999999822e+01 4.904897096951515295e-02
1.535644531249999822e+01 4.790699609872331455e-02
1.538085937499999822e+01 5.029614911768277158e-02
1.540527343749999822e+01 4.518590299832274393e-02
1.542968749999999822e+01 4.702804101676964083e-02
1.545410156249999822e+01 4.435520491454811309e-02
1.547851562499999822e+01 4.951148132725113199e-02
1.550292968749999822e+01 4.606035941519857901e-02
1.552734374999999822e+01 4.677930796191732965e-02
1.555175781249999822e+01 4.577074171151985366e-02
1.557617187499999822e+01 5.138138612172887115e-02
1.560058593749999822e+01 4.908995959272702964e-02
1.562499999999999822e+01 5.169325189606747972e-02
1.564941406249999822e+01 4.754930915893492566e-02
1.567382812499999822e+01 4.972609673198277735e-02
1.569824218749999822e+01 4.959359181829377239e-02
1.572265624999999822e+01 5.089546999072057376e-02
1.574707031249999822e+01 4.477986515889784830e-02
1.577148437499999822e+01 4.604123730873431464e-02
1.579589843749999822e+01 4.619177225424589417e-02
1.582031249999999822e+01 4.570636702995283657e-02
1.584472656249999822e+01 4.426323067692482932e-02
1.586914062499999822e+01 4.761134930460344389e-02
1.589355468749999822e+01 4.919810107101550006e-02
1.591796874999999822e+01 4.351919909201011627e-02
1.594238281249999822e+01 5.029730453848284266e-02
1.596679687499999822e+01 4.779627972427344385e-02
1.599121093749999822e+01 4.999322727715422437e-02
1.601562499999999645e+01 4.904605121046525656e-02
1.604003906249999645e+01 4.633175389359774077e-02
1.606445312499999645e+01 4.583841104852315329e-02
1.608886718749999645e+01 4.781790812853097677e-02
1.611328124999999645e+01 4.715250784405219941e-02
1.613769531249999645e+01 5.083888228345172233e-02
1.616210937499999645e+01 4.597365257971576524e-02
1.618652343749999645e+01 4.747071205817197936e-02
1.621093749999999645e+01 4.968939860760038241e-02
1.623535156249999645e+01 5.013613137229198935e-02
1.625976562499999645e+01 4.703051061797591109e-02
1.628417968749999645e+01 4.620243456560341883e-02
1.630859374999999645e+01 4.894674039434854934e-02
1.633300781249999645e+01 4.976241309606325297e-02
1.635742187499999645e+01 4.701039534110411366e-02
1.638183593749999645e+01 5.155870438467421296e-02
1.640624999999999645e+01 4.829427163255043537e-02
1.643066406249999645e+01 4.807299573068125886e-02
1.645507812499999645e+01 4.980407882226962901e-02
1.647949218749999645e+01 5.022957173070014686e-02
1.650390624999999645e+01 5.142465875423409688e-02
1.652832031249999645e+01 4.961611695306801517e-02
1.655273437499999645e+01 4.597521209858863867e-02
1.657714843749999645e+01 4.820723149289313919e-02
1.660156249999999645e+01 4.583272273676815278e-02
1.662597656249999645e+01 4.833640614916869666e-02
1.665039062499999645e+01 4.625720718160460793e-02
1.667480468749999645e+01 5.057451330523182048e-02
1.669921874999999645e+01 5.034974528437188152e-02
1.672363281249999645e+01 4.707641771219436139e-02
1.674804687499999645e+01 4.791410411498391031e-02
1.677246093749999645e+01 4.734561664841289985e-02
1.679687499999999645e+01 4.677541977129996004e-02
1.682128906249999645e+01 4.961366896362264661e-02
1.684570312499999645e+01 4.680260382468506841e-02
1.687011718749999645e+01 4.986049678026367726e-02
1.689453124999999645e+01 4.682727223370587027e-02
1.691894531249999645e+01 5.341843244941349433e-02
1.694335937499999645e+01 5.076747487400962849e-02
1.696777343749999645e+01 4.920551876455987045e-02
1.699218749999999645e+01 4.730574756924908059e-02
1.701660156249999645e+01 4.998756892990074280e-02
1.704101562499999645e+01 4.866127902879169298e-02
1.706542968749999645e+01 4.507006003267718247e-02
1.708984374999999645e+01 4.340437739771051823e-02
1.711425781249999645e+01 4.398836078924963505e-02
1.713867187499999645e+01 4.614999696711022392e-02
1.716308593749999645e+01 5.022293878408237711e-02
1.718749999999999645e+01 5.109501551190407526e-02
1.721191406249999645e+01 5.086129578957606506e-02
1.723632812499999645e+01 4.936657835511710363e-02
1.726074218749999645e+01 4.960221389396400615e-02
1.728515624999999645e+01 5.090802700797043834e-02
1.730957031249999645e+01 4.434441668890278659e-02
1.733398437499999645e+01 5.019154795234678085e-02
1.735839843749999645e+01 5.072382429962894734e-02
1.738281249999999645e+01 5.251404398344486357e-02
1.740722656249999645e+01 4.960137302996593667e-02
1.743164062499999645e+01 4.957960109668779758e-02
1.745605468749999645e+01 5.062249706572668345e-02
1.748046874999999645e+01 5.363782899376071112e-02
1.750488281249999645e+01 5.045466015049767522e-02
1.752929687499999645e+01 5.250692738366947304e-02
1.755371093749999645e+01 4.814952741131073299e-02
1.757812499999999645e+01 4.987377085277499428e-02
1.760253906249999645e+01 5.104790135193727763e-02
1.762695312499999645e+01 4.690050147692182564e-02
1.765136718749999645e+01 4.384545069960563146e-02
1.767578124999999645e+01 4.776507424527785123e-02
1.770019531249999645e+01 5.248977665689062710e-02
1.772460937499999645e+01 5.161136792345977914e-02
1.774902343749999645e+01 4.932385842036404039e-02
1.777343749999999645e+01 4.944743502752453612e-02
1.779785156249999645e+01 4.823713880608766075e-02
1.782226562499999645e+01 4.953885826969547934e-02
1.784667968749999645e+01 4.807270522467678442e-02
1.787109374999999645e+01 5.224663986060538307e-02
1.789550781249999645e+01 5.039295401699721982e-02
1.791992187499999645e+01 4.564407253806931908e-02
1.794433593749999645e+01 4.779118922214720816e-02
1.796874999999999645e+01 4.661737724914422759e-02
1.799316406249999645e+01 5.293940330188826038e-02
1.801757812499999645e+01 4.708512872441994457e-02
1.804199218749999645e+01 4.670501252260592789e-02
1.806640624999999645e+01 4.712812188695391508e-02
1.809082031249999645e+01 5.049070884497571660e-02
1.811523437499999645e+01 4.647048810679001857e-02
1.813964843749999645e+01 4.628186006043222972e-02
1.816406249999999645e+01 5.246271214775802272e-02
1.818847656249999645e+01 4.868533132199488744e-02
1.821289062499999645e+01 4.723753126876113762e-02
1.823730468749999645e+01 4.602504230356838782e-02
1.826171874999999645e+01 4.618309315104207613e-02
1.828613281249999645e+01 5.205901827714601304e-02
1.831054687499999645e+01 4.785842732363818769e-02
1.833496093749999645e+01 4.209665876641521809e-02
1.835937499999999645e+01 4.897157370762373479e-02
1.838378906249999645e+01 4.823989577278417484e-02
1.840820312499999645e+01 5.076389817300221846e-02
1.843261718749999645e+01 4.588497294238148144e-02
1.845703124999999645e+01 4.631042452248113062e-02
1.848144531249999645e+01 4.633419312286261166e-02
1.850585937499999645e+01 4.533880791559265211e-02
1.853027343749999645e+01 4.606401457049726783e-02
1.855468749999999645e+01 4.937205705651050852e-02
1.857910156249999645e+01 4.812688115314192605e-02
1.860351562499999645e+01 4.375800114639937649e-02
1.862792968749999645e+01 4.489804765989588442e-02
1.865234374999999645e+01 4.287708760984090123e-02
1.867675781249999645e+01 4.492089289003697167e-02
1.870117187499999645e+01 4.961235685870577644e-02
1.872558593749999645e+01 4.424139953428649075e-02
1.874999999999999645e+01 4.690406321479624607e-02
1.877441406249999645e+01 4.807565038578382605e-02
1.879882812499999645e+01 4.682487262990370908e-02
1.882324218749999645e+01 4.436730372377484938e-02
1.884765624999999645e+01 4.625893301446239170e-02
1.887207031249999645e+01 4.937141185020658268e-02
1.889648437499999645e+01 5.079975333871118021e-02
1.892089843749999645e+01 4.808396974492983728e-02
1.894531249999999645e+01 4.596077375933334264e-02
1.896972656249999645e+01 5.263141387287958300e-02
1.899414062499999645e+01 4.765321600806338154e-02
1.901855468749999645e+01 4.961002595615002231e-02
1.904296874999999645e+01 4.867521675568663858e-02
1.906738281249999645e+01 4.602888936638790951e-02
1.909179687499999645e+01 4.825453193655422635e-02
1.911621093749999645e+01 5.386617615848195151e-02
1.914062499999999645e+01 4.933250907969785604e-02
1.916503906249999645e+01 5.076431760082173589e-02
1.918945312499999645e+01 5.009553600625176600e-02
1.921386718749999645e+01 4.770278696536674190e-02
1.923828124999999645e+01 4.619656573485718398e-02
1.926269531249999645e+01 5.255529401272094475e-02
1.928710937499999645e+01 4.947802612359352564e-02
1.931152343749999645e+01 5.144687260713799726e-02
1.933593749999999645e+01 4.990517887372288020e-02
1.936035156249999645e+01 4.639282173990096764e-02
1.938476562499999645e+01 4.970950672867369136e-02
1.940917968749999645e+01 4.713633557589821249e-02
1.943359374999999645e+01 4.787474816731578098e-02
1.945800781249999645e+01 4.804783236893612336e-02
1.948242187499999645e+01 4.567255598232865949e-02
1.950683593749999645e+01 5.090009971752111617e-02
1.953124999999999645e+01 4.921852885245323050e-02
1.955566406249999645e+01 5.173644681488501901e-02
1.958007812499999645e+01 5.390528757297697454e-02
1.960449218749999645e+01 5.054028415241766659e-02
1.962890624999999645e+01 5.210178267531130614e-02
1.965332031249999645e+01 4.958248874780391696e-02
1.967773437499999645e+01 5.012984880944063026e-02
1.970214843749999645e+01 5.165899119307033882e-02
1.972656249999999645e+01 4.980591977369664552e-02
1.975097656249999645e+01 4.966479322495853665e-02
1.977539062499999645e+01 4.893481464532221242e-02
1.979980468749999645e+01 5.138465393968593559e-02
1.982421874999999645e+01 5.071413079436844218e-02
1.984863281249999645e+01 4.840092583700825873e-02
1.987304687499999645e+01 4.967176291719990061e-02
1.989746093749999645e+01 4.884275776126020818e-02
1.992187499999999645e+01 4.927014091267761103e-02
1.994628906249999645e+01 4.811983351202112763e-02
1.997070312499999645e+01 5.040616838956269580e-02
1.999511718749999645e+01 4.957523263320075951e-02
2.001953124999999645e+01 4.811167457726992641e-02
2.004394531249999645e+01 4.737311120744768650e-02
2.006835937499999645e+01 4.938591989965037538e-02
2.009277343749999645e+01 5.026068961326302792e-02
2.011718749999999645e+01 4.895033630490151777e-02
2.014160156249999645e+01 4.816699257113941229e-02
2.016601562499999645e+01 5.132411143040965101e-02
2.019042968749999645e+01 5.023153851317834623e-02
2.021484374999999645e+01 4.896614294465911205e-02
2.023925781249999645e+01 4.682291647076546048e-02
2.026367187499999645e+01 5.211553578071612819e-02
2.028808593749999645e+01 4.574749951607654658e-02
2.031249999999999645e+01 4.796441547300708819e-02
2.033691406249999645e+01 4.832164668424475396e-02
2.036132812499999645e+01 5.089646740111301859e-02
2.038574218749999645e+01 4.876768121376021808e-02
2.041015624999999645e+01 4.652059934434796262e-02
2.043457031249999645e+01 4.430191725248552870e-02
2.045898437499999645e+01 4.735356433003150289e-02
2.048339843749999645e+01 4.954000601511988205e-02
2.050781249999999645e+01 4.912844992402146116e-02
2.053222656249999645e+01 4.407175629315027154e-02
2.055664062499999645e+01 4.874705299514301565e-02
2.058105468749999645e+01 5.056504174522016837e-02
2.060546874999999645e+01 4.962260798232296516e-02
2.062988281249999645e+01 4.771637425275652294e-02
2.065429687499999645e+01 4.414369142122177847e-02
2.067871093749999645e+01 4.508322482904258965e-02
2.070312499999999645e+01 4.660139890466916124e-02
2.072753906249999645e+01 5.194777581608000377e-02
2.075195312499999645e+01 4.816975956609503146e-02
2.077636718749999645e+01 4.750913958154463768e-02
2.080078124999999645e+01 5.044687814392430358e-02
2.082519531249999645e+01 5.040031583432220269e-02
2.084960937499999645e+01 5.216914645681963031e-02
2.087402343749999645e+01 5.088826766066921470e-02
2.089843749999999645e+01 4.743843921444571704e-02
2.092285156249999645e+01 5.038125034269787944e-02
2.094726562499999645e+01 5.014888996525115883e-02
2.097167968749999645e+01 4.758543623140441131e-02
2.099609374999999645e+01 4.916501066303782114e-02
2.102050781249999645e+01 4.348644800153660117e-02
2.104492187499999645e+01 4.500207124642774392e-02
2.106933593749999645e+01 4.805336699990716415e-02
2.109374999999999645e+01 4.872371660378804065e-02
2.111816406249999645e+01 4.735970168221156212e-02
2.114257812499999645e+01 4.828795721890423442e-02
2.116699218749999645e+01 5.010551752789168395e-02
2.119140624999999645e+01 4.781962738162811449e-02
2.121582031249999645e+01 4.885430423948728534e-02
2.124023437499999645e+01 4.642276021329039964e-02
2.126464843749999645e+01 4.826928939364819038e-02
2.128906249999999645e+01 4.613841251759180639e-02
2.131347656249999645e+01 4.977732558372439248e-02
2.133789062499999645e+01 4.871052823937101900e-02
2.136230468749999645e+01 4.781978264106644810e-02
2.138671874999999645e+01 4.924417131659108299e-02
2.141113281249999645e+01 4.855921145953321499e-02
2.143554687499999645e+01 4.882346483910423446e-02
2.145996093749999645e+01 4.865243961317437110e-02
2.148437499999999645e+01 5.084129909246187101e-02
2.150878906249999645e+01 5.175187043625122801e-02
2.153320312499999645e+01 5.100889531526763693e-02
2.155761718749999645e+01 4.827176653189758915e-02
2.158203124999999645e+01 4.962189924526393126e-02
2.160644531249999645e+01 5.077896659927048917e-02
2.163085937499999645e+01 5.371117245809071961e-02
2.165527343749999645e+01 4.995873603953068787e-02
2.167968749999999645e+01 5.299792434880298830e-02
2.170410156249999645e+01 5.460268352028999767e-02
2.172851562499999645e+01 4.807785618636390562e-02
2.175292968749999645e+01 4.967734314754979064e-02
2.177734374999999645e+01 5.013234025462814242e-02
2.180175781249999645e+01 4.844445376201369363e-02
2.182617187499999645e+01 4.993579892368413264e-02
2.185058593749999645e+01 4.676507919223495818e-02
2.187499999999999645e+01 4.951670688059798403e-02
2.189941406249999645e+01 4.943095673454860756e-02
2.192382812499999645e+01 5.066566635557345072e-02
2.194824218749999645e+01 5.118042874685525823e-02
2.197265624999999645e+01 4.957048203058059960e-02
2.199707031249999645e+01 5.119675379054032527e-02
2.202148437499999645e+01 4.739684201705562927e-02
2.204589843749999645e+01 5.141113604338632542e-02
2.207031249999999645e+01 5.174284717062316991e-02
2.209472656249999645e+01 4.939889688208341095e-02
2.211914062499999645e+01 4.994246374016393653e-02
2.214355468749999645e+01 4.791654060297171475e-02
2.216796874999999645e+01 4.949498712942591860e-02
2.219238281249999645e+01 4.880860469087585501e-02
2.221679687499999645e+01 4.705367628051022877e-02
2.224121093749999645e+01 4.619865895109406123e-02
2.226562499999999645e+01 4.844518766481112348e-02
2.229003906249999645e+01 4.956585183117318688e-02
2.231445312499999645e+01 5.187183771696216028e-02
2.233886718749999645e+01 5.242875794095126080e-02
2.236328124999999645e+01 4.532301950818809488e-02
2.238769531249999645e+01 4.648797871580265251e-02
2.241210937499999645e+01 4.949735438831891210e-02
2.243652343749999645e+01 4.660811247673123103e-02
2.246093749999999645e+01 4.906928548103647175e-02
2.248535156249999645e+01 4.625445457787400599e-02
2.250976562499999645e+01 4.781092890318248273e-02
2.253417968749999645e+01 4.897370537758025805e-02
2.255859374999999645e+01 4.779373728527777643e-02
2.258300781249999645e+01 4.672043585914327501e-02
2.260742187499999645e+01 4.958621264488896618e-02
2.263183593749999645e+01 5.045690869021498409e-02
2.265624999999999645e+01 4.838121873919279392e-02
2.268066406249999645e+01 4.790025846742922838e-02
2.270507812499999645e+01 4.942564922640087233e-02
2.272949218749999645e+01 4.972826893679673649e-02
2.275390624999999645e+01 5.148969958070756525e-02
2.277832031249999645e+01 4.909376198446917944e-02
2.280273437499999645e+01 5.178948944128822923e-02
2.282714843749999645e+01 4.761643409047745107e-02
2.285156249999999645e+01 4.971162179174810208e-02
2.287597656249999645e+01 5.041077431033746253e-02
2.290039062499999645e+01 4.686083811767415008e-02
2.292480468749999645e+01 4.475854706939905170e-02
2.294921874999999645e+01 4.828334447163692283e-02
2.297363281249999645e+01 4.745748636783361785e-02
2.299804687499999645e+01 5.129612048768022320e-02
2.302246093749999645e+01 5.207319126632763834e-02
2.304687499999999645e+01 4.611897777500915258e-02
2.307128906249999645e+01 4.708335851117752963e-02
2.309570312499999645e+01 4.419653554391563682e-02
2.312011718749999645e+01 4.615393782732727518e-02
2.314453124999999645e+01 4.616965686951349235e-02
2.316894531249999645e+01 5.074914414168754662e-02
2.319335937499999645e+01 5.083980949497453328e-02
2.321777343749999645e+01 4.556108442300646488e-02
2.324218749999999645e+01 4.583917840010420103e-02
2.326660156249999645e+01 4.682351156865888903e-02
2.329101562499999645e+01 4.945426339952759681e-02
2.331542968749999645e+01 4.934608220834883069e-02
2.333984374999999645e+01 4.635903142920967668e-02
2.336425781249999645e+01 4.457697976178080779e-02
2.338867187499999645e+01 4.645256059069970134e-02
2.341308593749999645e+01 4.617619651762682603e-02
2.343749999999999645e+01 4.712021022131882703e-02
2.346191406249999645e+01 4.754228183530390811e-02
2.348632812499999645e+01 4.796973265395879787e-02
2.351074218749999645e+01 4.775155699102481832e-02
2.353515624999999645e+01 5.218250724303782201e-02
2.355957031249999645e+01 5.315970846765571273e-02
2.358398437499999645e+01 5.236951649751915572e-02
2.360839843749999645e+01 5.179133133533274369e-02
2.363281249999999645e+01 5.060770709628594627e-02
2.365722656249999645e+01 5.181468297258746969e-02
2.368164062499999645e+01 4.882143516152814139e-02
2.370605468749999645e+01 4.999361031417381973e-02
2.373046874999999645e+01 5.057256161255303806e-02
2.375488281249999645e+01 5.062756366226421612e-02
2.377929687499999645e+01 5.175330655802910101e-02
2.380371093749999645e+01 5.214956032102054800e-02
2.382812499999999645e+01 5.148590123320459511e-02
2.385253906249999645e+01 5.066430326363034753e-02
2.387695312499999645e+01 5.493216207347447616e-02
2.390136718749999645e+01 5.492351858383866248e-02
2.392578124999999645e+01 6.013772219286250831e-02
2.395019531249999645e+01 5.672602331374757695e-02
2.397460937499999645e+01 5.404614447348939088e-02
2.399902343749999645e+01 5.058086045729610902e-02
2.402343749999999645e+01 4.978802190772410596e-02
2.404785156249999645e+01 5.199402398966834066e-02
2.407226562499999645e+01 5.519103775478827884e-02
2.409667968749999645e+01 5.383231403317491337e-02
2.412109374999999645e+01 5.600035878255654048e-02
2.414550781249999645e+01 5.622051578752342710e-02
2.416992187499999645e+01 5.224252887322052008e-02
2.419433593749999645e+01 4.884683094681165766e-02
2.421874999999999645e+01 5.142092474956376502e-02
2.424316406249999645e+01 5.614660975811445326e-02
2.426757812499999645e+01 5.157389660194233033e-02
2.429199218749999645e+01 5.359449606456841153e-02
2.431640624999999645e+01 4.897672757406654892e-02
2.434082031249999645e+01 5.228611273968551687e-02
2.436523437499999645e+01 5.348341990071879548e-02
2.438964843749999645e+01 5.581619895596339614e-02
2.441406249999999645e+01 5.300168270627288181e-02
2.443847656249999645e+01 5.279332329184573819e-02
2.446289062499999645e+01 5.575604393153551358e-02
2.448730468749999645e+01 5.448741267719511144e-02
2.451171874999999645e+01 5.552006653384557178e-02
2.453613281249999645e+01 5.385263128412595690e-02
2.456054687499999645e+01 5.920364016380723349e-02
2.458496093749999645e+01 5.234277838072973199e-02
2.460937499999999645e+01 5.174127728248492653e-02
2.463378906249999645e+01 5.220015564513934975e-02
2.465820312499999645e+01 5.159308195429897215e-02
2.468261718749999645e+01 5.226457424834422133e-02
2.470703124999999645e+01 5.425207708782105176e-02
2.473144531249999645e+01 5.693192999145240546e-02
2.475585937499999645e+01 5.299079209838240129e-02
2.478027343749999645e+01 4.788533099043777025e-02
2.480468749999999645e+01 5.247023020527009918e-02
2.482910156249999645e+01 5.350048448824540337e-02
2.485351562499999645e+01 5.222602381815642097e-02
2.487792968749999645e+01 5.537972815523058145e-02
2.490234374999999645e+01 5.249532541883334541e-02
2.492675781249999645e+01 5.509942022024376385e-02
2.495117187499999645e+01 5.031925903481074269e-02
2.497558593749999645e+01 5.326929129342569680e-02
2.499999999999999645e+01 5.537809714173365372e-02
2.502441406249999645e+01 5.489409590313592407e-02
2.504882812499999645e+01 5.194683406347992000e-02
2.507324218749999645e+01 5.519137343072302859e-02
2.509765624999999645e+01 5.229157363214274185e-02
2.512207031249999645e+01 5.228938033220276171e-02
2.514648437499999645e+01 5.067718438022211086e-02
2.517089843749999645e+01 4.585481373015343892e-02
2.519531249999999645e+01 5.222376337390307460e-02
2.521972656249999645e+01 5.420140044051027783e-02
2.524414062499999645e+01 5.103973359452635555e-02
2.526855468749999645e+01 5.268975796409778450e-02
2.529296874999999645e+01 4.957586756268020367e-02
2.531738281249999645e+01 5.034385698682745242e-02
2.534179687499999645e+01 5.447138021225147314e-02
2.536621093749999645e+01 5.432250350867064842e-02
2.539062499999999645e+01 5.081866397837773303e-02
2.541503906249999645e+01 4.908508911817447556e-02
2.543945312499999645e+01 4.956776804604472869e-02
2.546386718749999645e+01 5.248570803307336941e-02
2.548828124999999645e+01 5.249383640963801306e-02
2.551269531249999645e+01 5.095520923731546720e-02
2.553710937499999645e+01 4.972079057348142289e-02
2.556152343749999645e+01 4.738195230533003705e-02
2.558593749999999645e+01 4.927542548748289897e-02
2.561035156249999645e+01 4.861300905551151769e-02
2.563476562499999645e+01 4.776548198250635952e-02
2.565917968749999645e+01 4.813023069487872702e-02
2.568359374999999645e+01 4.789494414259758831e-02
2.570800781249999645e+01 4.891333668307435573e-02
2.573242187499999645e+01 5.018409217597806504e-02
2.575683593749999645e+01 5.155015572796449452e-02
2.578124999999999645e+01 4.744338512864587631e-02
2.580566406249999645e+01 4.661993506826373618e-02
2.583007812499999645e+01 4.716689257394049428e-02
2.585449218749999645e+01 4.858681553545500520e-02
2.587890624999999645e+01 5.039951114435355789e-02
2.590332031249999645e+01 5.157312397404594656e-02
2.592773437499999645e+01 5.522000964742075635e-02
2.595214843749999645e+01 6.138257160151696507e-02
2.597656249999999645e+01 6.549809520470223356e-02
2.600097656249999645e+01 6.226417753865420152e-02
2.602539062499999645e+01 5.157378445032481662e-02
2.604980468749999645e+01 5.059764979695862558e-02
2.607421874999999645e+01 4.859077809854692870e-02
2.609863281249999645e+01 4.967660684935421705e-02
2.612304687499999645e+01 5.082679885895646094e-02
2.614746093749999645e+01 5.024191680655594461e-02
2.617187499999999645e+01 5.007753653544332051e-02
2.619628906249999645e+01 5.645863235540618530e-02
2.622070312499999645e+01 5.448860357120145076e-02
2.624511718749999645e+01 4.772888835966040966e-02
2.626953124999999645e+01 4.876257140134978435e-02
2.629394531249999645e+01 5.117420834334954205e-02
2.631835937499999645e+01 5.069608634868715685e-02
2.634277343749999645e+01 5.046758413625177658e-02
2.636718749999999645e+01 5.813331129944483699e-02
2.639160156249999645e+01 5.939357640781614545e-02
2.641601562499999645e+01 6.056705699065623866e-02
2.644042968749999645e+01 5.605158427539212729e-02
2.646484374999999645e+01 5.825115853083083495e-02
2.648925781249999645e+01 5.457449660648640288e-02
2.651367187499999645e+01 5.557538650901965027e-02
2.653808593749999645e+01 5.359403598237973132e-02
2.656249999999999645e+01 5.083691027643951615e-02
2.658691406249999645e+01 4.877837115081075370e-02
2.661132812499999645e+01 4.822735140481469729e-02
2.663574218749999645e+01 5.298719294750554865e-02
2.666015624999999645e+01 5.074865137222983602e-02
2.668457031249999645e+01 5.509131122913988460e-02
2.670898437499999645e+01 6.246943480056971892e-02
2.673339843749999645e+01 7.289783915223028987e-02
2.675781249999999645e+01 7.551327017182508927e-02
2.678222656249999645e+01 6.419125736140061933e-02
2.680664062499999645e+01 5.185354796533870464e-02
2.683105468749999645e+01 4.793150643186978865e-02
2.685546874999999645e+01 5.162655217963367515e-02
2.687988281249999645e+01 5.850417071215253950e-02
2.690429687499999645e+01 5.303196967793796790e-02
2.692871093749999645e+01 5.082616069068859183e-02
2.695312499999999645e+01 5.560857526285066521e-02
2.697753906249999645e+01 5.790928713170102882e-02
2.700195312499999645e+01 6.046880451225762620e-02
2.702636718749999645e+01 5.138779418305387814e-02
2.705078124999999645e+01 5.416088931987934202e-02
2.707519531249999645e+01 5.649370822577366724e-02
2.709960937499999645e+01 5.374148025292928288e-02
2.712402343749999645e+01 5.454301188989559707e-02
2.714843749999999645e+01 5.585343729465228058e-02
2.717285156249999645e+01 5.664263857792046358e-02
2.719726562499999645e+01 6.015288634399102580e-02
2.722167968749999645e+01 7.301707675560946409e-02
2.724609374999999645e+01 7.556415167890490059e-02
2.727050781249999645e+01 7.164805010406022356e-02
2.729492187499999645e+01 6.213458428422133362e-02
2.731933593749999645e+01 5.400751388737404235e-02
2.734374999999999645e+01 5.009396711747165359e-02
2.736816406249999645e+01 4.847658037916265095e-02
2.739257812499999645e+01 5.162177530176407375e-02
2.741699218749999645e+01 5.228434536096936841e-02
2.744140624999999645e+01 5.596609636895450574e-02
2.746582031249999645e+01 5.799847462530670350e-02
2.749023437499999645e+01 6.210244404769846294e-02
2.751464843749999645e+01 5.683482359397215578e-02
2.753906249999999645e+01 6.260965202813159602e-02
2.756347656249999645e+01 5.967785883143097991e-02
2.758789062499999645e+01 5.168517777046458678e-02
2.761230468749999645e+01 5.596953467960022466e-02
2.763671874999999645e+01 6.121764851126499513e-02
2.766113281249999645e+01 6.740121904685669740e-02
2.768554687499999645e+01 6.204676827893979701e-02
2.770996093749999645e+01 5.320572141040299380e-02
2.773437499999999645e+01 5.594840492966304119e-02
2.775878906249999645e+01 5.452981928212567719e-02
2.778320312499999645e+01 5.140371051563108473e-02
2.780761718749999645e+01 4.842737936523782566e-02
2.783203124999999645e+01 4.568817368889024205e-02
2.785644531249999645e+01 4.865880723728197021e-02
2.788085937499999645e+01 5.114148771813636224e-02
2.790527343749999645e+01 5.473902898244049908e-02
2.792968749999999645e+01 5.277533480060954407e-02
2.795410156249999645e+01 5.643169959324964569e-02
2.797851562499999645e+01 5.384003161188423425e-02
2.800292968749999645e+01 5.307386250638176928e-02
2.802734374999999645e+01 5.154058935876104641e-02
2.805175781249999645e+01 4.744989380600938417e-02
2.807617187499999645e+01 5.926721823041065235e-02
2.810058593749999645e+01 5.348729309643619062e-02
2.812499999999999645e+01 5.223603592232835269e-02
2.814941406249999645e+01 5.606012526462225698e-02
2.817382812499999645e+01 5.568734915871412922e-02
2.819824218749999645e+01 5.584410453102797017e-02
2.822265624999999645e+01 5.398477950437529510e-02
2.824707031249999645e+01 5.471423950871993208e-02
2.827148437499999645e+01 4.951799114924935324e-02
2.829589843749999645e+01 4.844411816702174495e-02
2.832031249999999645e+01 4.540243703421747296e-02
2.834472656249999645e+01 5.211668237740536141e-02
2.836914062499999645e+01 5.790593504857401153e-02
2.839355468749999645e+01 5.750363096879386460e-02
2.841796874999999645e+01 5.591345911648413353e-02
2.844238281249999645e+01 5.213144447884835581e-02
2.846679687499999645e+01 5.971250432843195483e-02
2.849121093749999645e+01 7.225217089970149831e-02
2.851562499999999645e+01 7.235307857124001485e-02
2.854003906249999645e+01 7.619481821141402267e-02
2.856445312499999645e+01 8.923421822215199528e-02
2.858886718749999645e+01 7.730197257709395253e-02
2.861328124999999645e+01 7.418708400419109228e-02
2.863769531249999645e+01 7.711862319711555724e-02
2.866210937499999645e+01 6.188311023939610522e-02
2.868652343749999645e+01 6.550068426529773169e-02
2.871093749999999645e+01 5.593309231921354124e-02
2.873535156249999645e+01 5.082669394455967965e-02
2.875976562499999645e+01 5.259485708885071331e-02
2.878417968749999645e+01 5.122191554999400848e-02
2.880859374999999645e+01 5.105292021733717073e-02
2.883300781249999645e+01 5.079597330192353599e-02
2.885742187499999645e+01 4.680144278428519794e-02
2.888183593749999645e+01 4.777555096765437326e-02
2.890624999999999645e+01 4.979516154141747086e-02
2.893066406249999645e+01 4.898757039761011955e-02
2.895507812499999645e+01 4.544534011095951315e-02
2.897949218749999645e+01 4.603743388832996775e-02
2.900390624999999645e+01 4.285728687396453407e-02
2.902832031249999645e+01 4.897807923824558374e-02
2.905273437499999645e+01 4.825259072912667369e-02
2.907714843749999645e+01 4.860156664509730773e-02
2.910156249999999645e+01 4.932259873490806718e-02
2.912597656249999645e+01 4.322772377724267562e-02
2.915039062499999645e+01 4.633747358707267922e-02
2.917480468749999645e+01 4.570956713604198973e-02
2.919921874999999645e+01 4.494559913428870790e-02
2.922363281249999645e+01 4.642911754589659074e-02
2.924804687499999645e+01 4.742261739301725787e-02
2.927246093749999645e+01 4.713616503586223055e-02
2.929687499999999645e+01 4.517459068636969083e-02
2.932128906249999645e+01 4.561972042263202215e-02
2.934570312499999645e+01 4.782418790844442102e-02
2.937011718749999645e+01 4.793004108154093335e-02
2.939453124999999645e+01 4.703802645358005213e-02
2.941894531249999645e+01 4.495836612283568567e-02
2.944335937499999645e+01 4.306710422967975627e-02
2.946777343749999645e+01 4.266726207645906571e-02
2.949218749999999645e+01 4.759252436851887230e-02
2.951660156249999645e+01 4.816349184019572127e-02
2.954101562499999645e+01 4.637579678962591018e-02
2.956542968749999645e+01 4.573701832657608990e-02
2.958984374999999645e+01 4.845861644824343145e-02
2.961425781249999645e+01 4.945877116727675354e-02
2.963867187499999645e+01 4.682563883355223694e-02
2.966308593749999645e+01 4.773702551391630772e-02
2.968749999999999645e+01 4.841119575795023444e-02
2.971191406249999645e+01 4.129302750148652890e-02
2.973632812499999645e+01 4.477605229311629881e-02
2.976074218749999645e+01 4.673918661583401080e-02
2.978515624999999645e+01 5.151347504378982894e-02
2.980957031249999645e+01 4.451312329220202813e-02
2.983398437499999645e+01 4.390836945736517616e-02
2.985839843749999645e+01 4.814896655223986632e-02
2.988281249999999645e+01 4.666173332277896713e-02
2.990722656249999645e+01 4.598212902230014443e-02
2.993164062499999645e+01 4.840953548662203787e-02
2.995605468749999645e+01 4.632129002994601896e-02
2.998046874999999645e+01 4.589691246523799895e-02
3.000488281249999645e+01 4.715337833099204901e-02
3.002929687499999645e+01 4.584298989068131408e-02
3.005371093749999645e+01 4.224312602837518998e-02
3.007812499999999645e+01 4.092204245486975173e-02
3.010253906249999645e+01 4.676780828617729119e-02
3.012695312499999645e+01 4.502478975447913451e-02
3.015136718749999645e+01 4.491964077756271934e-02
3.017578124999999645e+01 4.703602339973899510e-02
3.020019531249999645e+01 4.950906776197318282e-02
3.022460937499999645e+01 4.924041644576385851e-02
3.024902343749999645e+01 4.480554434125309099e-02
3.027343749999999645e+01 4.578912277092416633e-02
3.029785156249999645e+01 4.561489411127837151e-02
3.032226562499999645e+01 4.593356908584480397e-02
3.034667968749999645e+01 4.900413706639718259e-02
3.037109374999999645e+01 4.698098059357983663e-02
3.039550781249999645e+01 4.937268987768731604e-02
3.041992187499999645e+01 4.503944252068069198e-02
3.044433593749999645e+01 4.640430832820107571e-02
3.046874999999999645e+01 4.609047123858284883e-02
3.049316406249999645e+01 4.832704200337949174e-02
3.051757812499999645e+01 4.635579066916480084e-02
3.054199218749999645e+01 4.959844188033616513e-02
3.056640624999999645e+01 4.732888179886010627e-02
3.059082031249999645e+01 4.855095701119912371e-02
3.061523437499999645e+01 4.673913187172047679e-02
3.063964843749999645e+01 4.808351403435808663e-02
3.066406249999999645e+01 4.868477043128031923e-02
3.068847656249999645e+01 5.067393915307975838e-02
3.071289062499999645e+01 4.977049172853700160e-02
3.073730468749999645e+01 4.556953192456716234e-02
3.076171874999999645e+01 4.973317283204661127e-02
3.078613281249999645e+01 5.241787053695180082e-02
3.081054687499999645e+01 5.484415592967995662e-02
3.083496093749999645e+01 4.619495847484974410e-02
3.085937499999999645e+01 4.637856953812672517e-02
3.088378906249999645e+01 4.745230407708330572e-02
3.090820312499999645e+01 5.060362215578165929e-02
3.093261718749999645e+01 4.819255035032897483e-02
3.095703124999999645e+01 4.846411455878636004e-02
3.098144531249999645e+01 4.881721454115230119e-02
3.100585937499999645e+01 5.062925536322034070e-02
3.103027343749999645e+01 4.524946296122811518e-02
3.105468749999999645e+01 4.982433041434328191e-02
3.107910156249999645e+01 4.530714086710530691e-02
3.110351562499999645e+01 4.473323215032509736e-02
3.112792968749999645e+01 4.838818579762898392e-02
3.115234374999999645e+01 4.873393548953862398e-02
3.117675781249999645e+01 4.910623799198846062e-02
3.120117187499999645e+01 4.498584405961675997e-02
3.122558593749999645e+01 5.009656980547969735e-02
3.124999999999999645e+01 4.629118227378130335e-02
3.127441406249999645e+01 5.164896832119160452e-02
3.129882812499999645e+01 4.861148111091790486e-02
3.132324218749999645e+01 5.471717351859505668e-02
3.134765624999999645e+01 4.712710353237135885e-02
3.137207031249999645e+01 4.881232913891033615e-02
3.139648437499999645e+01 5.160711995195488289e-02
3.142089843749999645e+01 4.979044537254720404e-02
3.144531249999999645e+01 5.620735328968359812e-02
3.146972656249999645e+01 5.324643215035330945e-02
3.149414062499999645e+01 4.870696116973988882e-02
3.151855468749999645e+01 5.044697224696478161e-02
3.154296874999999645e+01 4.822673277478871368e-02
3.156738281249999645e+01 5.304252849282843629e-02
3.159179687499999645e+01 5.307521816003601955e-02
3.161621093749999645e+01 4.801033493548343550e-02
3.164062499999999645e+01 5.268208164259197829e-02
3.166503906249999645e+01 5.174150240886361829e-02
3.168945312499999645e+01 5.291719022532027916e-02
3.171386718749999645e+01 5.129026452474494402e-02
3.173828124999999645e+01 4.925444313260737839e-02
3.176269531249999645e+01 4.678252848072355502e-02
3.178710937499999645e+01 4.791782901956950086e-02
3.181152343749999645e+01 4.563212426874796446e-02
3.183593749999999645e+01 4.578718259813132491e-02
3.186035156249999645e+01 4.729272898399805580e-02
3.188476562499999645e+01 4.971536077654584163e-02
3.190917968749999645e+01 4.721285893270051742e-02
3.193359374999999645e+01 4.909590352819692693e-02
3.195800781249999645e+01 4.520984508827635001e-02
3.198242187499999645e+01 5.136305151535474484e-02
3.200683593749999289e+01 5.234349242830069887e-02
3.203124999999999289e+01 5.076569904922653004e-02
3.205566406249999289e+01 4.723935884484465469e-02
3.208007812499999289e+01 4.570353764282915343e-02
3.210449218749999289e+01 5.367078617350737324e-02
3.212890624999999289e+01 5.347663693970595294e-02
3.215332031249999289e+01 5.707510471000325214e-02
3.217773437499999289e+01 5.173588276340622405e-02
3.220214843749999289e+01 4.854658153535360010e-02
3.222656249999999289e+01 4.709802450877583618e-02
3.225097656249999289e+01 4.859479634911127721e-02
3.227539062499999289e+01 4.945653955197112234e-02
3.229980468749999289e+01 4.542903447643763942e-02
3.232421874999999289e+01 4.664517644952988901e-02
3.234863281249999289e+01 5.204252458500819439e-02
3.237304687499999289e+01 5.054585275228054564e-02
3.239746093749999289e+01 4.543038818777485333e-02
3.242187499999999289e+01 4.731479467161179425e-02
3.244628906249999289e+01 5.094369434807656527e-02
3.247070312499999289e+01 4.881330680458476762e-02
3.249511718749999289e+01 5.017580996906249174e-02
3.251953124999999289e+01 4.635208566395140201e-02
3.254394531249999289e+01 4.593594642747034218e-02
3.256835937499999289e+01 4.525454821107130488e-02
3.259277343749999289e+01 4.936022404871621277e-02
3.261718749999999289e+01 4.905599319385945539e-02
3.264160156249999289e+01 4.789315007611225083e-02
3.266601562499999289e+01 4.376468658929875966e-02
3.269042968749999289e+01 4.735884798137526136e-02
3.271484374999999289e+01 4.825791068464304473e-02
3.273925781249999289e+01 4.687793458778297812e-02
3.276367187499999289e+01 4.918674662495985117e-02
3.278808593749999289e+01 4.608198101778790412e-02
3.281249999999999289e+01 4.767370910412802726e-02
3.283691406249999289e+01 4.977864263863288757e-02
3.286132812499999289e+01 4.622644422062934660e-02
3.288574218749999289e+01 4.649924402776688115e-02
3.291015624999999289e+01 4.812129232589969913e-02
3.293457031249999289e+01 4.395622911484960843e-02
3.295898437499999289e+01 4.727477777629870981e-02
3.298339843749999289e+01 4.764192650799655565e-02
3.300781249999999289e+01 5.064697525903415903e-02
3.303222656249999289e+01 4.790238247605551475e-02
3.305664062499999289e+01 5.145603037364764737e-02
3.308105468749999289e+01 4.777119106407716476e-02
3.310546874999999289e+01 5.274201543392873642e-02
3.312988281249999289e+01 4.950310438128586316e-02
3.315429687499999289e+01 5.223026321926959453e-02
3.317871093749999289e+01 4.743972670555813426e-02
3.320312499999999289e+01 4.762901779197259433e-02
3.322753906249999289e+01 4.938991940058477109e-02
3.325195312499999289e+01 4.916959921927055444e-02
3.327636718749999289e+01 4.679303238005892707e-02
3.330078124999999289e+01 4.798191511534306147e-02
3.332519531249999289e+01 4.723538166668583838e-02
3.334960937499999289e+01 4.659221328666048739e-02
3.337402343749999289e+01 4.541516604803030183e-02
3.339843749999999289e+01 4.664606631882595167e-02
3.342285156249999289e+01 4.566434211424595657e-02
3.344726562499999289e+01 4.728124735939232687e-02
3.347167968749999289e+01 4.871956606384609395e-02
3.349609374999999289e+01 4.752048557679704882e-02
3.352050781249999289e+01 4.883314368483680779e-02
3.354492187499999289e+01 4.518080056216136620e-02
3.356933593749999289e+01 4.517590432015686219e-02
3.359374999999999289e+01 4.608340505577960405e-02
3.361816406249999289e+01 4.314370682838838261e-02
3.364257812499999289e+01 4.606662252326752804e-02
3.366699218749999289e+01 4.591089118496229082e-02
3.369140624999999289e+01 4.816666307200517111e-02
3.371582031249999289e+01 4.566041478006743065e-02
3.374023437499999289e+01 4.246570460963049187e-02
3.376464843749999289e+01 4.712374143918610092e-02
3.378906249999999289e+01 4.566250583188617013e-02
3.381347656249999289e+01 4.542166863616552142e-02
3.383789062499999289e+01 4.728998016824539213e-02
3.386230468749999289e+01 4.566882481447622627e-02
3.388671874999999289e+01 4.764507011867386704e-02
3.391113281249999289e+01 4.824047315996018992e-02
3.393554687499999289e+01 4.796465168872964674e-02
3.395996093749999289e+01 4.524936576420313106e-02
3.398437499999999289e+01 4.929872418748974805e-02
3.400878906249999289e+01 4.808507402870065839e-02
3.403320312499999289e+01 5.036885972634622816e-02
3.405761718749999289e+01 4.562839877763988361e-02
3.408203124999999289e+01 4.731343307728426428e-02
3.410644531249999289e+01 4.537911179886825602e-02
3.413085937499999289e+01 4.790009296139986078e-02
3.415527343749999289e+01 4.672737756315396146e-02
3.417968749999999289e+01 4.535858826399622595e-02
3.420410156249999289e+01 4.741034812805529353e-02
3.422851562499999289e+01 4.321309064541158096e-02
3.425292968749999289e+01 4.250796835889749520e-02
3.427734374999999289e+01 4.567815820184233794e-02
3.430175781249999289e+01 4.473429558253956551e-02
3.432617187499999289e+01 4.622523814287406857e-02
3.435058593749999289e+01 4.307304798566362336e-02
3.437499999999999289e+01 4.374720391036131945e-02
3.439941406249999289e+01 4.705463814162039182e-02
3.442382812499999289e+01 4.162772466461815007e-02
3.444824218749999289e+01 4.491260042449885664e-02
3.447265624999999289e+01 4.568792149256011709e-02
3.449707031249999289e+01 4.297427827184610583e-02
3.452148437499999289e+01 4.487215828774374776e-02
3.454589843749999289e+01 4.746767108930573242e-02
3.457031249999999289e+01 4.588400725070709146e-02
3.459472656249999289e+01 4.532609395308973693e-02
3.461914062499999289e+01 4.915959864035741866e-02
3.464355468749999289e+01 4.536986041229009586e-02
3.466796874999999289e+01 4.399907152871507937e-02
3.469238281249999289e+01 4.679280970976703452e-02
3.471679687499999289e+01 4.807366899906709290e-02
3.474121093749999289e+01 4.518533215233454942e-02
3.476562499999999289e+01 4.560071302291784229e-02
3.479003906249999289e+01 4.412444781718267983e-02
3.481445312499999289e+01 4.508746385984314931e-02
3.483886718749999289e+01 4.425195510664677728e-02
3.486328124999999289e+01 4.431138969982206799e-02
3.488769531249999289e+01 4.464574647429618570e-02
3.491210937499999289e+01 4.614149893269261365e-02
3.493652343749999289e+01 4.753221424114651567e-02
3.496093749999999289e+01 4.445784158090423932e-02
3.498535156249999289e+01 4.554437961420500919e-02
