# freq_THz coherence
0.000000000000000000e+00 6.852171592236215580e-02
2.441406249999999653e-02 6.691333484076088245e-02
4.882812499999999306e-02 1.560683813085876892e-01
7.324218749999998612e-02 1.460832879737605228e-01
9.765624999999998612e-02 2.700162273678962110e-01
1.220703124999999861e-01 2.653240753829104182e-01
1.464843749999999722e-01 1.548591276895404378e-01
1.708984374999999722e-01 3.950034965676808563e-01
1.953124999999999722e-01 8.365978759862666703e-01
2.197265624999999722e-01 8.267485530787610504e-01
2.441406249999999722e-01 4.209053654629326124e-01
2.685546874999999445e-01 1.274407175454642105e-01
2.929687499999999445e-01 1.520787052698944763e-01
3.173828124999999445e-01 1.723733383118811746e-01
3.417968749999999445e-01 1.448601544504022898e-01
3.662109374999999445e-01 2.308357258786426780e-01
3.906249999999999445e-01 2.403936362852428787e-01
4.150390624999999445e-01 3.144495112458168262e-01
4.394531249999999445e-01 1.873275232126961343e-01
4.638671874999999445e-01 1.467043080239530672e-01
4.882812499999999445e-01 1.351965029644912053e-01
5.126953124999998890e-01 1.886988813387212027e-01
5.371093749999998890e-01 1.382593129090849970e-01
5.615234374999998890e-01 1.410917215353553744e-01
5.859374999999998890e-01 1.732606979073754161e-01
6.103515624999998890e-01 1.955729433357875358e-01
6.347656249999998890e-01 2.224917665325846228e-01
6.591796874999998890e-01 1.677469090464984713e-01
6.835937499999998890e-01 1.498662365811050112e-01
7.080078124999998890e-01 1.789666536377202688e-01
7.324218749999998890e-01 2.415806819973383146e-01
7.568359374999998890e-01 2.442110646143239305e-01
7.812499999999998890e-01 1.776314330972071087e-01
8.056640624999998890e-01 1.693639537678771068e-01
8.300781249999998890e-01 2.348882017843103021e-01
8.544921874999998890e-01 2.049646323012153937e-01
8.789062499999998890e-01 2.533863157157349444e-01
9.033203124999998890e-01 2.852701996464652168e-01
9.277343749999998890e-01 3.238361647764169682e-01
9.521484374999998890e-01 3.597308048001999214e-01
9.765624999999998890e-01 3.521448947568030508e-01
1.000976562499999778e+00 4.594167776312808038e-01
1.025390624999999778e+00 4.029636538920547406e-01
1.049804687499999778e+00 2.655866187478093665e-01
1.074218749999999778e+00 2.845880059808425511e-01
1.098632812499999778e+00 2.362155791677467698e-01
1.123046874999999778e+00 2.087933199346483082e-01
1.147460937499999778e+00 1.635839123255358185e-01
1.171874999999999778e+00 1.948771764073694568e-01
1.196289062499999778e+00 1.479686245924523857e-01
1.220703124999999778e+00 1.281432628618386360e-01
1.245117187499999778e+00 1.301990568786597358e-01
1.269531249999999778e+00 1.701489552966935770e-01
1.293945312499999778e+00 2.209876909602272455e-01
1.318359374999999778e+00 1.634826557397307534e-01
1.342773437499999778e+00 1.377684815084661563e-01
1.367187499999999778e+00 1.164030715722595699e-01
1.391601562499999778e+00 1.139738629920679647e-01
1.416015624999999778e+00 1.221312340689208326e-01
1.440429687499999778e+00 8.366411635223264254e-02
1.464843749999999778e+00 8.184052094607482952e-02
1.489257812499999778e+00 7.948716767379801484e-02
1.513671874999999778e+00 7.528092675888112262e-02
1.538085937499999778e+00 8.230577888541479314e-02
1.562499999999999778e+00 9.238477191261586230e-02
1.586914062499999778e+00 7.508531382347306826e-02
1.611328124999999778e+00 8.192529330756591344e-02
1.635742187499999778e+00 8.371442093108716342e-02
1.660156249999999778e+00 8.027467125868995024e-02
1.684570312499999778e+00 1.305935078458645426e-01
1.708984374999999778e+00 1.879292355768284739e-01
1.733398437499999778e+00 1.225781435360566440e-01
1.757812499999999778e+00 9.875319919951773551e-02
1.782226562499999778e+00 9.546391761489080030e-02
1.806640624999999778e+00 8.814560882915131734e-02
1.831054687499999778e+00 9.800895210438043126e-02
1.855468749999999778e+00 1.294194178602092182e-01
1.879882812499999778e+00 1.363839850460088488e-01
1.904296874999999778e+00 9.870462484548823967e-02
1.928710937499999778e+00 7.377241523776859045e-02
1.953124999999999778e+00 6.856000857539010229e-02
1.977539062499999778e+00 8.734794167636973639e-02
2.001953124999999556e+00 1.078053239574734007e-01
2.026367187499999556e+00 1.054802765156713645e-01
2.050781249999999556e+00 1.129117277441025607e-01
2.075195312499999556e+00 8.861792607583886261e-02
2.099609374999999556e+00 7.674205403883392618e-02
2.124023437499999556e+00 6.780500187428263603e-02
2.148437499999999556e+00 6.108236353075048586e-02
2.172851562499999556e+00 6.719113415876797057e-02
2.197265624999999556e+00 6.868396867490031421e-02
2.221679687499999556e+00 6.730708083128766894e-02
2.246093749999999556e+00 7.001370005723717149e-02
2.270507812499999556e+00 6.446172911227969482e-02
2.294921874999999556e+00 6.451472268909114183e-02
2.319335937499999556e+00 7.835820714837486711e-02
2.343749999999999556e+00 8.079410501134172418e-02
2.368164062499999556e+00 6.413899402289346963e-02
2.392578124999999556e+00 6.511499601531549331e-02
2.416992187499999556e+00 5.593131396543603306e-02
2.441406249999999556e+00 6.059774442283540757e-02
2.465820312499999556e+00 6.143326061915302394e-02
2.490234374999999556e+00 5.621114758311325510e-02
2.514648437499999556e+00 5.590415475858261096e-02
2.539062499999999556e+00 6.219742015460587303e-02
2.563476562499999556e+00 6.042155120665515522e-02
2.587890624999999556e+00 6.459733533744814460e-02
2.612304687499999556e+00 5.917282106074580467e-02
2.636718749999999556e+00 6.243222102436082888e-02
2.661132812499999556e+00 5.675982959060531935e-02
2.685546874999999556e+00 6.203708478348142485e-02
2.709960937499999556e+00 5.586611444490240108e-02
2.734374999999999556e+00 5.268068359818118412e-02
2.758789062499999556e+00 5.579056521294918636e-02
2.783203124999999556e+00 5.879039664939579579e-02
2.807617187499999556e+00 5.776920637619956805e-02
2.832031249999999556e+00 5.486268045663469928e-02
2.856445312499999556e+00 5.550511086329356497e-02
2.880859374999999556e+00 5.872141366897082326e-02
2.905273437499999556e+00 5.580301134883468295e-02
2.929687499999999556e+00 5.684991217925415563e-02
2.954101562499999556e+00 5.302716786821361217e-02
2.978515624999999556e+00 5.179243959274706238e-02
3.002929687499999556e+00 5.137284362728344184e-02
3.027343749999999556e+00 5.082788581284938129e-02
3.051757812499999556e+00 5.243503534956409778e-02
3.076171874999999556e+00 4.696845500094628395e-02
3.100585937499999556e+00 5.404499135014765449e-02
3.124999999999999556e+00 5.328920567248367907e-02
3.149414062499999556e+00 5.371080485963734136e-02
3.173828124999999556e+00 4.981011545308217797e-02
3.198242187499999556e+00 5.099073255904591068e-02
3.222656249999999556e+00 5.028914328630811059e-02
3.247070312499999556e+00 4.904477658265633117e-02
3.271484374999999556e+00 4.824110745246906057e-02
3.295898437499999556e+00 5.242556890231654665e-02
3.320312499999999556e+00 4.923431043001724045e-02
3.344726562499999556e+00 5.375282923664385926e-02
3.369140624999999556e+00 5.359580654338168965e-02
3.393554687499999556e+00 5.315861340532947177e-02
3.417968749999999556e+00 4.582646224213322850e-02
3.442382812499999556e+00 4.790484429789128307e-02
3.466796874999999556e+00 5.130322151216993448e-02
3.491210937499999556e+00 4.557503220374003322e-02
3.515624999999999556e+00 5.113107679528719474e-02
3.540039062499999556e+00 5.162530939747814879e-02
3.564453124999999556e+00 4.322314318667924010e-02
3.588867187499999556e+00 4.839178039479497678e-02
3.613281249999999556e+00 4.800846733137682787e-02
3.637695312499999556e+00 4.952768876466766279e-02
3.662109374999999556e+00 4.750036118192400153e-02
3.686523437499999556e+00 4.791484780382891662e-02
3.710937499999999556e+00 4.911384532881184206e-02
3.735351562499999556e+00 5.172005915762975525e-02
3.759765624999999556e+00 5.128709972655230709e-02
3.784179687499999556e+00 4.908729245103771871e-02
3.808593749999999556e+00 5.028190577412392642e-02
3.833007812499999556e+00 5.012705933479624787e-02
3.857421874999999556e+00 4.863597254495496958e-02
3.881835937499999556e+00 4.692763763459155413e-02
3.906249999999999556e+00 5.121649334484654204e-02
3.930664062499999556e+00 4.940769048874254360e-02
3.955078124999999556e+00 4.978001448716062871e-02
3.979492187499999556e+00 5.050659500147475917e-02
4.003906249999999112e+00 5.287780240799593023e-02
4.028320312499999112e+00 5.304917240760583658e-02
4.052734374999999112e+00 5.300558538933558550e-02
4.077148437499999112e+00 4.876278280670253568e-02
4.101562499999999112e+00 5.162778558715957339e-02
4.125976562499999112e+00 5.118360367531132882e-02
4.150390624999999112e+00 4.978293536004887998e-02
4.174804687499999112e+00 4.780690513794259855e-02
4.199218749999999112e+00 4.773720867658559630e-02
4.223632812499999112e+00 5.135496170084984796e-02
4.248046874999999112e+00 5.135047808951719722e-02
4.272460937499999112e+00 5.055689735421058789e-02
4.296874999999999112e+00 4.933527970357007991e-02
4.321289062499999112e+00 5.083997601627767565e-02
4.345703124999999112e+00 5.145607661061189775e-02
4.370117187499999112e+00 4.782630808729899929e-02
4.394531249999999112e+00 4.871814241689510078e-02
4.418945312499999112e+00 4.945372893274512655e-02
4.443359374999999112e+00 4.713066478695319972e-02
4.467773437499999112e+00 4.519293768123062993e-02
4.492187499999999112e+00 4.950215360020989580e-02
4.516601562499999112e+00 4.667963300774439356e-02
4.541015624999999112e+00 4.531142716877310794e-02
4.565429687499999112e+00 4.854231766219835320e-02
4.589843749999999112e+00 5.013816997988821550e-02
4.614257812499999112e+00 5.044810165137973007e-02
4.638671874999999112e+00 5.183105539201960515e-02
4.663085937499999112e+00 4.853445590328562403e-02
4.687499999999999112e+00 4.974246975983845354e-02
4.711914062499999112e+00 5.264832169397023337e-02
4.736328124999999112e+00 4.981880325585048147e-02
4.760742187499999112e+00 5.176109334027993031e-02
4.785156249999999112e+00 5.091117156115671644e-02
4.809570312499999112e+00 5.057714339333874154e-02
4.833984374999999112e+00 5.238855554510507551e-02
4.858398437499999112e+00 5.054083405410301350e-02
4.882812499999999112e+00 4.973522381439868245e-02
4.907226562499999112e+00 5.273256310578679218e-02
4.931640624999999112e+00 5.350091376997601761e-02
4.956054687499999112e+00 5.166483253467451381e-02
4.980468749999999112e+00 5.253293538396226758e-02
5.004882812499999112e+00 5.260621197150978229e-02
5.029296874999999112e+00 5.238519937695385043e-02
5.053710937499999112e+00 5.180068221863412536e-02
5.078124999999999112e+00 4.962864624278652548e-02
5.102539062499999112e+00 4.892583042316249464e-02
5.126953124999999112e+00 5.252455747398607905e-02
5.151367187499999112e+00 4.742339189904486163e-02
5.175781249999999112e+00 5.039639477971384618e-02
5.200195312499999112e+00 5.053220421848785698e-02
5.224609374999999112e+00 4.960228287507204709e-02
5.249023437499999112e+00 4.981543766185572708e-02
5.273437499999999112e+00 4.399812872964002641e-02
5.297851562499999112e+00 4.797076270702797796e-02
5.322265624999999112e+00 4.860644789772165797e-02
5.346679687499999112e+00 5.153052616271792952e-02
5.371093749999999112e+00 5.262026092817606582e-02
5.395507812499999112e+00 5.017249172598661072e-02
5.419921874999999112e+00 4.891812723394587531e-02
5.444335937499999112e+00 4.961141542355351070e-02
5.468749999999999112e+00 4.827711356045739227e-02
5.493164062499999112e+00 5.048850017516993971e-02
5.517578124999999112e+00 5.262167615819916128e-02
5.541992187499999112e+00 5.518794378160044728e-02
5.566406249999999112e+00 5.043662379985753424e-02
5.590820312499999112e+00 4.909248357124734036e-02
5.615234374999999112e+00 4.662774478363906211e-02
5.639648437499999112e+00 5.069143543229538695e-02
5.664062499999999112e+00 4.917923693168736038e-02
5.688476562499999112e+00 5.066823110936203439e-02
5.712890624999999112e+00 5.040695764436078224e-02
5.737304687499999112e+00 5.048959673328082265e-02
5.761718749999999112e+00 5.040531965762343192e-02
5.786132812499999112e+00 4.901129302370824808e-02
5.810546874999999112e+00 5.198076765466661670e-02
5.834960937499999112e+00 5.213164191959963195e-02
5.859374999999999112e+00 4.708324004968492821e-02
5.883789062499999112e+00 5.211560659745249208e-02
5.908203124999999112e+00 4.771358551866885372e-02
5.932617187499999112e+00 4.983480316325814008e-02
5.957031249999999112e+00 5.016542333553574567e-02
5.981445312499999112e+00 5.207846736846111213e-02
6.005859374999999112e+00 5.243228612212912781e-02
6.030273437499999112e+00 4.946465143982632651e-02
6.054687499999999112e+00 4.800573186132860853e-02
6.079101562499999112e+00 5.175268706238492222e-02
6.103515624999999112e+00 4.754547807195765030e-02
6.127929687499999112e+00 4.821049855418306496e-02
6.152343749999999112e+00 4.869050499727709674e-02
6.176757812499999112e+00 4.703452615588724767e-02
6.201171874999999112e+00 4.926550366407277809e-02
6.225585937499999112e+00 4.863864273996397480e-02
6.249999999999999112e+00 4.667275487710444842e-02
6.274414062499999112e+00 4.749270408633989721e-02
6.298828124999999112e+00 5.111137848372972886e-02
6.323242187499999112e+00 4.988277168032551750e-02
6.347656249999999112e+00 5.114695953013887603e-02
6.372070312499999112e+00 5.335245290680014352e-02
6.396484374999999112e+00 5.084230196291050774e-02
6.420898437499999112e+00 5.006357569532442209e-02
6.445312499999999112e+00 4.966186515219962738e-02
6.469726562499999112e+00 5.263141762855792077e-02
6.494140624999999112e+00 4.665697834618208473e-02
6.518554687499999112e+00 4.964853888912992841e-02
6.542968749999999112e+00 5.506064867600239665e-02
6.567382812499999112e+00 5.006323650396472119e-02
6.591796874999999112e+00 5.028446983647177210e-02
6.616210937499999112e+00 5.017360091910989806e-02
6.640624999999999112e+00 5.098410093683004157e-02
6.665039062499999112e+00 5.245601177814607913e-02
6.689453124999999112e+00 4.786144276579584050e-02
6.713867187499999112e+00 5.235959839912770336e-02
6.738281249999999112e+00 5.224758756157272394e-02
6.762695312499999112e+00 5.425433863741738194e-02
6.787109374999999112e+00 4.717783635556721533e-02
6.811523437499999112e+00 4.587836363925619498e-02
6.835937499999999112e+00 5.180419299550378942e-02
6.860351562499999112e+00 5.035728876613807664e-02
6.884765624999999112e+00 4.865213924078826829e-02
6.909179687499999112e+00 4.915534777938171396e-02
6.933593749999999112e+00 5.095273100658395671e-02
6.958007812499999112e+00 5.627357550392619867e-02
6.982421874999999112e+00 5.124440595377321994e-02
7.006835937499999112e+00 4.914145200405327374e-02
7.031249999999999112e+00 4.953981588189855512e-02
7.055664062499999112e+00 5.125756417012005545e-02
7.080078124999999112e+00 5.062531012613508130e-02
7.104492187499999112e+00 4.921524546578377041e-02
7.128906249999999112e+00 5.247954954084202428e-02
7.153320312499999112e+00 5.086608831367063488e-02
7.177734374999999112e+00 5.018179217520105095e-02
7.202148437499999112e+00 4.959121815583833470e-02
7.226562499999999112e+00 4.841419525738899221e-02
7.250976562499999112e+00 4.713745280989030395e-02
7.275390624999999112e+00 4.996182386808815934e-02
7.299804687499999112e+00 4.794232288694368765e-02
7.324218749999999112e+00 5.133674366145486723e-02
7.348632812499999112e+00 5.111810657386692963e-02
7.373046874999999112e+00 4.942284888640396945e-02
7.397460937499999112e+00 5.100189321451974872e-02
7.421874999999999112e+00 5.038187018868237749e-02
7.446289062499999112e+00 4.785484907166224350e-02
7.470703124999999112e+00 4.622079114174437037e-02
7.495117187499999112e+00 4.743234227816008064e-02
7.519531249999999112e+00 5.049640149884593310e-02
7.543945312499999112e+00 4.970757772131027818e-02
7.568359374999999112e+00 4.821333996930857874e-02
7.592773437499999112e+00 4.991114523278944448e-02
7.617187499999999112e+00 4.615937369768498277e-02
7.641601562499999112e+00 4.607624592490813797e-02
7.666015624999999112e+00 4.794874053099354438e-02
7.690429687499999112e+00 4.465465909382076992e-02
7.714843749999999112e+00 4.502497487426507239e-02
7.739257812499999112e+00 4.586656950740151256e-02
7.763671874999999112e+00 4.352772807159591140e-02
7.788085937499999112e+00 4.459774045864958736e-02
7.812499999999999112e+00 4.924535871931256387e-02
7.836914062499999112e+00 4.725705800633379222e-02
7.861328124999999112e+00 5.088881332936454061e-02
7.885742187499999112e+00 4.816925682415965776e-02
7.910156249999999112e+00 5.166121232723978884e-02
7.934570312499999112e+00 5.041725021851107408e-02
7.958984374999999112e+00 4.759208166990015754e-02
7.983398437499999112e+00 4.853166726592814811e-02
8.007812499999998224e+00 4.963454524703906495e-02
8.032226562499998224e+00 5.161275700081556506e-02
8.056640624999998224e+00 5.235585505249644445e-02
8.081054687499998224e+00 5.460094726853555180e-02
8.105468749999998224e+00 5.207730380662764502e-02
8.129882812499998224e+00 5.054481991171339700e-02
8.154296874999998224e+00 5.250678405175211727e-02
8.178710937499998224e+00 4.975792429881249757e-02
8.203124999999998224e+00 4.786040202661166754e-02
8.227539062499998224e+00 5.309173971505436879e-02
8.251953124999998224e+00 4.901772677975038683e-02
8.276367187499998224e+00 4.847121294282657339e-02
8.300781249999998224e+00 5.098631691843603236e-02
8.325195312499998224e+00 4.986242805494969788e-02
8.349609374999998224e+00 4.986905951112829277e-02
8.374023437499998224e+00 4.737129506900423365e-02
8.398437499999998224e+00 4.606938721517245955e-02
8.422851562499998224e+00 4.925646945762071627e-02
8.447265624999998224e+00 5.047498459380349300e-02
8.471679687499998224e+00 4.774962864639678561e-02
8.496093749999998224e+00 4.832267064665714956e-02
8.520507812499998224e+00 4.707735319636720261e-02
8.544921874999998224e+00 4.848022234572290506e-02
8.569335937499998224e+00 4.947017908600014058e-02
8.593749999999998224e+00 5.234878659663626255e-02
8.618164062499998224e+00 4.845753861358539916e-02
8.642578124999998224e+00 4.437173988308058120e-02
8.666992187499998224e+00 4.630617508634396473e-02
8.691406249999998224e+00 4.706588086311108005e-02
8.715820312499998224e+00 4.720387753770173556e-02
8.740234374999998224e+00 4.627279603208240416e-02
8.764648437499998224e+00 4.462178904325093953e-02
8.789062499999998224e+00 4.628668386245839844e-02
8.813476562499998224e+00 4.540427080577509600e-02
8.837890624999998224e+00 4.687263757548325999e-02
8.862304687499998224e+00 4.826493343373421813e-02
8.886718749999998224e+00 4.335871739573461670e-02
8.911132812499998224e+00 5.001243495921444543e-02
8.935546874999998224e+00 4.831332416510353278e-02
8.959960937499998224e+00 4.818288239743641344e-02
8.984374999999998224e+00 4.743162505900780368e-02
9.008789062499998224e+00 4.943053350094921139e-02
9.033203124999998224e+00 4.789148348370444314e-02
9.057617187499998224e+00 4.970403723630752862e-02
9.082031249999998224e+00 4.950986345445786141e-02
9.106445312499998224e+00 4.804144842581908881e-02
9.130859374999998224e+00 4.588739082859466523e-02
9.155273437499998224e+00 4.678914230444860406e-02
9.179687499999998224e+00 4.421021990486926484e-02
9.204101562499998224e+00 4.561156408204876389e-02
9.228515624999998224e+00 5.055781739336737135e-02
9.252929687499998224e+00 4.603097761900885182e-02
9.277343749999998224e+00 4.811568637231872225e-02
9.301757812499998224e+00 4.778038188285548687e-02
9.326171874999998224e+00 4.907460652933848255e-02
9.350585937499998224e+00 4.799718617763870654e-02
9.374999999999998224e+00 5.100808970256902330e-02
9.399414062499998224e+00 4.579233861348966372e-02
9.423828124999998224e+00 4.553220743979676660e-02
9.448242187499998224e+00 4.956563940755760733e-02
9.472656249999998224e+00 4.572947007829004235e-02
9.497070312499998224e+00 4.570385170873256936e-02
9.521484374999998224e+00 4.607243551329850972e-02
9.545898437499998224e+00 4.822564250047001178e-02
9.570312499999998224e+00 4.777339654878105801e-02
9.594726562499998224e+00 4.588620218494784964e-02
9.619140624999998224e+00 4.412015101932890287e-02
9.643554687499998224e+00 4.635875213716902921e-02
9.667968749999998224e+00 4.764838345299027278e-02
9.692382812499998224e+00 4.625410752882595095e-02
9.716796874999998224e+00 4.717378533237678168e-02
9.741210937499998224e+00 4.667356047363306615e-02
9.765624999999998224e+00 4.814874887073238019e-02
9.790039062499998224e+00 4.872969833308851695e-02
9.814453124999998224e+00 5.074032983546779979e-02
9.838867187499998224e+00 4.794091171313807215e-02
9.863281249999998224e+00 4.694000701101500722e-02
9.887695312499998224e+00 4.936295295995163368e-02
9.912109374999998224e+00 5.002554833753462132e-02
9.936523437499998224e+00 4.719508862152412693e-02
9.960937499999998224e+00 4.918629016660466119e-02
9.985351562499998224e+00 4.667940888793643134e-02
1.000976562499999822e+01 4.552876170511600817e-02
1.003417968749999822e+01 4.706776811553803341e-02
1.005859374999999822e+01 4.891531553666821075e-02
1.008300781249999822e+01 4.535462224654190910e-02
1.010742187499999822e+01 4.477255823457075568e-02
1.013183593749999822e+01 4.484074757489447949e-02
1.015624999999999822e+01 4.674229991099317777e-02
1.018066406249999822e+01 4.739267606372019742e-02
1.020507812499999822e+01 4.521914963675114502e-02
1.022949218749999822e+01 4.900742409708196134e-02
1.025390624999999822e+01 4.675636259836059988e-02
1.027832031249999822e+01 4.726497406246266825e-02
1.030273437499999822e+01 5.028347869235980788e-02
1.032714843749999822e+01 4.347008960258531146e-02
1.035156249999999822e+01 4.945375488693214139e-02
1.037597656249999822e+01 4.414553672545305091e-02
1.040039062499999822e+01 4.470264263581836400e-02
1.042480468749999822e+01 4.857002179321486673e-02
1.044921874999999822e+01 4.879472553251313488e-02
1.047363281249999822e+01 4.523635981334854506e-02
1.049804687499999822e+01 4.371291196123992806e-02
1.052246093749999822e+01 4.541403640317501211e-02
1.054687499999999822e+01 4.764790148639615891e-02
1.057128906249999822e+01 4.770786822036264530e-02
1.059570312499999822e+01 4.588473086917706223e-02
1.062011718749999822e+01 4.607135373534709116e-02
1.064453124999999822e+01 4.665077431407472358e-02
1.066894531249999822e+01 4.674678331100158568e-02
1.069335937499999822e+01 4.801554425909315693e-02
1.071777343749999822e+01 4.934574107743093518e-02
1.074218749999999822e+01 4.959175107585909320e-02
1.076660156249999822e+01 4.875823015681787082e-02
1.079101562499999822e+01 4.987119445484422542e-02
1.081542968749999822e+01 4.896378431933659514e-02
1.083984374999999822e+01 4.845574892340921702e-02
1.086425781249999822e+01 4.587725021327147823e-02
1.088867187499999822e+01 4.784556916850934288e-02
1.091308593749999822e+01 4.849982250053593708e-02
1.093749999999999822e+01 4.772103571488305745e-02
1.096191406249999822e+01 4.806632231248126469e-02
1.098632812499999822e+01 5.045151616050187748e-02
1.101074218749999822e+01 4.806456279444318996e-02
1.103515624999999822e+01 5.127483496464850521e-02
1.105957031249999822e+01 4.732044767707007521e-02
1.108398437499999822e+01 4.519843811301437614e-02
1.110839843749999822e+01 4.104908139755322760e-02
1.113281249999999822e+01 4.195284708220600040e-02
1.115722656249999822e+01 4.264849205567884660e-02
1.118164062499999822e+01 4.531740477283725810e-02
1.120605468749999822e+01 4.741439340268747277e-02
1.123046874999999822e+01 4.671788837154371848e-02
1.125488281249999822e+01 4.668196256658509180e-02
1.127929687499999822e+01 4.450127925531887491e-02
1.130371093749999822e+01 4.685418624732848314e-02
1.132812499999999822e+01 4.686746033576577597e-02
1.135253906249999822e+01 4.490411913577916497e-02
1.137695312499999822e+01 4.588784206116658382e-02
1.140136718749999822e+01 4.749916918505108637e-02
1.142578124999999822e+01 4.961082394009978108e-02
1.145019531249999822e+01 4.625943669968440169e-02
1.147460937499999822e+01 4.601504882528923562e-02
1.149902343749999822e+01 4.292916615195432190e-02
1.152343749999999822e+01 4.825510261083404417e-02
1.154785156249999822e+01 4.587573387500225308e-02
1.157226562499999822e+01 4.568846082380990936e-02
1.159667968749999822e+01 4.751336377424586477e-02
1.162109374999999822e+01 4.972672133081738194e-02
1.164550781249999822e+01 4.840523218211222750e-02
1.166992187499999822e+01 4.874092503024728823e-02
1.169433593749999822e+01 4.644425657722826145e-02
1.171874999999999822e+01 4.607813707611274623e-02
1.174316406249999822e+01 4.480332269405285645e-02
1.176757812499999822e+01 4.775334644758740671e-02
1.179199218749999822e+01 5.066856517218774891e-02
1.181640624999999822e+01 4.470620399666090650e-02
1.184082031249999822e+01 4.666980718948877949e-02
1.186523437499999822e+01 4.860048887472622620e-02
1.188964843749999822e+01 4.553221072348400539e-02
1.191406249999999822e+01 4.646762688608703507e-02
1.193847656249999822e+01 4.432590098076572699e-02
1.196289062499999822e+01 4.701750783433934766e-02
1.198730468749999822e+01 4.732750435823739749e-02
1.201171874999999822e+01 4.632940442732757375e-02
1.203613281249999822e+01 4.540032546755544407e-02
1.206054687499999822e+01 4.850953873555197832e-02
1.208496093749999822e+01 4.545781942838841155e-02
1.210937499999999822e+01 4.839912755629315749e-02
1.213378906249999822e+01 4.839133049235123940e-02
1.215820312499999822e+01 4.802553399086391395e-02
1.218261718749999822e+01 4.712599204579735052e-02
1.220703124999999822e+01 4.627682252274627900e-02
1.223144531249999822e+01 4.803085478999541413e-02
1.225585937499999822e+01 4.382657122961243490e-02
1.228027343749999822e+01 4.257709305783898696e-02
1.230468749999999822e+01 4.840506371109198208e-02
1.232910156249999822e+01 4.929818943997910097e-02
1.235351562499999822e+01 4.776697964929257911e-02
1.237792968749999822e+01 4.575606550266709399e-02
1.240234374999999822e+01 4.769545988576088386e-02
1.242675781249999822e+01 4.433115537897434899e-02
1.245117187499999822e+01 4.858789270290702483e-02
1.247558593749999822e+01 4.600785875533549424e-02
1.249999999999999822e+01 4.849857199192127155e-02
1.252441406249999822e+01 4.297988970583097035e-02
1.254882812499999822e+01 4.462779126432678961e-02
1.257324218749999822e+01 4.924144050785603244e-02
1.259765624999999822e+01 4.630253109183185556e-02
1.262207031249999822e+01 4.597681597878707643e-02
1.264648437499999822e+01 5.024907395941701632e-02
1.267089843749999822e+01 4.438829653184910018e-02
1.269531249999999822e+01 4.679270297679377633e-02
1.271972656249999822e+01 4.905080386874478143e-02
1.274414062499999822e+01 4.704802316985511740e-02
1.276855468749999822e+01 4.589111041548261938e-02
1.279296874999999822e+01 4.410188585799906802e-02
1.281738281249999822e+01 4.533942932473775111e-02
1.284179687499999822e+01 4.640342699054679498e-02
1.286621093749999822e+01 4.975729547286140281e-02
1.289062499999999822e+01 4.869064904483522832e-02
1.291503906249999822e+01 4.618919077016076652e-02
1.293945312499999822e+01 4.661107091233774452e-02
1.296386718749999822e+01 4.602242143542626535e-02
1.298828124999999822e+01 4.766058975571851181e-02
1.301269531249999822e+01 4.350351399268872349e-02
1.303710937499999822e+01 4.768197383241029597e-02
1.306152343749999822e+01 4.828346569084728673e-02
1.308593749999999822e+01 4.470911860086361489e-02
1.311035156249999822e+01 4.790452629361768161e-02
1.313476562499999822e+01 4.678233576487846740e-02
1.315917968749999822e+01 4.755835237833887924e-02
1.318359374999999822e+01 4.806066973761095873e-02
1.320800781249999822e+01 4.694853383154237031e-02
1.323242187499999822e+01 4.767338445598361812e-02
1.325683593749999822e+01 4.608950256784236088e-02
1.328124999999999822e+01 4.445247408945306178e-02
1.330566406249999822e+01 4.736585604624446444e-02
1.333007812499999822e+01 4.754405465798772212e-02
1.335449218749999822e+01 4.721620851063709767e-02
1.337890624999999822e+01 4.564821958415972436e-02
1.340332031249999822e+01 4.783011765678184257e-02
1.342773437499999822e+01 4.677799085181177235e-02
1.345214843749999822e+01 4.632967945141031052e-02
1.347656249999999822e+01 5.074354733889362840e-02
1.350097656249999822e+01 4.914713596489855146e-02
1.352539062499999822e+01 4.964324824959360366e-02
1.354980468749999822e+01 5.216704828271660765e-02
1.357421874999999822e+01 4.926679776653296317e-02
1.359863281249999822e+01 4.942428335831948460e-02
1.362304687499999822e+01 4.854012966142415286e-02
1.364746093749999822e+01 4.625214852827316120e-02
1.367187499999999822e+01 4.770729428136026573e-02
1.369628906249999822e+01 4.704243582499818832e-02
1.372070312499999822e+01 4.673052338619575197e-02
1.374511718749999822e+01 4.765628485382077811e-02
1.376953124999999822e+01 5.389575180086510209e-02
1.379394531249999822e+01 5.245721130243537200e-02
1.381835937499999822e+01 4.904907934497267086e-02
1.384277343749999822e+01 4.494369023238101862e-02
1.386718749999999822e+01 4.820340790402648234e-02
1.389160156249999822e+01 4.730433917174545200e-02
1.391601562499999822e+01 4.930588416649188399e-02
1.394042968749999822e+01 5.643069015427797097e-02
1.396484374999999822e+01 5.697323121117218309e-02
1.398925781249999822e+01 5.007409686353365974e-02
1.401367187499999822e+01 5.274640176891738641e-02
1.403808593749999822e+01 5.458643029752764664e-02
1.406249999999999822e+01 5.041787030186754143e-02
1.408691406249999822e+01 4.617983328751973371e-02
1.411132812499999822e+01 4.949530947095283351e-02
1.413574218749999822e+01 5.113763077352817543e-02
1.416015624999999822e+01 4.579451791825354251e-02
1.418457031249999822e+01 4.618262532533172482e-02
1.420898437499999822e+01 5.051957510068530444e-02
1.423339843749999822e+01 5.411054315554774535e-02
1.425781249999999822e+01 5.031587943527127127e-02
1.428222656249999822e+01 5.065649615832469588e-02
1.430664062499999822e+01 4.769319671028826590e-02
1.433105468749999822e+01 4.192288861094840141e-02
1.435546874999999822e+01 4.760500790627992390e-02
1.437988281249999822e+01 4.837238809883741275e-02
1.440429687499999822e+01 4.683942542550576654e-02
1.442871093749999822e+01 4.952664602511062247e-02
1.445312499999999822e+01 4.791671301361783569e-02
1.447753906249999822e+01 4.577216673585367962e-02
1.450195312499999822e+01 4.832094874425801184e-02
1.452636718749999822e+01 4.979858497667294381e-02
1.455078124999999822e+01 5.040770159720944082e-02
1.457519531249999822e+01 4.835742190798615614e-02
1.459960937499999822e+01 4.544903783385269985e-02
1.462402343749999822e+01 4.534729564312942052e-02
1.464843749999999822e+01 4.486846711241024299e-02
1.467285156249999822e+01 4.753827757535827869e-02
1.469726562499999822e+01 4.948965459019195878e-02
1.472167968749999822e+01 4.996676723133513381e-02
1.474609374999999822e+01 4.663618645036292365e-02
1.477050781249999822e+01 4.645327979528779405e-02
1.479492187499999822e+01 4.829113479158544248e-02
1.481933593749999822e+01 4.935829883852949768e-02
1.484374999999999822e+01 4.586707145682560743e-02
1.486816406249999822e+01 4.697815108105047460e-02
1.489257812499999822e+01 4.736427191811475035e-02
1.491699218749999822e+01 4.760857340037606689e-02
1.494140624999999822e+01 4.752368901903911147e-02
1.496582031249999822e+01 4.851453497862216052e-02
1.499023437499999822e+01 4.811930113664187464e-02
1.501464843749999822e+01 4.745468466995434592e-02
1.503906249999999822e+01 4.482965339542052674e-02
1.506347656249999822e+01 4.584661113928066578e-02
1.508789062499999822e+01 4.655227242981692382e-02
1.511230468749999822e+01 4.692374857620790207e-02
1.513671874999999822e+01 4.282151676539160817e-02
1.516113281249999822e+01 4.624426229389215492e-02
1.518554687499999822e+01 4.956327637483443072e-02
1.520996093749999822e+01 4.577045447956476498e-02
1.523437499999999822e+01 4.615482756785281582e-02
1.525878906249999822e+01 4.851373562605602180e-02
1.528320312499999822e+01 4.786865892156433322e-02
1.530761718749999822e+01 4.745398955663195084e-02
1.533203124999999822e+01 4.762591141096017555e-02
1.535644531249999822e+01 4.632538358898757869e-02
1.538085937499999822e+01 5.014425825003313020e-02
1.540527343749999822e+01 4.872769291107867384e-02
1.542968749999999822e+01 4.795515456978770991e-02
1.545410156249999822e+01 4.842768739483319790e-02
1.547851562499999822e+01 4.423257844554567830e-02
1.550292968749999822e+01 4.448867649568603172e-02
1.552734374999999822e+01 4.466357883552242447e-02
1.555175781249999822e+01 4.480560527253677622e-02
1.557617187499999822e+01 4.515386393959137240e-02
1.560058593749999822e+01 4.532675148577554325e-02
1.562499999999999822e+01 4.832821379048214683e-02
1.564941406249999822e+01 4.683897479013406778e-02
1.567382812499999822e+01 4.876598559200305549e-02
1.569824218749999822e+01 4.614101212111447470e-02
1.572265624999999822e+01 4.327231541730818670e-02
1.574707031249999822e+01 4.899486817304448544e-02
1.577148437499999822e+01 5.101688609119119089e-02
1.579589843749999822e+01 4.858494001249937660e-02
1.582031249999999822e+01 4.867628134141783330e-02
1.584472656249999822e+01 4.593403354419398066e-02
1.586914062499999822e+01 4.469989655960835556e-02
1.589355468749999822e+01 4.645524877366961902e-02
1.591796874999999822e+01 4.696719101156169446e-02
1.594238281249999822e+01 4.847776167151489346e-02
1.596679687499999822e+01 4.796368109939382063e-02
1.599121093749999822e+01 4.585310473947697141e-02
1.601562499999999645e+01 4.681361644639178698e-02
1.604003906249999645e+01 4.781888622256721261e-02
1.606445312499999645e+01 4.735060237208221778e-02
1.608886718749999645e+01 4.851903879200820252e-02
1.611328124999999645e+01 4.727041052795535880e-02
1.613769531249999645e+01 4.657982223760925161e-02
1.616210937499999645e+01 4.593898021283231853e-02
1.618652343749999645e+01 4.525067177664481022e-02
1.621093749999999645e+01 4.773125116321247363e-02
1.623535156249999645e+01 4.435606594806221215e-02
1.625976562499999645e+01 4.071009739158494567e-02
1.628417968749999645e+01 4.557065363787490136e-02
1.630859374999999645e+01 4.436018441210322349e-02
1.633300781249999645e+01 4.589184485693785509e-02
1.635742187499999645e+01 4.278713126762442864e-02
1.638183593749999645e+01 4.469396132543027034e-02
1.640624999999999645e+01 4.753392028280862408e-02
1.643066406249999645e+01 4.813880181072311554e-02
1.645507812499999645e+01 4.357859007434916609e-02
1.647949218749999645e+01 4.893365129464005009e-02
1.650390624999999645e+01 4.891819771697855646e-02
1.652832031249999645e+01 4.839116128909676934e-02
1.655273437499999645e+01 4.828377555181372072e-02
1.657714843749999645e+01 4.988836352105487093e-02
1.660156249999999645e+01 4.787833080885803283e-02
1.662597656249999645e+01 4.708182460538888614e-02
1.665039062499999645e+01 5.069387692778374449e-02
1.667480468749999645e+01 4.758586439247893679e-02
1.669921874999999645e+01 4.859697444294314161e-02
1.672363281249999645e+01 4.579822036415756581e-02
1.674804687499999645e+01 4.532605470675409726e-02
1.677246093749999645e+01 4.769668978689440425e-02
1.679687499999999645e+01 4.218156027519055773e-02
1.682128906249999645e+01 4.568602525227427602e-02
1.684570312499999645e+01 4.533577816588893472e-02
1.687011718749999645e+01 4.718618876725123173e-02
1.689453124999999645e+01 4.798871669129951834e-02
1.691894531249999645e+01 4.571660721883243073e-02
1.694335937499999645e+01 4.618032116499651285e-02
1.696777343749999645e+01 4.697883490438145571e-02
1.699218749999999645e+01 4.735892475298470600e-02
1.701660156249999645e+01 4.675520416349120134e-02
1.704101562499999645e+01 4.381750282725670881e-02
1.706542968749999645e+01 4.516587882014892058e-02
1.708984374999999645e+01 4.811546728063011147e-02
1.711425781249999645e+01 4.843250657673446591e-02
1.713867187499999645e+01 4.951707915258327791e-02
1.716308593749999645e+01 5.100414540629331916e-02
1.718749999999999645e+01 4.692362226766255001e-02
1.721191406249999645e+01 4.618875947634048379e-02
1.723632812499999645e+01 4.364629374423581454e-02
1.726074218749999645e+01 4.438767668614028439e-02
1.728515624999999645e+01 4.428048802437083153e-02
1.730957031249999645e+01 4.948131182948128926e-02
1.733398437499999645e+01 4.585986220886798664e-02
1.735839843749999645e+01 4.309926855928285228e-02
1.738281249999999645e+01 4.393808120702051567e-02
1.740722656249999645e+01 4.325156586030286243e-02
1.743164062499999645e+01 4.881850177574270644e-02
1.745605468749999645e+01 4.678387342409219551e-02
1.748046874999999645e+01 4.766153524859932655e-02
1.750488281249999645e+01 4.581871253416762435e-02
1.752929687499999645e+01 4.557971851546423897e-02
1.755371093749999645e+01 4.467330237263395648e-02
1.757812499999999645e+01 4.798168301966956178e-02
1.760253906249999645e+01 4.371370201955015328e-02
1.762695312499999645e+01 5.017503162653979415e-02
1.765136718749999645e+01 4.748933047752088715e-02
1.767578124999999645e+01 4.280089161867575709e-02
1.770019531249999645e+01 4.593006922394337471e-02
1.772460937499999645e+01 4.698797702212140215e-02
1.774902343749999645e+01 4.457933140569433211e-02
1.777343749999999645e+01 4.960915491973900970e-02
1.779785156249999645e+01 4.507450808584595459e-02
1.782226562499999645e+01 4.509643679872728239e-02
1.784667968749999645e+01 4.513786606689589032e-02
1.787109374999999645e+01 4.393911497656934756e-02
1.789550781249999645e+01 4.540516336247175239e-02
1.791992187499999645e+01 4.288118111618371975e-02
1.794433593749999645e+01 4.869829697774757937e-02
1.796874999999999645e+01 4.772246094577681230e-02
1.799316406249999645e+01 4.368984988481264264e-02
1.801757812499999645e+01 4.615369865510000891e-02
1.804199218749999645e+01 4.600011530389992026e-02
1.806640624999999645e+01 4.481674272840412143e-02
1.809082031249999645e+01 4.452024076150853937e-02
1.811523437499999645e+01 4.868270499595288292e-02
1.813964843749999645e+01 4.526830782063328423e-02
1.816406249999999645e+01 4.532334821170046213e-02
1.818847656249999645e+01 4.307295153158499645e-02
1.821289062499999645e+01 4.805142080535064475e-02
1.823730468749999645e+01 4.449271922107606025e-02
1.826171874999999645e+01 4.788279618277216376e-02
1.828613281249999645e+01 4.599978548415729895e-02
1.831054687499999645e+01 4.363949302848000450e-02
1.833496093749999645e+01 4.930440815742814092e-02
1.835937499999999645e+01 4.298160014317069927e-02
1.838378906249999645e+01 4.384904380074236552e-02
1.840820312499999645e+01 4.694207617076103650e-02
1.843261718749999645e+01 4.525000478567674234e-02
1.845703124999999645e+01 4.601124631212894639e-02
1.848144531249999645e+01 4.553565336523429652e-02
1.850585937499999645e+01 5.208504353567693090e-02
1.853027343749999645e+01 5.195489996095713908e-02
1.855468749999999645e+01 4.967420146037426765e-02
1.857910156249999645e+01 4.439113548345918064e-02
1.860351562499999645e+01 4.595374158104514190e-02
1.862792968749999645e+01 4.802665375713468382e-02
1.865234374999999645e+01 4.973284692185995365e-02
1.867675781249999645e+01 4.863552702039865977e-02
1.870117187499999645e+01 4.596005595072306243e-02
1.872558593749999645e+01 4.713829990477762938e-02
1.874999999999999645e+01 4.462169814899896031e-02
1.877441406249999645e+01 4.408855971381723388e-02
1.879882812499999645e+01 4.606356009495300718e-02
1.882324218749999645e+01 4.301639155512011758e-02
1.884765624999999645e+01 4.607172044541427841e-02
1.887207031249999645e+01 4.666986830580172052e-02
1.889648437499999645e+01 4.533059754349631071e-02
1.892089843749999645e+01 4.688588259908175321e-02
1.894531249999999645e+01 4.521110270370865686e-02
1.896972656249999645e+01 4.363158307355875093e-02
1.899414062499999645e+01 4.729347591704190223e-02
1.901855468749999645e+01 4.737912066922335408e-02
1.904296874999999645e+01 4.517702434810181439e-02
1.906738281249999645e+01 4.560938378773767704e-02
1.909179687499999645e+01 4.891264590249794209e-02
1.911621093749999645e+01 4.687044889482692295e-02
1.914062499999999645e+01 4.571079263339658527e-02
1.916503906249999645e+01 4.659980265555246220e-02
1.918945312499999645e+01 4.640890720371758371e-02
1.921386718749999645e+01 4.781098683258946241e-02
1.923828124999999645e+01 4.703696481524171497e-02
1.926269531249999645e+01 4.717410680630070713e-02
1.928710937499999645e+01 4.965203804587775549e-02
1.931152343749999645e+01 4.441767560924046038e-02
1.933593749999999645e+01 4.287828479863223935e-02
1.936035156249999645e+01 4.735746044054615217e-02
1.938476562499999645e+01 4.912933002124397069e-02
1.940917968749999645e+01 4.716228612571878032e-02
1.943359374999999645e+01 4.723686391697323045e-02
1.945800781249999645e+01 4.643104182037418454e-02
1.948242187499999645e+01 4.785993836997232825e-02
1.950683593749999645e+01 4.738859258431645655e-02
1.953124999999999645e+01 4.476937950577600245e-02
1.955566406249999645e+01 4.876096466621916703e-02
1.958007812499999645e+01 5.163092496597058989e-02
1.960449218749999645e+01 4.965581198794859208e-02
1.962890624999999645e+01 4.806672380588659921e-02
1.965332031249999645e+01 4.619142867496640881e-02
1.967773437499999645e+01 4.882645137345509312e-02
1.970214843749999645e+01 4.575596348822472820e-02
1.972656249999999645e+01 4.701954941116213288e-02
1.975097656249999645e+01 4.543182685013668481e-02
1.977539062499999645e+01 4.416011695746496768e-02
1.979980468749999645e+01 5.024538972788764046e-02
1.982421874999999645e+01 4.888289090393963671e-02
1.984863281249999645e+01 4.761853887757715870e-02
1.987304687499999645e+01 4.774979420325096979e-02
1.989746093749999645e+01 4.795269177176999381e-02
1.992187499999999645e+01 5.039654045300807905e-02
1.994628906249999645e+01 4.869965986239102596e-02
1.997070312499999645e+01 4.848180123005595837e-02
1.999511718749999645e+01 4.843224940931850631e-02
2.001953124999999645e+01 4.881357409459505248e-02
2.004394531249999645e+01 4.471614969806754492e-02
2.006835937499999645e+01 4.802559876718278525e-02
2.009277343749999645e+01 4.964501378006460491e-02
2.011718749999999645e+01 5.119371348208369421e-02
2.014160156249999645e+01 5.634753936976036326e-02
2.016601562499999645e+01 5.028041547005558665e-02
2.019042968749999645e+01 4.789168727988454832e-02
2.021484374999999645e+01 4.782033567647949596e-02
2.023925781249999645e+01 5.159977840618879680e-02
2.026367187499999645e+01 4.804101071474838752e-02
2.028808593749999645e+01 4.617574671729370722e-02
2.031249999999999645e+01 4.948442075997080969e-02
2.033691406249999645e+01 5.284885922476795922e-02
2.036132812499999645e+01 5.128143892623271416e-02
2.038574218749999645e+01 5.336387279323133448e-02
2.041015624999999645e+01 4.957945418494331263e-02
2.043457031249999645e+01 4.984025561653015329e-02
2.045898437499999645e+01 4.563037348853686559e-02
2.048339843749999645e+01 4.483998359433850195e-02
2.050781249999999645e+01 4.584553255262972110e-02
2.053222656249999645e+01 4.943201781879016932e-02
2.055664062499999645e+01 5.032106664415234715e-02
2.058105468749999645e+01 4.722219534369849481e-02
2.060546874999999645e+01 4.822095597256786242e-02
2.062988281249999645e+01 5.108863459685968056e-02
2.065429687499999645e+01 4.795721736922690243e-02
2.067871093749999645e+01 4.853276644568216280e-02
2.070312499999999645e+01 4.841311443188320990e-02
2.072753906249999645e+01 4.834872826247830352e-02
2.075195312499999645e+01 5.141481905415220405e-02
2.077636718749999645e+01 5.236823746252763923e-02
2.080078124999999645e+01 4.998848307788773815e-02
2.082519531249999645e+01 4.986755547820661411e-02
2.084960937499999645e+01 4.755659780071974652e-02
2.087402343749999645e+01 4.889085655109227241e-02
2.089843749999999645e+01 4.598465234705082644e-02
2.092285156249999645e+01 4.726447292350748758e-02
2.094726562499999645e+01 4.573027156423748601e-02
2.097167968749999645e+01 4.676304337461090199e-02
2.099609374999999645e+01 4.510095734266088979e-02
2.102050781249999645e+01 4.909455708586889927e-02
2.104492187499999645e+01 4.281178419662563100e-02
2.106933593749999645e+01 4.739271398611385328e-02
2.109374999999999645e+01 4.835178778065840621e-02
2.111816406249999645e+01 4.718392261170257368e-02
2.114257812499999645e+01 4.720860935639836081e-02
2.116699218749999645e+01 4.785900662317649212e-02
2.119140624999999645e+01 4.614104701419729365e-02
2.121582031249999645e+01 4.686108228260918440e-02
2.124023437499999645e+01 4.688851280037149155e-02
2.126464843749999645e+01 4.726596628400278610e-02
2.128906249999999645e+01 4.705393900481427000e-02
2.131347656249999645e+01 4.286907057733090054e-02
2.133789062499999645e+01 4.223712289779164158e-02
2.136230468749999645e+01 4.652730407983735050e-02
2.138671874999999645e+01 4.764600936577195744e-02
2.141113281249999645e+01 4.891346378691587005e-02
2.143554687499999645e+01 4.622042302929260660e-02
2.145996093749999645e+01 4.810652086849925152e-02
2.148437499999999645e+01 4.637823897933851525e-02
2.150878906249999645e+01 5.060789279661041112e-02
2.153320312499999645e+01 4.608988298560545011e-02
2.155761718749999645e+01 4.781401822446622318e-02
2.158203124999999645e+01 5.119307635135244422e-02
2.160644531249999645e+01 5.062761915678227337e-02
2.163085937499999645e+01 4.549828772914445152e-02
2.165527343749999645e+01 4.743771867852950713e-02
2.167968749999999645e+01 4.642305487459276458e-02
2.170410156249999645e+01 4.549805082302469522e-02
2.172851562499999645e+01 5.033131165093676640e-02
2.175292968749999645e+01 4.654705457005423735e-02
2.177734374999999645e+01 4.958487619127199819e-02
2.180175781249999645e+01 4.408343601961328684e-02
2.182617187499999645e+01 5.199182322733156975e-02
2.185058593749999645e+01 4.803243691547697675e-02
2.187499999999999645e+01 5.083704782017953866e-02
2.189941406249999645e+01 4.814700025141643164e-02
2.192382812499999645e+01 5.475479740174445109e-02
2.194824218749999645e+01 4.757602679417704400e-02
2.197265624999999645e+01 4.981633369658217819e-02
2.199707031249999645e+01 4.804483531679239888e-02
2.202148437499999645e+01 4.715055795007928874e-02
2.204589843749999645e+01 4.979029283560627156e-02
2.207031249999999645e+01 4.614913388683233170e-02
2.209472656249999645e+01 4.898262012680545952e-02
2.211914062499999645e+01 4.881639413344499717e-02
2.214355468749999645e+01 4.415104288567331392e-02
2.216796874999999645e+01 4.978463990071028272e-02
2.219238281249999645e+01 4.831664024180738065e-02
2.221679687499999645e+01 5.122205133051699333e-02
2.224121093749999645e+01 5.113365242668638233e-02
2.226562499999999645e+01 5.011596831461613555e-02
2.229003906249999645e+01 5.297882052959795168e-02
2.231445312499999645e+01 5.086271707540657855e-02
2.233886718749999645e+01 4.913842629051562438e-02
2.236328124999999645e+01 4.727702308937024867e-02
2.238769531249999645e+01 5.030920829298105024e-02
2.241210937499999645e+01 5.051374653737635695e-02
2.243652343749999645e+01 4.907593761599529647e-02
2.246093749999999645e+01 4.815561647960851788e-02
2.248535156249999645e+01 5.229057040068579160e-02
2.250976562499999645e+01 5.439418501127816358e-02
2.253417968749999645e+01 4.760517923447364630e-02
2.255859374999999645e+01 4.732759736077937068e-02
2.258300781249999645e+01 5.041580668479905131e-02
2.260742187499999645e+01 4.768777113065172241e-02
2.263183593749999645e+01 4.407276310513280615e-02
2.265624999999999645e+01 4.517718980963803671e-02
2.268066406249999645e+01 4.768957020205186886e-02
2.270507812499999645e+01 4.959966498084814740e-02
2.272949218749999645e+01 4.939653624804414556e-02
2.275390624999999645e+01 4.626159562052625102e-02
2.277832031249999645e+01 4.632134940915756671e-02
2.280273437499999645e+01 5.160260213482460723e-02
2.282714843749999645e+01 4.558636810226601721e-02
2.285156249999999645e+01 4.801793250332311858e-02
2.287597656249999645e+01 4.634517679420251807e-02
2.290039062499999645e+01 4.564062480742026723e-02
2.292480468749999645e+01 4.392354259848423731e-02
2.294921874999999645e+01 4.780086130558588997e-02
2.297363281249999645e+01 4.834502991126759380e-02
2.299804687499999645e+01 4.736441883253075108e-02
2.302246093749999645e+01 4.578851820731762168e-02
2.304687499999999645e+01 4.734065545951962606e-02
2.307128906249999645e+01 4.588216025901047102e-02
2.309570312499999645e+01 4.787597135050879887e-02
2.312011718749999645e+01 4.776969008959572327e-02
2.314453124999999645e+01 4.464871952352789802e-02
2.316894531249999645e+01 4.659223979409481825e-02
2.319335937499999645e+01 4.212730094853125301e-02
2.321777343749999645e+01 4.526850647664348165e-02
2.324218749999999645e+01 4.828698483742115827e-02
2.326660156249999645e+01 4.890244056264475558e-02
2.329101562499999645e+01 4.569489540990992471e-02
2.331542968749999645e+01 4.607681783210280935e-02
2.333984374999999645e+01 4.588854339198598919e-02
2.336425781249999645e+01 4.793398110741472345e-02
2.338867187499999645e+01 4.793555376803755597e-02
2.341308593749999645e+01 4.715441192445667118e-02
2.343749999999999645e+01 4.240144531500451147e-02
2.346191406249999645e+01 4.625433167435860637e-02
2.348632812499999645e+01 4.724011678016029614e-02
2.351074218749999645e+01 4.217141407220285215e-02
2.353515624999999645e+01 4.382552509989022516e-02
2.355957031249999645e+01 4.600224950414474184e-02
2.358398437499999645e+01 4.762484649426438482e-02
2.360839843749999645e+01 4.748254599097465056e-02
2.363281249999999645e+01 5.090828660454792265e-02
2.365722656249999645e+01 4.456934211482860286e-02
2.368164062499999645e+01 4.772415925353355043e-02
2.370605468749999645e+01 4.507865413742950106e-02
2.373046874999999645e+01 4.560443955332314087e-02
2.375488281249999645e+01 4.645449297183915083e-02
2.377929687499999645e+01 4.743703689816536340e-02
2.380371093749999645e+01 4.694618042453550105e-02
2.382812499999999645e+01 4.685167893351317725e-02
2.385253906249999645e+01 4.870853456899074119e-02
2.387695312499999645e+01 4.615126143599559971e-02
2.390136718749999645e+01 4.751459083532499211e-02
2.392578124999999645e+01 4.748053392407450973e-02
2.395019531249999645e+01 4.672948335811350634e-02
2.397460937499999645e+01 4.822535228159558623e-02
2.399902343749999645e+01 4.547412707866066439e-02
2.402343749999999645e+01 4.554792425066781641e-02
2.404785156249999645e+01 4.341423165134031259e-02
2.407226562499999645e+01 4.213895218090157185e-02
2.409667968749999645e+01 4.822222817345362539e-02
2.412109374999999645e+01 4.403891773345676441e-02
2.414550781249999645e+01 4.599766567646426663e-02
2.416992187499999645e+01 4.691611660574405984e-02
2.419433593749999645e+01 4.592127898593732771e-02
2.421874999999999645e+01 4.839010493884197961e-02
2.424316406249999645e+01 4.575035253164067700e-02
2.426757812499999645e+01 4.727760415039115871e-02
2.429199218749999645e+01 4.561868286173081238e-02
2.431640624999999645e+01 4.484230770472844713e-02
2.434082031249999645e+01 4.634642546582400102e-02
2.436523437499999645e+01 4.476751991669767478e-02
2.438964843749999645e+01 4.584718869321307427e-02
2.441406249999999645e+01 4.403468935174145032e-02
2.443847656249999645e+01 4.360860403566654830e-02
2.446289062499999645e+01 4.378589561566818833e-02
2.448730468749999645e+01 4.377353915346925833e-02
2.451171874999999645e+01 4.445299092528250812e-02
2.453613281249999645e+01 4.681558858282150459e-02
2.456054687499999645e+01 4.654013228247375067e-02
2.458496093749999645e+01 4.617653922012981971e-02
2.460937499999999645e+01 4.808957599920055809e-02
2.463378906249999645e+01 4.444395075800885997e-02
2.465820312499999645e+01 4.586719758727966778e-02
2.468261718749999645e+01 4.730119549867248946e-02
2.470703124999999645e+01 4.889086288412752140e-02
2.473144531249999645e+01 4.609448945152563870e-02
2.475585937499999645e+01 4.553950866997218822e-02
2.478027343749999645e+01 4.792820941752600622e-02
2.480468749999999645e+01 5.025748105123119258e-02
2.482910156249999645e+01 4.635665220974984069e-02
2.485351562499999645e+01 4.341733620914659669e-02
2.487792968749999645e+01 4.366102662679011842e-02
2.490234374999999645e+01 4.712767139835303404e-02
2.492675781249999645e+01 4.744230143847594922e-02
2.495117187499999645e+01 4.264747209488641000e-02
2.497558593749999645e+01 4.671954535029329558e-02
2.499999999999999645e+01 4.518542307386509693e-02
2.502441406249999645e+01 4.536777395073104957e-02
2.504882812499999645e+01 4.448585216385895352e-02
2.507324218749999645e+01 4.823621588677632493e-02
2.509765624999999645e+01 4.728138427698989205e-02
2.512207031249999645e+01 4.532748310759323468e-02
2.514648437499999645e+01 4.396768386755471603e-02
2.517089843749999645e+01 4.131297564153679769e-02
2.519531249999999645e+01 4.494603685903707235e-02
2.521972656249999645e+01 4.556863668498609826e-02
2.524414062499999645e+01 4.434127336256263319e-02
2.526855468749999645e+01 4.607718596966334235e-02
2.529296874999999645e+01 4.570752957179732151e-02
2.531738281249999645e+01 4.693572994012178146e-02
2.534179687499999645e+01 5.206093056145286863e-02
2.536621093749999645e+01 4.801106520532241739e-02
2.539062499999999645e+01 4.497884984425316868e-02
2.541503906249999645e+01 4.819500924786770252e-02
2.543945312499999645e+01 4.931355409820892960e-02
2.546386718749999645e+01 4.681867787075628257e-02
2.548828124999999645e+01 5.069203235133703384e-02
2.551269531249999645e+01 4.501368531183472937e-02
2.553710937499999645e+01 4.808560338213992147e-02
2.556152343749999645e+01 4.637434153983198415e-02
2.558593749999999645e+01 4.423936251976856582e-02
2.561035156249999645e+01 4.738289127887871516e-02
2.563476562499999645e+01 4.711291529339255157e-02
2.565917968749999645e+01 4.896956254010888243e-02
2.568359374999999645e+01 4.529677682955607354e-02
2.570800781249999645e+01 4.501946855669879122e-02
2.573242187499999645e+01 4.542265197433453805e-02
2.575683593749999645e+01 4.629196274569487984e-02
2.578124999999999645e+01 4.366377487881833303e-02
2.580566406249999645e+01 4.483928677752901937e-02
2.583007812499999645e+01 4.490359689177839814e-02
2.585449218749999645e+01 4.775399335011630553e-02
2.587890624999999645e+01 5.107518194575896842e-02
2.590332031249999645e+01 4.271788523782972524e-02
2.592773437499999645e+01 4.627050792899688875e-02
2.595214843749999645e+01 4.977056937317226454e-02
2.597656249999999645e+01 4.704303892786233093e-02
2.600097656249999645e+01 4.609089447409540907e-02
2.602539062499999645e+01 4.613437974013472748e-02
2.604980468749999645e+01 4.574384749842289044e-02
2.607421874999999645e+01 4.721965227874266868e-02
2.609863281249999645e+01 4.557900065973342907e-02
2.612304687499999645e+01 4.650206982129346384e-02
2.614746093749999645e+01 4.660493570804768310e-02
2.617187499999999645e+01 4.660745036009463632e-02
2.619628906249999645e+01 4.316780036100515555e-02
2.622070312499999645e+01 4.313831534033692183e-02
2.624511718749999645e+01 4.651382840651824280e-02
2.626953124999999645e+01 4.551737611278967172e-02
2.629394531249999645e+01 4.489199990886418717e-02
2.631835937499999645e+01 4.769272436961753681e-02
2.634277343749999645e+01 4.499533858040834916e-02
2.636718749999999645e+01 4.275355215152862320e-02
2.639160156249999645e+01 4.616889335891596197e-02
2.641601562499999645e+01 4.438560725359202291e-02
2.644042968749999645e+01 4.347885786137167113e-02
2.646484374999999645e+01 4.677458172255102853e-02
2.648925781249999645e+01 4.297398776659653447e-02
2.651367187499999645e+01 4.561235976782982565e-02
2.653808593749999645e+01 4.700294951698114065e-02
2.656249999999999645e+01 4.619315603461635056e-02
2.658691406249999645e+01 4.662905603301469026e-02
2.661132812499999645e+01 4.193304837929300727e-02
2.663574218749999645e+01 4.679050457782405609e-02
2.666015624999999645e+01 4.420590331160053482e-02
2.668457031249999645e+01 4.683969600725877008e-02
2.670898437499999645e+01 4.488575341015714482e-02
2.673339843749999645e+01 4.547576610523258733e-02
2.675781249999999645e+01 4.539777692652664787e-02
2.678222656249999645e+01 4.371633578786347091e-02
2.680664062499999645e+01 4.417791888950602791e-02
2.683105468749999645e+01 4.269496410618146137e-02
2.685546874999999645e+01 4.728831669698261436e-02
2.687988281249999645e+01 4.705175924171277335e-02
2.690429687499999645e+01 5.157517795262360483e-02
2.692871093749999645e+01 4.731674225846437681e-02
2.695312499999999645e+01 4.953409237980313518e-02
2.697753906249999645e+01 4.630913246658015237e-02
2.700195312499999645e+01 4.580499262212910788e-02
2.702636718749999645e+01 4.469616474415941121e-02
2.705078124999999645e+01 4.436766271588049593e-02
2.707519531249999645e+01 4.623393800612034948e-02
2.709960937499999645e+01 4.682068912304418462e-02
2.712402343749999645e+01 4.743142037884982842e-02
2.714843749999999645e+01 4.786360676343553999e-02
2.717285156249999645e+01 4.753218391794750142e-02
2.719726562499999645e+01 4.448679906828410802e-02
2.722167968749999645e+01 4.739088777790428225e-02
2.724609374999999645e+01 4.524167250725473488e-02
2.727050781249999645e+01 4.998981512180549619e-02
2.729492187499999645e+01 5.047365918324341061e-02
2.731933593749999645e+01 4.659198302256285784e-02
2.734374999999999645e+01 4.649407496845759519e-02
2.736816406249999645e+01 4.243593095087686007e-02
2.739257812499999645e+01 4.162780390617831089e-02
2.741699218749999645e+01 4.612620161642697753e-02
2.744140624999999645e+01 4.818628436664783299e-02
2.746582031249999645e+01 5.049884214139847838e-02
2.749023437499999645e+01 4.538762396816638234e-02
2.751464843749999645e+01 4.544547652609806643e-02
2.753906249999999645e+01 5.030655805451932777e-02
2.756347656249999645e+01 4.573049234556354065e-02
2.758789062499999645e+01 4.611718209468529395e-02
2.761230468749999645e+01 4.523329210589940863e-02
2.763671874999999645e+01 4.585567458540873442e-02
2.766113281249999645e+01 4.534938418427845314e-02
2.768554687499999645e+01 4.256186845114819095e-02
2.770996093749999645e+01 4.259968474869943456e-02
2.773437499999999645e+01 4.676100088228540841e-02
2.775878906249999645e+01 4.846960735199362658e-02
2.778320312499999645e+01 4.447454870915744374e-02
2.780761718749999645e+01 4.378291068673444142e-02
2.783203124999999645e+01 4.142101636416104654e-02
2.785644531249999645e+01 4.643574916177809625e-02
2.788085937499999645e+01 4.289306963772704373e-02
2.790527343749999645e+01 4.528514400653608357e-02
2.792968749999999645e+01 4.674160955259687444e-02
2.795410156249999645e+01 4.623465959464601732e-02
2.797851562499999645e+01 4.419058073054109997e-02
2.800292968749999645e+01 4.544699504064246554e-02
2.802734374999999645e+01 4.435437663943260500e-02
2.805175781249999645e+01 4.550903031502727403e-02
2.807617187499999645e+01 4.277456898466866497e-02
2.810058593749999645e+01 4.521744159770505617e-02
2.812499999999999645e+01 4.303812918926307879e-02
2.814941406249999645e+01 4.395563981601219999e-02
2.817382812499999645e+01 4.973675922651849685e-02
2.819824218749999645e+01 4.863402861055879378e-02
2.822265624999999645e+01 4.625584464063906692e-02
2.824707031249999645e+01 5.006167007836739846e-02
2.827148437499999645e+01 4.823243381505858129e-02
2.829589843749999645e+01 4.583980352551262488e-02
2.832031249999999645e+01 4.708506009734769043e-02
2.834472656249999645e+01 4.733840196371191106e-02
2.836914062499999645e+01 4.490598416185054287e-02
2.839355468749999645e+01 4.456315517782082763e-02
2.841796874999999645e+01 4.536508970888242231e-02
2.844238281249999645e+01 4.527153143150892262e-02
2.846679687499999645e+01 4.591496243874682720e-02
2.849121093749999645e+01 4.753641220916578203e-02
2.851562499999999645e+01 4.595339235678302242e-02
2.854003906249999645e+01 4.336393121205127377e-02
2.856445312499999645e+01 4.602843115944189184e-02
2.858886718749999645e+01 4.558194580505462584e-02
2.861328124999999645e+01 4.890931259723911573e-02
2.863769531249999645e+01 4.718547668898991077e-02
2.866210937499999645e+01 4.885672265795389102e-02
2.868652343749999645e+01 4.438788763444734969e-02
2.871093749999999645e+01 4.165103599140280999e-02
2.873535156249999645e+01 4.486329408433971377e-02
2.875976562499999645e+01 4.555460890774508387e-02
2.878417968749999645e+01 4.674538375524765754e-02
2.880859374999999645e+01 4.431738503219951469e-02
2.883300781249999645e+01 4.652712333312671034e-02
2.885742187499999645e+01 4.557644601210687069e-02
2.888183593749999645e+01 4.570443025617949157e-02
2.890624999999999645e+01 4.694933855992779875e-02
2.893066406249999645e+01 4.707642098568732419e-02
2.895507812499999645e+01 4.696740074318920405e-02
2.897949218749999645e+01 4.394545271908473910e-02
2.900390624999999645e+01 4.587929063047674338e-02
2.902832031249999645e+01 4.248512653013999940e-02
2.905273437499999645e+01 4.576858891965033399e-02
2.907714843749999645e+01 4.412408882148519118e-02
2.910156249999999645e+01 4.275873608864001058e-02
2.912597656249999645e+01 4.501402316578320684e-02
2.915039062499999645e+01 4.622319983369264917e-02
2.917480468749999645e+01 4.546623059303716435e-02
2.919921874999999645e+01 4.163638223731635363e-02
2.922363281249999645e+01 4.698592013530829975e-02
2.924804687499999645e+01 4.966271907666928997e-02
2.927246093749999645e+01 5.009298527102432064e-02
2.929687499999999645e+01 4.382411793006583262e-02
2.932128906249999645e+01 4.647297182966327739e-02
2.934570312499999645e+01 4.549255454789550429e-02
2.937011718749999645e+01 4.246782419391766095e-02
2.939453124999999645e+01 4.221063909618778115e-02
2.941894531249999645e+01 4.406033813796458865e-02
2.944335937499999645e+01 4.578128033529950403e-02
2.946777343749999645e+01 4.536901300332597115e-02
2.949218749999999645e+01 4.490258568815467394e-02
2.951660156249999645e+01 4.392894553233068350e-02
2.954101562499999645e+01 4.762018634239764681e-02
2.956542968749999645e+01 4.431465361827874316e-02
2.958984374999999645e+01 4.406568864571264177e-02
2.961425781249999645e+01 4.597479479806863834e-02
2.963867187499999645e+01 4.346020665405737893e-02
2.966308593749999645e+01 4.675094272614362806e-02
2.968749999999999645e+01 4.099605892995956957e-02
2.971191406249999645e+01 4.675338842309120085e-02
2.973632812499999645e+01 4.553193068116118819e-02
2.976074218749999645e+01 5.155307924282569870e-02
2.978515624999999645e+01 4.766392728028250730e-02
2.980957031249999645e+01 4.427151551642607985e-02
2.983398437499999645e+01 4.298319823642845344e-02
2.985839843749999645e+01 4.738619833697330086e-02
2.988281249999999645e+01 4.709859992973094989e-02
2.990722656249999645e+01 4.562252450468511772e-02
2.993164062499999645e+01 4.713337341622791943e-02
2.995605468749999645e+01 5.008602566043778015e-02
2.998046874999999645e+01 4.467553880515809372e-02
3.000488281249999645e+01 4.591768059760726467e-02
3.002929687499999645e+01 4.583368991645313251e-02
3.005371093749999645e+01 4.675152245620266961e-02
3.007812499999999645e+01 4.266558577651279743e-02
3.010253906249999645e+01 4.489158781837479517e-02
3.012695312499999645e+01 4.635538582010716863e-02
3.015136718749999645e+01 4.380626689439866273e-02
3.017578124999999645e+01 4.523889937019220236e-02
3.020019531249999645e+01 4.598984627108031881e-02
3.022460937499999645e+01 4.784025068600464281e-02
3.024902343749999645e+01 4.675398581678387455e-02
3.027343749999999645e+01 4.599536136589937874e-02
3.029785156249999645e+01 4.560161664517745767e-02
3.032226562499999645e+01 4.389778603124386280e-02
3.034667968749999645e+01 4.668987097793200064e-02
3.037109374999999645e+01 4.566947980422484538e-02
3.039550781249999645e+01 4.735992629291278094e-02
3.041992187499999645e+01 4.651359168655429949e-02
3.044433593749999645e+01 4.617827646458096819e-02
3.046874999999999645e+01 4.565874376371874960e-02
3.049316406249999645e+01 4.717339670992381356e-02
3.051757812499999645e+01 4.627896565324599032e-02
3.054199218749999645e+01 4.494571850860177437e-02
3.056640624999999645e+01 4.342596136063473639e-02
3.059082031249999645e+01 4.629235445320130371e-02
3.061523437499999645e+01 4.409314738289966257e-02
3.063964843749999645e+01 4.857477014373541568e-02
3.066406249999999645e+01 4.523556758264220268e-02
3.068847656249999645e+01 4.919063552127429795e-02
3.071289062499999645e+01 4.593326244351437354e-02
3.073730468749999645e+01 4.528291537905475284e-02
3.076171874999999645e+01 4.910331545765677513e-02
3.078613281249999645e+01 4.501498169298651097e-02
3.081054687499999645e+01 4.558997754258854729e-02
3.083496093749999645e+01 4.513998329008351434e-02
3.085937499999999645e+01 4.435970243373463934e-02
3.088378906249999645e+01 4.471424815892896532e-02
3.090820312499999645e+01 4.430710817933246337e-02
3.093261718749999645e+01 4.539264453650699443e-02
3.095703124999999645e+01 4.533308482184869592e-02
3.098144531249999645e+01 4.114611643951029962e-02
3.100585937499999645e+01 4.260383363774220694e-02
3.103027343749999645e+01 4.454551137598754262e-02
3.105468749999999645e+01 4.633930007126373096e-02
3.107910156249999645e+01 4.128821818056666038e-02
3.110351562499999645e+01 4.440677583136194012e-02
3.112792968749999645e+01 4.478209656261430971e-02
3.115234374999999645e+01 4.253370678079022860e-02
3.117675781249999645e+01 4.700076634855985397e-02
3.120117187499999645e+01 4.565123908263526292e-02
3.122558593749999645e+01 4.622991142962641631e-02
3.124999999999999645e+01 4.459532699544879047e-02
3.127441406249999645e+01 4.228151180432546813e-02
3.129882812499999645e+01 4.562833572408608179e-02
3.132324218749999645e+01 4.601784410315078178e-02
3.134765624999999645e+01 4.698866551439257605e-02
3.137207031249999645e+01 4.698362731122426861e-02
3.139648437499999645e+01 4.681481215272290108e-02
3.142089843749999645e+01 4.869251947710411671e-02
3.144531249999999645e+01 4.651646925293621143e-02
3.146972656249999645e+01 4.703846276270767790e-02
3.149414062499999645e+01 4.724792782732852719e-02
3.151855468749999645e+01 4.576511252571045102e-02
3.154296874999999645e+01 4.427080862171856035e-02
3.156738281249999645e+01 4.765665343720912328e-02
3.159179687499999645e+01 4.312655232728316440e-02
3.161621093749999645e+01 4.181938636286817307e-02
3.164062499999999645e+01 4.262145651610882435e-02
3.166503906249999645e+01 4.747569913100139344e-02
3.168945312499999645e+01 4.593984570184655308e-02
3.171386718749999645e+01 4.382885163959160391e-02
3.173828124999999645e+01 4.278480482434157683e-02
3.176269531249999645e+01 4.509744992027238386e-02
3.178710937499999645e+01 4.727168409307837965e-02
3.181152343749999645e+01 4.584372021930621655e-02
3.183593749999999645e+01 4.596111015363127383e-02
3.186035156249999645e+01 4.618175520303215847e-02
3.188476562499999645e+01 4.661024238523012175e-02
3.190917968749999645e+01 4.441733116266256831e-02
3.193359374999999645e+01 4.647739034095014349e-02
3.195800781249999645e+01 4.960353749382036270e-02
3.198242187499999645e+01 4.636725146811058323e-02
3.200683593749999289e+01 4.437823602588907707e-02
3.203124999999999289e+01 4.541020455535680483e-02
3.205566406249999289e+01 4.463297622512143320e-02
3.208007812499999289e+01 4.805093899808512981e-02
3.210449218749999289e+01 4.706890343022513551e-02
3.212890624999999289e+01 4.727499184159372064e-02
3.215332031249999289e+01 4.378075317941677869e-02
3.217773437499999289e+01 4.486354411932704650e-02
3.220214843749999289e+01 4.298901740580523406e-02
3.222656249999999289e+01 4.624919089085680057e-02
3.225097656249999289e+01 4.595511608702797929e-02
3.227539062499999289e+01 4.368100451700093756e-02
3.229980468749999289e+01 4.033496181753849774e-02
3.232421874999999289e+01 4.639005945754625521e-02
3.234863281249999289e+01 4.503006812323637198e-02
3.237304687499999289e+01 4.352960563448558112e-02
3.239746093749999289e+01 4.701543935794616491e-02
3.242187499999999289e+01 4.702118568517255764e-02
3.244628906249999289e+01 4.192394602895121308e-02
3.247070312499999289e+01 4.511634920572916291e-02
3.249511718749999289e+01 4.340482346285277210e-02
3.251953124999999289e+01 4.742176076844392685e-02
3.254394531249999289e+01 4.412646940494872189e-02
3.256835937499999289e+01 4.453631122033203243e-02
3.259277343749999289e+01 4.570027440429798998e-02
3.261718749999999289e+01 4.611170262244587009e-02
3.264160156249999289e+01 4.241030329518834935e-02
3.266601562499999289e+01 4.634028037641384212e-02
3.269042968749999289e+01 4.498133383926090911e-02
3.271484374999999289e+01 4.436190239585224154e-02
3.273925781249999289e+01 4.321827250705395640e-02
3.276367187499999289e+01 4.566207013781382884e-02
3.278808593749999289e+01 4.622317138583732082e-02
3.281249999999999289e+01 4.425025301335366174e-02
3.283691406249999289e+01 4.865950930698319243e-02
3.286132812499999289e+01 4.607339399639744787e-02
3.288574218749999289e+01 4.503043987600344189e-02
3.291015624999999289e+01 4.445185293571120300e-02
3.293457031249999289e+01 4.525923671755572447e-02
3.295898437499999289e+01 4.575602952762446163e-02
3.298339843749999289e+01 4.563786278844628869e-02
3.300781249999999289e+01 4.727292384525422220e-02
3.303222656249999289e+01 4.493511263601269318e-02
3.305664062499999289e+01 4.118448303129761123e-02
3.308105468749999289e+01 4.264307477035299970e-02
3.310546874999999289e+01 4.538765139282285171e-02
3.312988281249999289e+01 4.236536036082785145e-02
3.315429687499999289e+01 4.187559612049495533e-02
3.317871093749999289e+01 4.370288011341919715e-02
3.320312499999999289e+01 4.474076115442347790e-02
3.322753906249999289e+01 4.716557717256393556e-02
3.325195312499999289e+01 4.625651581296412462e-02
3.327636718749999289e+01 4.603365259477500832e-02
3.330078124999999289e+01 4.931003321845224552e-02
3.332519531249999289e+01 4.503662476823565297e-02
3.334960937499999289e+01 4.947601407076708535e-02
3.337402343749999289e+01 4.815334637424964481e-02
3.339843749999999289e+01 4.626268293916548785e-02
3.342285156249999289e+01 4.668179040574908789e-02
3.344726562499999289e+01 4.403839766100471620e-02
3.347167968749999289e+01 4.747951622741782007e-02
3.349609374999999289e+01 4.441718661871964929e-02
3.352050781249999289e+01 4.427311337619878329e-02
3.354492187499999289e+01 4.464344048463731590e-02
3.356933593749999289e+01 4.347336879881667088e-02
3.359374999999999289e+01 4.578724956227010756e-02
3.361816406249999289e+01 4.384165541335353217e-02
3.364257812499999289e+01 4.558511561184483418e-02
3.366699218749999289e+01 4.146474446052998697e-02
3.369140624999999289e+01 4.889253875191051230e-02
3.371582031249999289e+01 4.743536284615591098e-02
3.374023437499999289e+01 4.248052871800570701e-02
3.376464843749999289e+01 4.408820103040880789e-02
3.378906249999999289e+01 4.335097319365180391e-02
3.381347656249999289e+01 4.601263913229827057e-02
3.383789062499999289e+01 4.442708289206834249e-02
3.386230468749999289e+01 4.517786099435920633e-02
3.388671874999999289e+01 4.402315550873039246e-02
3.391113281249999289e+01 4.165781446496456125e-02
3.393554687499999289e+01 4.306007855948704166e-02
3.395996093749999289e+01 4.519765285941485661e-02
3.398437499999999289e+01 4.723052051425558756e-02
3.400878906249999289e+01 4.883144685169978766e-02
3.403320312499999289e+01 4.621212228425723711e-02
3.405761718749999289e+01 4.478353565407474507e-02
3.408203124999999289e+01 4.544015014420117737e-02
3.410644531249999289e+01 4.468822736336250379e-02
3.413085937499999289e+01 4.687640598599546182e-02
3.415527343749999289e+01 4.574590840951779647e-02
3.417968749999999289e+01 4.335714313737428632e-02
3.420410156249999289e+01 4.409034436339581003e-02
3.422851562499999289e+01 4.431464575007976192e-02
3.425292968749999289e+01 4.286620130970458797e-02
3.427734374999999289e+01 4.583293480826471089e-02
3.430175781249999289e+01 4.796582847770833324e-02
3.432617187499999289e+01 4.526747026716285149e-02
3.435058593749999289e+01 4.536626978373994173e-02
3.437499999999999289e+01 4.092855166717033338e-02
3.439941406249999289e+01 4.315212514214537137e-02
3.442382812499999289e+01 4.777454902798867337e-02
3.444824218749999289e+01 4.980918505840865179e-02
3.447265624999999289e+01 4.636847601661890639e-02
3.449707031249999289e+01 4.420980449590831279e-02
3.452148437499999289e+01 4.719488912648961421e-02
3.454589843749999289e+01 4.735164194113943015e-02
3.457031249999999289e+01 4.504822311852161448e-02
3.459472656249999289e+01 4.116384669047862266e-02
3.461914062499999289e+01 4.425275815095151832e-02
3.464355468749999289e+01 4.491939883464112632e-02
3.466796874999999289e+01 4.884249574025976981e-02
3.469238281249999289e+01 4.559541590095540081e-02
3.471679687499999289e+01 4.725116691226895899e-02
3.474121093749999289e+01 4.655606823526840798e-02
3.476562499999999289e+01 4.680447056358546382e-02
3.479003906249999289e+01 4.628501399777568137e-02
3.481445312499999289e+01 4.385714235408876699e-02
3.483886718749999289e+01 4.410465099911779069e-02
3.486328124999999289e+01 4.759932558360730620e-02
3.488769531249999289e+01 4.240769517807647243e-02
3.491210937499999289e+01 4.318389632553203822e-02
3.493652343749999289e+01 4.515178932686050167e-02
3.496093749999999289e+01 4.181091281932145659e-02
3.498535156249999289e+01 4.484487177182236439e-02
