# freq_THz coherence
0.000000000000000000e+00 6.744948982001236493e-02
2.441406249999999653e-02 6.833078321083388418e-02
4.882812499999999306e-02 8.662775962838005495e-02
7.324218749999998612e-02 9.475181831220906570e-02
9.765624999999998612e-02 1.193132829479684048e-01
1.220703124999999861e-01 9.820720039229328957e-02
1.464843749999999722e-01 8.663159135914881570e-02
1.708984374999999722e-01 8.036449340704525379e-02
1.953124999999999722e-01 1.168827639215840181e-01
2.197265624999999722e-01 3.272894426275324009e-01
2.441406249999999722e-01 3.188397687596299379e-01
2.685546874999999445e-01 8.943448185219884938e-02
2.929687499999999445e-01 6.819110034025316347e-02
3.173828124999999445e-01 5.646574061595537042e-02
3.417968749999999445e-01 6.473866629653593496e-02
3.662109374999999445e-01 7.318151325527080808e-02
3.906249999999999445e-01 7.570555775933165976e-02
4.150390624999999445e-01 6.588459752429506877e-02
4.394531249999999445e-01 6.266412762267843661e-02
4.638671874999999445e-01 8.061296081213488451e-02
4.882812499999999445e-01 6.468785359768104704e-02
5.126953124999998890e-01 6.485446669455190161e-02
5.371093749999998890e-01 6.150046753815550243e-02
5.615234374999998890e-01 6.405147752446721521e-02
5.859374999999998890e-01 6.021736213762930723e-02
6.103515624999998890e-01 6.232256002857169269e-02
6.347656249999998890e-01 6.692417894503895071e-02
6.591796874999998890e-01 6.504857016499765443e-02
6.835937499999998890e-01 7.041520358937949919e-02
7.080078124999998890e-01 7.092615041743598192e-02
7.324218749999998890e-01 8.035839639225221542e-02
7.568359374999998890e-01 8.805386654505384381e-02
7.812499999999998890e-01 9.239525507570246765e-02
8.056640624999998890e-01 1.564186532226964077e-01
8.300781249999998890e-01 2.782237139590567065e-01
8.544921874999998890e-01 1.950786296267587316e-01
8.789062499999998890e-01 1.053830788759389930e-01
9.033203124999998890e-01 9.155473089738630499e-02
9.277343749999998890e-01 1.304170127237032628e-01
9.521484374999998890e-01 1.467737043514700523e-01
9.765624999999998890e-01 1.833360580855171729e-01
1.000976562499999778e+00 2.029447631146280573e-01
1.025390624999999778e+00 1.290311751341255975e-01
1.049804687499999778e+00 1.205614939551249293e-01
1.074218749999999778e+00 1.539074476399724389e-01
1.098632812499999778e+00 1.644111277879497512e-01
1.123046874999999778e+00 1.327901824567960243e-01
1.147460937499999778e+00 1.173016322187906829e-01
1.171874999999999778e+00 1.375149348356263235e-01
1.196289062499999778e+00 1.456112418246220674e-01
1.220703124999999778e+00 1.993100318567728457e-01
1.245117187499999778e+00 1.749572624353967210e-01
1.269531249999999778e+00 1.691667905543390027e-01
1.293945312499999778e+00 1.655098649504086750e-01
1.318359374999999778e+00 1.957564683545197914e-01
1.342773437499999778e+00 2.304980861686909965e-01
1.367187499999999778e+00 1.842527561972760464e-01
1.391601562499999778e+00 1.652952221583366410e-01
1.416015624999999778e+00 1.828158609902116871e-01
1.440429687499999778e+00 1.692423522425029192e-01
1.464843749999999778e+00 1.272597623320409210e-01
1.489257812499999778e+00 1.113696119060659656e-01
1.513671874999999778e+00 1.406022303465842838e-01
1.538085937499999778e+00 1.624433868434928263e-01
1.562499999999999778e+00 1.363842593740349218e-01
1.586914062499999778e+00 1.477024068910540444e-01
1.611328124999999778e+00 1.279001164289375325e-01
1.635742187499999778e+00 1.056626938818015782e-01
1.660156249999999778e+00 9.800293770826133677e-02
1.684570312499999778e+00 1.144222398000593610e-01
1.708984374999999778e+00 1.032058382781660816e-01
1.733398437499999778e+00 1.000538413483441774e-01
1.757812499999999778e+00 9.404214355732123942e-02
1.782226562499999778e+00 9.382566539664322081e-02
1.806640624999999778e+00 9.128490034645560247e-02
1.831054687499999778e+00 8.965474149231898726e-02
1.855468749999999778e+00 9.739756242875036163e-02
1.879882812499999778e+00 8.825422460627536936e-02
1.904296874999999778e+00 9.585108079864841646e-02
1.928710937499999778e+00 9.625016552089403488e-02
1.953124999999999778e+00 1.070765995177133945e-01
1.977539062499999778e+00 1.107935055432708593e-01
2.001953124999999556e+00 1.061842503509581453e-01
2.026367187499999556e+00 9.613727128530730193e-02
2.050781249999999556e+00 7.357502913077894335e-02
2.075195312499999556e+00 7.186494245530043734e-02
2.099609374999999556e+00 7.507660417686329302e-02
2.124023437499999556e+00 7.582998222156105139e-02
2.148437499999999556e+00 7.558401303093156831e-02
2.172851562499999556e+00 7.088957066436195331e-02
2.197265624999999556e+00 6.946090041190272624e-02
2.221679687499999556e+00 6.430248475003069730e-02
2.246093749999999556e+00 6.990313774743342479e-02
2.270507812499999556e+00 6.520370848925061136e-02
2.294921874999999556e+00 6.621305826199912203e-02
2.319335937499999556e+00 6.925167992257118266e-02
2.343749999999999556e+00 7.374689333837068650e-02
2.368164062499999556e+00 6.817865888052342116e-02
2.392578124999999556e+00 6.884843241800585323e-02
2.416992187499999556e+00 6.957507824003732189e-02
2.441406249999999556e+00 7.295138583859298032e-02
2.465820312499999556e+00 6.797527882249718156e-02
2.490234374999999556e+00 6.581882707991332238e-02
2.514648437499999556e+00 6.172772625922310491e-02
2.539062499999999556e+00 6.578273155509160863e-02
2.563476562499999556e+00 6.256542845392100427e-02
2.587890624999999556e+00 6.906763374971099101e-02
2.612304687499999556e+00 6.400903920573895733e-02
2.636718749999999556e+00 5.993649463154642615e-02
2.661132812499999556e+00 6.177674521592688150e-02
2.685546874999999556e+00 6.436658726822050425e-02
2.709960937499999556e+00 6.009831452741151020e-02
2.734374999999999556e+00 6.512166653692033624e-02
2.758789062499999556e+00 6.659669344316591910e-02
2.783203124999999556e+00 6.517104756274817723e-02
2.807617187499999556e+00 5.825408869598306533e-02
2.832031249999999556e+00 5.643526388697062829e-02
2.856445312499999556e+00 6.215265537317826022e-02
2.880859374999999556e+00 5.804085616735576297e-02
2.905273437499999556e+00 5.684182423484700902e-02
2.929687499999999556e+00 6.275885708399937812e-02
2.954101562499999556e+00 6.064009690740853470e-02
2.978515624999999556e+00 5.828125724760863796e-02
3.002929687499999556e+00 4.834501066114089279e-02
3.027343749999999556e+00 5.186231000115697209e-02
3.051757812499999556e+00 5.422794110206427542e-02
3.076171874999999556e+00 6.117990751148618539e-02
3.100585937499999556e+00 5.632235304587791813e-02
3.124999999999999556e+00 5.730719501462684662e-02
3.149414062499999556e+00 5.655839979953380253e-02
3.173828124999999556e+00 5.759467528141037213e-02
3.198242187499999556e+00 5.408017915077028420e-02
3.222656249999999556e+00 5.468581471364263036e-02
3.247070312499999556e+00 5.444879529811105789e-02
3.271484374999999556e+00 5.759774390902088620e-02
3.295898437499999556e+00 5.187744970527707888e-02
3.320312499999999556e+00 4.935183952088535025e-02
3.344726562499999556e+00 5.367447550056738542e-02
3.369140624999999556e+00 5.092878771819749073e-02
3.393554687499999556e+00 4.968778337838777870e-02
3.417968749999999556e+00 5.060356918934152265e-02
3.442382812499999556e+00 5.032249356045552513e-02
3.466796874999999556e+00 4.964077915147425274e-02
3.491210937499999556e+00 5.110323244403912335e-02
3.515624999999999556e+00 5.105216691151150121e-02
3.540039062499999556e+00 5.403856420378323061e-02
3.564453124999999556e+00 5.377239469675309386e-02
3.588867187499999556e+00 5.211547218294965839e-02
3.613281249999999556e+00 5.125619150976283567e-02
3.637695312499999556e+00 5.082038439490561138e-02
3.662109374999999556e+00 5.402499271259763453e-02
3.686523437499999556e+00 5.733142702300417226e-02
3.710937499999999556e+00 5.216118144810431151e-02
3.735351562499999556e+00 5.054097130293321027e-02
3.759765624999999556e+00 5.053288588290234806e-02
3.784179687499999556e+00 5.094348473847037234e-02
3.808593749999999556e+00 5.577821246207678718e-02
3.833007812499999556e+00 5.053955579505933771e-02
3.857421874999999556e+00 4.742326117154459925e-02
3.881835937499999556e+00 5.097687396209639454e-02
3.906249999999999556e+00 5.325097655053617068e-02
3.930664062499999556e+00 5.439351020019066868e-02
3.955078124999999556e+00 5.399009586625401480e-02
3.979492187499999556e+00 5.043437356110844899e-02
4.003906249999999112e+00 4.966302820407393626e-02
4.028320312499999112e+00 5.550877737217654179e-02
4.052734374999999112e+00 5.287042682443220121e-02
4.077148437499999112e+00 5.395391828856199029e-02
4.101562499999999112e+00 5.107585069025092489e-02
4.125976562499999112e+00 5.484135155429251118e-02
4.150390624999999112e+00 5.607402794515650712e-02
4.174804687499999112e+00 5.420801548287392663e-02
4.199218749999999112e+00 5.136532142202228368e-02
4.223632812499999112e+00 5.295002095436789069e-02
4.248046874999999112e+00 5.301699388373394550e-02
4.272460937499999112e+00 5.342959557171152174e-02
4.296874999999999112e+00 4.721222660089425399e-02
4.321289062499999112e+00 4.984334552313123001e-02
4.345703124999999112e+00 5.276741152140641822e-02
4.370117187499999112e+00 4.977944280482254208e-02
4.394531249999999112e+00 4.984139507870348484e-02
4.418945312499999112e+00 5.512208659723544929e-02
4.443359374999999112e+00 5.257623401859972539e-02
4.467773437499999112e+00 5.190858356293510251e-02
4.492187499999999112e+00 5.149656962926983661e-02
4.516601562499999112e+00 5.396525269540601577e-02
4.541015624999999112e+00 4.959533241992489239e-02
4.565429687499999112e+00 5.012462718809052725e-02
4.589843749999999112e+00 5.203799579043488777e-02
4.614257812499999112e+00 4.872826623526617384e-02
4.638671874999999112e+00 4.406184734762135652e-02
4.663085937499999112e+00 4.914164904679536178e-02
4.687499999999999112e+00 4.753902272809187174e-02
4.711914062499999112e+00 4.853393315689204929e-02
4.736328124999999112e+00 5.447902782797407750e-02
4.760742187499999112e+00 5.090816619732237147e-02
4.785156249999999112e+00 5.068556873385778039e-02
4.809570312499999112e+00 4.988840302628674145e-02
4.833984374999999112e+00 4.746769114519257260e-02
4.858398437499999112e+00 5.309271027871469151e-02
4.882812499999999112e+00 5.765614016656635255e-02
4.907226562499999112e+00 5.039249502033169015e-02
4.931640624999999112e+00 5.331138117360473966e-02
4.956054687499999112e+00 4.901803853840087238e-02
4.980468749999999112e+00 5.170996840086499596e-02
5.004882812499999112e+00 5.055122565285441461e-02
5.029296874999999112e+00 4.991811848604379293e-02
5.053710937499999112e+00 5.608709372682796346e-02
5.078124999999999112e+00 4.825660908224669449e-02
5.102539062499999112e+00 4.552728466846679006e-02
5.126953124999999112e+00 5.049790322855419317e-02
5.151367187499999112e+00 5.111414328666322865e-02
5.175781249999999112e+00 5.324888568195432215e-02
5.200195312499999112e+00 5.068559610772993551e-02
5.224609374999999112e+00 5.557547127239684248e-02
5.249023437499999112e+00 4.814175692765237241e-02
5.273437499999999112e+00 4.696070773832597411e-02
5.297851562499999112e+00 4.759361527827305621e-02
5.322265624999999112e+00 5.067840713685168447e-02
5.346679687499999112e+00 5.198446245783404362e-02
5.371093749999999112e+00 4.860198247706741526e-02
5.395507812499999112e+00 5.083002557472784261e-02
5.419921874999999112e+00 5.140965919256541145e-02
5.444335937499999112e+00 4.739116749997818179e-02
5.468749999999999112e+00 4.616470084301009524e-02
5.493164062499999112e+00 5.212962667706095427e-02
5.517578124999999112e+00 5.191928403315022172e-02
5.541992187499999112e+00 5.273134171067385412e-02
5.566406249999999112e+00 4.696947173294285099e-02
5.590820312499999112e+00 4.842870501156523039e-02
5.615234374999999112e+00 5.206828125979278549e-02
5.639648437499999112e+00 5.018754460641808995e-02
5.664062499999999112e+00 5.182909527845949715e-02
5.688476562499999112e+00 4.820913786521601602e-02
5.712890624999999112e+00 4.848398151980214815e-02
5.737304687499999112e+00 5.004387543785196457e-02
5.761718749999999112e+00 4.590770127005752710e-02
5.786132812499999112e+00 4.760433979159977430e-02
5.810546874999999112e+00 4.707588294498619985e-02
5.834960937499999112e+00 5.071071316733342244e-02
5.859374999999999112e+00 4.980392412146456699e-02
5.883789062499999112e+00 4.649129535111587441e-02
5.908203124999999112e+00 5.039743998625056259e-02
5.932617187499999112e+00 4.782372325811394542e-02
5.957031249999999112e+00 5.264469126471380683e-02
5.981445312499999112e+00 4.825554699396274877e-02
6.005859374999999112e+00 4.636014472546158560e-02
6.030273437499999112e+00 4.627292784761839056e-02
6.054687499999999112e+00 4.956971062155186847e-02
6.079101562499999112e+00 4.803024716060089877e-02
6.103515624999999112e+00 4.822371163301323455e-02
6.127929687499999112e+00 5.222896698964406281e-02
6.152343749999999112e+00 5.181333256476916560e-02
6.176757812499999112e+00 4.814687671361547044e-02
6.201171874999999112e+00 4.930751482966121146e-02
6.225585937499999112e+00 4.818102607536103865e-02
6.249999999999999112e+00 5.196476145725806295e-02
6.274414062499999112e+00 5.104441165252170814e-02
6.298828124999999112e+00 5.031523045719152321e-02
6.323242187499999112e+00 5.678134824483446752e-02
6.347656249999999112e+00 5.109082733506815910e-02
6.372070312499999112e+00 5.064877789820194237e-02
6.396484374999999112e+00 4.627305477823413782e-02
6.420898437499999112e+00 4.750158821424341204e-02
6.445312499999999112e+00 5.022876809162963446e-02
6.469726562499999112e+00 4.839400208049062652e-02
6.494140624999999112e+00 4.855605373995166424e-02
6.518554687499999112e+00 4.559212851858754356e-02
6.542968749999999112e+00 5.009796694911503728e-02
6.567382812499999112e+00 5.444989029119521456e-02
6.591796874999999112e+00 5.346459970346979784e-02
6.616210937499999112e+00 4.578682087673559276e-02
6.640624999999999112e+00 4.524547636633579478e-02
6.665039062499999112e+00 4.808504764518718722e-02
6.689453124999999112e+00 5.031571174498228327e-02
6.713867187499999112e+00 4.965501369546632127e-02
6.738281249999999112e+00 5.091947010739480278e-02
6.762695312499999112e+00 5.364757624859857466e-02
6.787109374999999112e+00 4.861731844108470313e-02
6.811523437499999112e+00 5.017045779198171795e-02
6.835937499999999112e+00 4.894116393109890911e-02
6.860351562499999112e+00 5.109160092583845542e-02
6.884765624999999112e+00 4.941504788571028650e-02
6.909179687499999112e+00 4.762012553689472932e-02
6.933593749999999112e+00 4.962852469902324232e-02
6.958007812499999112e+00 4.715006878417345171e-02
6.982421874999999112e+00 5.142025386794098207e-02
7.006835937499999112e+00 5.336340146925118433e-02
7.031249999999999112e+00 4.876048088173243200e-02
7.055664062499999112e+00 4.922178365280734103e-02
7.080078124999999112e+00 4.975283158830963448e-02
7.104492187499999112e+00 5.012018738821998054e-02
7.128906249999999112e+00 5.000710039420772079e-02
7.153320312499999112e+00 4.754454536232918804e-02
7.177734374999999112e+00 4.765034693853067993e-02
7.202148437499999112e+00 4.938762157817344622e-02
7.226562499999999112e+00 5.055351475832293995e-02
7.250976562499999112e+00 5.112863055431951520e-02
7.275390624999999112e+00 4.732679681893723483e-02
7.299804687499999112e+00 4.560914351742736267e-02
7.324218749999999112e+00 5.025072211909718811e-02
7.348632812499999112e+00 4.318799690677257996e-02
7.373046874999999112e+00 4.708633825680353518e-02
7.397460937499999112e+00 4.620680087257793278e-02
7.421874999999999112e+00 4.558757698086528254e-02
7.446289062499999112e+00 4.697125509611846383e-02
7.470703124999999112e+00 4.333336988518347171e-02
7.495117187499999112e+00 4.810843943411988871e-02
7.519531249999999112e+00 4.915735824296500744e-02
7.543945312499999112e+00 4.915748050666882835e-02
7.568359374999999112e+00 4.445705760534434531e-02
7.592773437499999112e+00 4.843166938664504595e-02
7.617187499999999112e+00 4.955144345104703363e-02
7.641601562499999112e+00 4.592089492028942482e-02
7.666015624999999112e+00 4.901895018568865059e-02
7.690429687499999112e+00 4.946139844584572509e-02
7.714843749999999112e+00 4.596718964848632571e-02
7.739257812499999112e+00 4.911147337504642024e-02
7.763671874999999112e+00 4.988503542639350502e-02
7.788085937499999112e+00 5.083736175981614508e-02
7.812499999999999112e+00 4.898442921663580946e-02
7.836914062499999112e+00 4.503730491419190990e-02
7.861328124999999112e+00 4.369254463716124720e-02
7.885742187499999112e+00 4.614034012615603891e-02
7.910156249999999112e+00 4.839748643246177817e-02
7.934570312499999112e+00 4.845713161062580737e-02
7.958984374999999112e+00 4.778094584692542390e-02
7.983398437499999112e+00 4.488701214295538755e-02
8.007812499999998224e+00 5.198738351054195406e-02
8.032226562499998224e+00 4.829980344332514275e-02
8.056640624999998224e+00 4.580706985201069698e-02
8.081054687499998224e+00 4.227272213742105933e-02
8.105468749999998224e+00 4.443976223006806947e-02
8.129882812499998224e+00 4.570771583100514956e-02
8.154296874999998224e+00 4.449210185012306834e-02
8.178710937499998224e+00 4.539381608829608228e-02
8.203124999999998224e+00 4.611262035171737050e-02
8.227539062499998224e+00 4.948478074291454143e-02
8.251953124999998224e+00 4.736256261491322839e-02
8.276367187499998224e+00 4.431320059959543284e-02
8.300781249999998224e+00 4.628724431610273249e-02
8.325195312499998224e+00 4.706321285297745266e-02
8.349609374999998224e+00 4.417493080589506710e-02
8.374023437499998224e+00 4.538464735792289984e-02
8.398437499999998224e+00 4.930698858017213554e-02
8.422851562499998224e+00 5.318330872120113212e-02
8.447265624999998224e+00 4.868586628811326367e-02
8.471679687499998224e+00 5.117996025139447125e-02
8.496093749999998224e+00 5.019370366133625583e-02
8.520507812499998224e+00 4.545210977232860133e-02
8.544921874999998224e+00 4.516521245802247730e-02
8.569335937499998224e+00 5.106013687921331923e-02
8.593749999999998224e+00 4.591920887479607194e-02
8.618164062499998224e+00 4.786975015191701627e-02
8.642578124999998224e+00 4.827276206307502121e-02
8.666992187499998224e+00 4.788807464955126270e-02
8.691406249999998224e+00 4.975102432518452994e-02
8.715820312499998224e+00 4.696912702924775640e-02
8.740234374999998224e+00 5.057547199570554264e-02
8.764648437499998224e+00 4.994893948816834378e-02
8.789062499999998224e+00 4.685287028651064639e-02
8.813476562499998224e+00 4.796400337390505780e-02
8.837890624999998224e+00 4.711901336231183457e-02
8.862304687499998224e+00 4.644524441678113402e-02
8.886718749999998224e+00 4.734144667014775210e-02
8.911132812499998224e+00 4.832235318507178967e-02
8.935546874999998224e+00 4.959966523008137174e-02
8.959960937499998224e+00 4.829596460560207222e-02
8.984374999999998224e+00 4.785632266423070491e-02
9.008789062499998224e+00 4.707560359263945199e-02
9.033203124999998224e+00 5.068984679055851816e-02
9.057617187499998224e+00 4.585045057742630215e-02
9.082031249999998224e+00 4.969800217447015861e-02
9.106445312499998224e+00 4.874169579169487787e-02
9.130859374999998224e+00 4.747593001674030311e-02
9.155273437499998224e+00 4.795964570415887918e-02
9.179687499999998224e+00 4.522738441329227782e-02
9.204101562499998224e+00 4.711990034360764162e-02
9.228515624999998224e+00 4.743265116279966886e-02
9.252929687499998224e+00 4.703465803915452687e-02
9.277343749999998224e+00 4.844591055425314513e-02
9.301757812499998224e+00 4.805125010192861507e-02
9.326171874999998224e+00 4.691752328456966908e-02
9.350585937499998224e+00 4.541851247984221573e-02
9.374999999999998224e+00 4.344676551426739780e-02
9.399414062499998224e+00 4.620349920442436836e-02
9.423828124999998224e+00 4.346605102871078929e-02
9.448242187499998224e+00 4.416027814600643336e-02
9.472656249999998224e+00 4.686693377879551370e-02
9.497070312499998224e+00 4.910346232577254139e-02
9.521484374999998224e+00 4.698901129576481955e-02
9.545898437499998224e+00 4.650737827874523028e-02
9.570312499999998224e+00 4.944485984293703340e-02
9.594726562499998224e+00 4.728425441617550157e-02
9.619140624999998224e+00 4.882323534948427440e-02
9.643554687499998224e+00 4.677311244662899631e-02
9.667968749999998224e+00 4.843123751947867039e-02
9.692382812499998224e+00 4.414792872024115439e-02
9.716796874999998224e+00 4.478649660252461556e-02
9.741210937499998224e+00 4.626408019171278363e-02
9.765624999999998224e+00 4.784148043806195350e-02
9.790039062499998224e+00 4.989584857364667836e-02
9.814453124999998224e+00 4.854928552506471845e-02
9.838867187499998224e+00 4.603288182983611421e-02
9.863281249999998224e+00 5.011692638355164792e-02
9.887695312499998224e+00 4.703293819402527831e-02
9.912109374999998224e+00 4.985733255507521916e-02
9.936523437499998224e+00 4.711640151457505143e-02
9.960937499999998224e+00 5.111758680835863655e-02
9.985351562499998224e+00 5.050530747580018326e-02
1.000976562499999822e+01 5.032732288280888228e-02
1.003417968749999822e+01 4.706979415813210971e-02
1.005859374999999822e+01 4.790019126997228233e-02
1.008300781249999822e+01 4.902852773580906182e-02
1.010742187499999822e+01 5.017667334267166684e-02
1.013183593749999822e+01 4.824363282141522213e-02
1.015624999999999822e+01 5.045601904740248250e-02
1.018066406249999822e+01 5.300534604115175047e-02
1.020507812499999822e+01 5.061630882056169373e-02
1.022949218749999822e+01 5.419147028761943374e-02
1.025390624999999822e+01 4.834020549225863383e-02
1.027832031249999822e+01 4.836652478584153175e-02
1.030273437499999822e+01 4.998526232448274181e-02
1.032714843749999822e+01 4.776989550044346416e-02
1.035156249999999822e+01 4.892261153423009545e-02
1.037597656249999822e+01 4.761323255348939854e-02
1.040039062499999822e+01 4.895401554282643314e-02
1.042480468749999822e+01 4.723386929666928413e-02
1.044921874999999822e+01 4.766230688010920924e-02
1.047363281249999822e+01 5.032922478317376075e-02
1.049804687499999822e+01 4.522511555221556123e-02
1.052246093749999822e+01 4.620906305310594486e-02
1.054687499999999822e+01 4.453366074644440203e-02
1.057128906249999822e+01 4.268269489645677012e-02
1.059570312499999822e+01 4.620305017912123419e-02
1.062011718749999822e+01 4.805414948692583038e-02
1.064453124999999822e+01 4.972531328313080368e-02
1.066894531249999822e+01 4.728155243135234720e-02
1.069335937499999822e+01 4.912921861061430445e-02
1.071777343749999822e+01 5.155024785453856534e-02
1.074218749999999822e+01 4.843210769520050335e-02
1.076660156249999822e+01 4.847859247594524940e-02
1.079101562499999822e+01 4.897746331215970667e-02
1.081542968749999822e+01 4.856891972762825832e-02
1.083984374999999822e+01 4.711188089715527549e-02
1.086425781249999822e+01 5.053304662960023119e-02
1.088867187499999822e+01 4.763154024274894593e-02
1.091308593749999822e+01 4.804156816809784097e-02
1.093749999999999822e+01 4.762406263902371761e-02
1.096191406249999822e+01 4.827533468689528678e-02
1.098632812499999822e+01 5.114769516759567342e-02
1.101074218749999822e+01 5.138531819886901081e-02
1.103515624999999822e+01 4.834852800699570435e-02
1.105957031249999822e+01 4.698269651878757974e-02
1.108398437499999822e+01 4.919933651496086191e-02
1.110839843749999822e+01 4.679537107732378159e-02
1.113281249999999822e+01 4.910166959459690006e-02
1.115722656249999822e+01 4.654506561804760273e-02
1.118164062499999822e+01 4.377816077161343633e-02
1.120605468749999822e+01 4.570028623788124217e-02
1.123046874999999822e+01 4.444825383807023828e-02
1.125488281249999822e+01 4.815070092949406966e-02
1.127929687499999822e+01 5.198748102932655712e-02
1.130371093749999822e+01 4.746266957256470992e-02
1.132812499999999822e+01 5.022687146198788477e-02
1.135253906249999822e+01 4.896949347240324435e-02
1.137695312499999822e+01 4.795436742574801098e-02
1.140136718749999822e+01 5.030923866061262628e-02
1.142578124999999822e+01 4.639585166783041781e-02
1.145019531249999822e+01 4.585265860925272913e-02
1.147460937499999822e+01 4.649115658850726251e-02
1.149902343749999822e+01 4.493297508250185257e-02
1.152343749999999822e+01 5.264473800570235867e-02
1.154785156249999822e+01 4.817974085365283460e-02
1.157226562499999822e+01 4.787102406519756770e-02
1.159667968749999822e+01 5.063949793709025815e-02
1.162109374999999822e+01 4.599005178946809214e-02
1.164550781249999822e+01 5.049163935091047911e-02
1.166992187499999822e+01 4.848915893513460612e-02
1.169433593749999822e+01 4.569486808541239203e-02
1.171874999999999822e+01 4.908208619792144706e-02
1.174316406249999822e+01 4.565307772927473112e-02
1.176757812499999822e+01 4.481762810104442107e-02
1.179199218749999822e+01 4.981889668058513826e-02
1.181640624999999822e+01 4.937987271362893199e-02
1.184082031249999822e+01 4.860457914344771396e-02
1.186523437499999822e+01 5.076661340353384733e-02
1.188964843749999822e+01 4.713718518774868971e-02
1.191406249999999822e+01 4.506073539762021213e-02
1.193847656249999822e+01 4.695116680030871070e-02
1.196289062499999822e+01 4.950694798539654468e-02
1.198730468749999822e+01 4.726952088844145472e-02
1.201171874999999822e+01 4.661625348199720242e-02
1.203613281249999822e+01 4.948989139095642115e-02
1.206054687499999822e+01 4.543151977226084909e-02
1.208496093749999822e+01 4.601464540944010667e-02
1.210937499999999822e+01 5.136314652056474944e-02
1.213378906249999822e+01 5.002106338609232233e-02
1.215820312499999822e+01 4.518995960421968300e-02
1.218261718749999822e+01 4.235692884848148154e-02
1.220703124999999822e+01 4.460157727489056506e-02
1.223144531249999822e+01 4.506679600458462359e-02
1.225585937499999822e+01 4.653211735661812176e-02
1.228027343749999822e+01 4.694121451750653262e-02
1.230468749999999822e+01 4.788148392707416989e-02
1.232910156249999822e+01 5.006904559417131584e-02
1.235351562499999822e+01 5.116221687207544305e-02
1.237792968749999822e+01 4.546311962165069248e-02
1.240234374999999822e+01 4.720758454430284273e-02
1.242675781249999822e+01 4.942048269479212136e-02
1.245117187499999822e+01 4.781999360752516026e-02
1.247558593749999822e+01 5.085564958295242521e-02
1.249999999999999822e+01 4.962726454398467407e-02
1.252441406249999822e+01 4.724177239358876013e-02
1.254882812499999822e+01 5.126241824644410527e-02
1.257324218749999822e+01 4.912680950637877964e-02
1.259765624999999822e+01 4.738265048843723348e-02
1.262207031249999822e+01 4.755873239563997851e-02
1.264648437499999822e+01 4.835518141977057649e-02
1.267089843749999822e+01 4.790109705378722826e-02
1.269531249999999822e+01 4.475310222784536357e-02
1.271972656249999822e+01 5.000993839258013191e-02
1.274414062499999822e+01 4.580326504096351309e-02
1.276855468749999822e+01 4.732845657345842449e-02
1.279296874999999822e+01 4.778505354692651891e-02
1.281738281249999822e+01 4.929543039529967613e-02
1.284179687499999822e+01 4.794357215143001116e-02
1.286621093749999822e+01 4.456020350684990194e-02
1.289062499999999822e+01 5.064008871485323193e-02
1.291503906249999822e+01 4.721009610825752795e-02
1.293945312499999822e+01 4.971876314773785582e-02
1.296386718749999822e+01 4.975566265455540205e-02
1.298828124999999822e+01 5.027306877541010827e-02
1.301269531249999822e+01 4.859834445628585797e-02
1.303710937499999822e+01 5.032797014184502843e-02
1.306152343749999822e+01 4.959424942531857200e-02
1.308593749999999822e+01 4.935390729735186083e-02
1.311035156249999822e+01 4.720652640714204096e-02
1.313476562499999822e+01 5.187143943105291394e-02
1.315917968749999822e+01 4.798806125140362561e-02
1.318359374999999822e+01 4.871010522500442141e-02
1.320800781249999822e+01 4.907895614293135422e-02
1.323242187499999822e+01 4.963231517568903600e-02
1.325683593749999822e+01 5.119587371609118226e-02
1.328124999999999822e+01 4.961597428285242917e-02
1.330566406249999822e+01 4.606909121662810386e-02
1.333007812499999822e+01 4.648801323209280495e-02
1.335449218749999822e+01 4.825278866205449935e-02
1.337890624999999822e+01 4.777458189614804118e-02
1.340332031249999822e+01 4.477469571856646652e-02
1.342773437499999822e+01 5.226414697222519362e-02
1.345214843749999822e+01 4.955043093845184349e-02
1.347656249999999822e+01 4.986050860280569208e-02
1.350097656249999822e+01 4.591839671615572521e-02
1.352539062499999822e+01 4.491195944333949835e-02
1.354980468749999822e+01 4.607316707529895278e-02
1.357421874999999822e+01 4.854867123662089112e-02
1.359863281249999822e+01 5.040830310704778189e-02
1.362304687499999822e+01 4.594399731261875758e-02
1.364746093749999822e+01 4.688950658283963513e-02
1.367187499999999822e+01 4.879398727378964767e-02
1.369628906249999822e+01 4.933572502082401307e-02
1.372070312499999822e+01 4.532765574974553097e-02
1.374511718749999822e+01 5.083480579353467227e-02
1.376953124999999822e+01 4.804046056954609095e-02
1.379394531249999822e+01 4.808573900344946528e-02
1.381835937499999822e+01 4.622980967789523665e-02
1.384277343749999822e+01 4.644485423996919798e-02
1.386718749999999822e+01 4.956738948080349066e-02
1.389160156249999822e+01 4.947919708107116621e-02
1.391601562499999822e+01 5.016641247787478192e-02
1.394042968749999822e+01 4.863024367345000765e-02
1.396484374999999822e+01 4.896905240252634461e-02
1.398925781249999822e+01 4.524344212739501991e-02
1.401367187499999822e+01 4.955804654238248064e-02
1.403808593749999822e+01 4.826251833281057502e-02
1.406249999999999822e+01 4.812396359142759317e-02
1.408691406249999822e+01 4.409675775400531683e-02
1.411132812499999822e+01 4.881037919240221318e-02
1.413574218749999822e+01 4.668788167526354005e-02
1.416015624999999822e+01 4.674728875881652840e-02
1.418457031249999822e+01 4.990508325015211716e-02
1.420898437499999822e+01 4.880401074827269564e-02
1.423339843749999822e+01 5.001786536932454480e-02
1.425781249999999822e+01 4.539896445658067603e-02
1.428222656249999822e+01 4.687586716313826840e-02
1.430664062499999822e+01 4.663093704854815585e-02
1.433105468749999822e+01 4.979129927985784243e-02
1.435546874999999822e+01 4.837515269191965811e-02
1.437988281249999822e+01 4.672585834792091636e-02
1.440429687499999822e+01 4.546698488957664347e-02
1.442871093749999822e+01 4.942831849610219291e-02
1.445312499999999822e+01 4.765279449067879453e-02
1.447753906249999822e+01 5.081202197483721678e-02
1.450195312499999822e+01 4.591678750129322972e-02
1.452636718749999822e+01 4.831578773107422092e-02
1.455078124999999822e+01 4.703866914150763717e-02
1.457519531249999822e+01 5.143611960214782702e-02
1.459960937499999822e+01 4.976247873015331169e-02
1.462402343749999822e+01 5.021609670707321421e-02
1.464843749999999822e+01 4.579165450056800479e-02
1.467285156249999822e+01 4.810707433132466182e-02
1.469726562499999822e+01 4.502851155371955655e-02
1.472167968749999822e+01 4.882812294892217159e-02
1.474609374999999822e+01 4.945888761233049186e-02
1.477050781249999822e+01 4.701514531475946973e-02
1.479492187499999822e+01 4.836029654328996563e-02
1.481933593749999822e+01 4.732066328814974604e-02
1.484374999999999822e+01 4.615144375924276621e-02
1.486816406249999822e+01 4.933568864108632546e-02
1.489257812499999822e+01 4.692881530589047140e-02
1.491699218749999822e+01 4.879147200204281276e-02
1.494140624999999822e+01 5.032631011590060766e-02
1.496582031249999822e+01 5.055001359604184563e-02
1.499023437499999822e+01 4.492919081619978910e-02
1.501464843749999822e+01 4.777142084041778591e-02
1.503906249999999822e+01 4.835137254107565313e-02
1.506347656249999822e+01 4.572386019965438836e-02
1.508789062499999822e+01 4.573616891593992179e-02
1.511230468749999822e+01 4.593599349582909441e-02
1.513671874999999822e+01 4.776771377616758490e-02
1.516113281249999822e+01 4.674805454816775147e-02
1.518554687499999822e+01 4.808555404750991524e-02
1.520996093749999822e+01 4.841316955050771476e-02
1.523437499999999822e+01 4.462840061883086712e-02
1.525878906249999822e+01 4.694734049443406027e-02
1.528320312499999822e+01 4.413514370269060877e-02
1.530761718749999822e+01 4.730622841923542293e-02
1.533203124999999822e+01 4.871335124418189194e-02
1.535644531249999822e+01 4.677601173552430047e-02
1.538085937499999822e+01 4.827812747852838066e-02
1.540527343749999822e+01 4.735191993006317157e-02
1.542968749999999822e+01 4.609945019245061115e-02
1.545410156249999822e+01 4.599390055677558820e-02
1.547851562499999822e+01 4.767068165061835033e-02
1.550292968749999822e+01 4.376202009038546864e-02
1.552734374999999822e+01 4.433731532760951111e-02
1.555175781249999822e+01 4.651356450035651346e-02
1.557617187499999822e+01 4.662011784287147659e-02
1.560058593749999822e+01 4.581513851216881955e-02
1.562499999999999822e+01 4.512906819087465771e-02
1.564941406249999822e+01 4.880256794802621811e-02
1.567382812499999822e+01 4.706765237601336777e-02
1.569824218749999822e+01 4.830415851223187479e-02
1.572265624999999822e+01 4.734415812110908534e-02
1.574707031249999822e+01 4.714850423534671514e-02
1.577148437499999822e+01 4.966471973577311905e-02
1.579589843749999822e+01 4.761318256224416484e-02
1.582031249999999822e+01 4.560110426797234218e-02
1.584472656249999822e+01 4.723474109351388783e-02
1.586914062499999822e+01 4.436542486394657453e-02
1.589355468749999822e+01 4.731231304602548371e-02
1.591796874999999822e+01 4.878926224352195251e-02
1.594238281249999822e+01 5.230848787710448006e-02
1.596679687499999822e+01 5.056030325607545339e-02
1.599121093749999822e+01 4.527694721858108867e-02
1.601562499999999645e+01 4.520790828323428129e-02
1.604003906249999645e+01 4.632917480611971339e-02
1.606445312499999645e+01 4.341899690227631753e-02
1.608886718749999645e+01 4.504504224064782153e-02
1.611328124999999645e+01 4.549329330230886953e-02
1.613769531249999645e+01 4.545687068930095998e-02
1.616210937499999645e+01 4.744367130599452115e-02
1.618652343749999645e+01 4.696744502635886304e-02
1.621093749999999645e+01 4.843802882060406489e-02
1.623535156249999645e+01 4.654788517475051679e-02
1.625976562499999645e+01 4.545420569012178363e-02
1.628417968749999645e+01 4.615272866245971606e-02
1.630859374999999645e+01 4.824597690359628405e-02
1.633300781249999645e+01 4.754877166875581124e-02
1.635742187499999645e+01 4.595519977216862284e-02
1.638183593749999645e+01 4.666270095844794047e-02
1.640624999999999645e+01 4.824378198795524486e-02
1.643066406249999645e+01 4.620020859873748276e-02
1.645507812499999645e+01 4.788190310453962345e-02
1.647949218749999645e+01 4.704106899179808648e-02
1.650390624999999645e+01 4.706475956499035773e-02
1.652832031249999645e+01 4.909164973326719111e-02
1.655273437499999645e+01 4.836624631834954280e-02
1.657714843749999645e+01 4.696057709487842097e-02
1.660156249999999645e+01 4.852391083184819098e-02
1.662597656249999645e+01 5.165450589433019657e-02
1.665039062499999645e+01 5.141372282848645503e-02
1.667480468749999645e+01 5.012568238969091622e-02
1.669921874999999645e+01 4.792992441602714204e-02
1.672363281249999645e+01 5.182490157883126031e-02
1.674804687499999645e+01 4.913431677447552270e-02
1.677246093749999645e+01 4.381256425048288966e-02
1.679687499999999645e+01 4.662813730430700326e-02
1.682128906249999645e+01 4.855624270735192649e-02
1.684570312499999645e+01 4.596688343238873597e-02
1.687011718749999645e+01 4.648685077693636564e-02
1.689453124999999645e+01 4.884779818542055868e-02
1.691894531249999645e+01 4.829365527663784935e-02
1.694335937499999645e+01 4.863533295548101709e-02
1.696777343749999645e+01 4.982009146967705110e-02
1.699218749999999645e+01 4.889444058096982515e-02
1.701660156249999645e+01 4.611193500161012843e-02
1.704101562499999645e+01 4.975119447878740414e-02
1.706542968749999645e+01 4.850989997615522131e-02
1.708984374999999645e+01 5.098591014574707647e-02
1.711425781249999645e+01 5.159766453001419367e-02
1.713867187499999645e+01 4.819989046417694212e-02
1.716308593749999645e+01 4.607234506753122433e-02
1.718749999999999645e+01 4.686745290943964554e-02
1.721191406249999645e+01 4.742067123973701948e-02
1.723632812499999645e+01 5.059652996265480429e-02
1.726074218749999645e+01 4.776430392914211148e-02
1.728515624999999645e+01 4.514250174043468733e-02
1.730957031249999645e+01 4.702855599334822972e-02
1.733398437499999645e+01 4.779252802662566080e-02
1.735839843749999645e+01 4.723283032882476945e-02
1.738281249999999645e+01 4.615916391364241478e-02
1.740722656249999645e+01 4.894992066391122554e-02
1.743164062499999645e+01 4.974576099943244650e-02
1.745605468749999645e+01 4.800260742017063015e-02
1.748046874999999645e+01 4.918339232089889018e-02
1.750488281249999645e+01 4.612130381704120097e-02
1.752929687499999645e+01 4.332656156459287894e-02
1.755371093749999645e+01 4.359209199436624854e-02
1.757812499999999645e+01 4.688185443591961349e-02
1.760253906249999645e+01 5.134390608096797010e-02
1.762695312499999645e+01 4.743125310433989050e-02
1.765136718749999645e+01 4.452753369847399501e-02
1.767578124999999645e+01 4.843480828217573697e-02
1.770019531249999645e+01 4.649943134389952076e-02
1.772460937499999645e+01 4.721973195028426190e-02
1.774902343749999645e+01 4.366109242847955596e-02
1.777343749999999645e+01 4.680874433172624305e-02
1.779785156249999645e+01 4.704285563911437401e-02
1.782226562499999645e+01 4.676857203313496830e-02
1.784667968749999645e+01 4.608536963783087248e-02
1.787109374999999645e+01 4.850027590394921650e-02
1.789550781249999645e+01 4.544649619930456186e-02
1.791992187499999645e+01 4.659068288709658501e-02
1.794433593749999645e+01 4.915972041203523629e-02
1.796874999999999645e+01 4.616838644590434693e-02
1.799316406249999645e+01 4.702432638997074837e-02
1.801757812499999645e+01 4.860484008161917308e-02
1.804199218749999645e+01 4.590957318327210795e-02
1.806640624999999645e+01 4.921455410116991336e-02
1.809082031249999645e+01 4.553309581238982467e-02
1.811523437499999645e+01 4.695302927574181162e-02
1.813964843749999645e+01 4.424454879412091646e-02
1.816406249999999645e+01 4.543154193097691945e-02
1.818847656249999645e+01 4.577686882207410851e-02
1.821289062499999645e+01 4.755097068057605875e-02
1.823730468749999645e+01 4.946704482114062940e-02
1.826171874999999645e+01 4.775317958426547604e-02
1.828613281249999645e+01 4.751085945277544464e-02
1.831054687499999645e+01 4.483844182925889044e-02
1.833496093749999645e+01 4.658259208002980128e-02
1.835937499999999645e+01 4.166717554810311225e-02
1.838378906249999645e+01 4.811549823904614359e-02
1.840820312499999645e+01 4.649210400030646950e-02
1.843261718749999645e+01 4.608322360237540605e-02
1.845703124999999645e+01 4.692018201250056780e-02
1.848144531249999645e+01 5.003445822992753228e-02
1.850585937499999645e+01 4.600333792367437835e-02
1.853027343749999645e+01 5.016403051815261638e-02
1.855468749999999645e+01 5.235796853405194629e-02
1.857910156249999645e+01 4.674946836873369177e-02
1.860351562499999645e+01 4.975572331001967830e-02
1.862792968749999645e+01 4.433178840337790444e-02
1.865234374999999645e+01 4.689792772567127899e-02
1.867675781249999645e+01 4.708099271452220042e-02
1.870117187499999645e+01 4.807530381192184898e-02
1.872558593749999645e+01 4.737184229706815214e-02
1.874999999999999645e+01 5.049082537981115781e-02
1.877441406249999645e+01 4.504827909457671115e-02
1.879882812499999645e+01 4.518074464313050209e-02
1.882324218749999645e+01 4.279029837702241074e-02
1.884765624999999645e+01 4.987969212733286972e-02
1.887207031249999645e+01 4.707718088161761544e-02
1.889648437499999645e+01 4.793536310220851415e-02
1.892089843749999645e+01 4.567625887878367513e-02
1.894531249999999645e+01 4.573416941495015570e-02
1.896972656249999645e+01 4.775691358543206200e-02
1.899414062499999645e+01 4.776200181313421111e-02
1.901855468749999645e+01 4.741110002768270104e-02
1.904296874999999645e+01 4.813086074283252219e-02
1.906738281249999645e+01 4.637476942910449124e-02
1.909179687499999645e+01 4.491045881254395605e-02
1.911621093749999645e+01 4.137953529228120125e-02
1.914062499999999645e+01 4.802145342195063282e-02
1.916503906249999645e+01 4.808520215004843945e-02
1.918945312499999645e+01 4.800083836121207814e-02
1.921386718749999645e+01 4.715317061038722807e-02
1.923828124999999645e+01 4.445094620041947081e-02
1.926269531249999645e+01 4.358446664516858055e-02
1.928710937499999645e+01 4.715925067543443733e-02
1.931152343749999645e+01 4.705328081410128926e-02
1.933593749999999645e+01 4.768142993509433963e-02
1.936035156249999645e+01 4.543440616779160363e-02
1.938476562499999645e+01 4.958792555488173576e-02
1.940917968749999645e+01 4.818814192730295348e-02
1.943359374999999645e+01 4.419446182652027322e-02
1.945800781249999645e+01 4.343882329738112807e-02
1.948242187499999645e+01 4.675748136831590213e-02
1.950683593749999645e+01 4.861824661769881956e-02
1.953124999999999645e+01 4.761785176557607052e-02
1.955566406249999645e+01 4.791606719578712925e-02
1.958007812499999645e+01 4.590261202042898031e-02
1.960449218749999645e+01 4.566606758258582449e-02
1.962890624999999645e+01 4.670116762767793223e-02
1.965332031249999645e+01 4.882040951203026752e-02
1.967773437499999645e+01 4.722842829862703568e-02
1.970214843749999645e+01 4.482318784383609173e-02
1.972656249999999645e+01 4.671791225800436820e-02
1.975097656249999645e+01 4.233632241501033427e-02
1.977539062499999645e+01 4.675655909219033485e-02
1.979980468749999645e+01 4.560898609287773048e-02
1.982421874999999645e+01 4.750753416586287609e-02
1.984863281249999645e+01 4.854855909332238956e-02
1.987304687499999645e+01 4.905905509485064542e-02
1.989746093749999645e+01 4.061420766168356150e-02
1.992187499999999645e+01 4.858491049498003811e-02
1.994628906249999645e+01 4.759232253998715162e-02
1.997070312499999645e+01 4.940106186146921846e-02
1.999511718749999645e+01 4.683902705122697935e-02
2.001953124999999645e+01 4.800174249681617156e-02
2.004394531249999645e+01 4.466082053173723448e-02
2.006835937499999645e+01 4.769700091993684526e-02
2.009277343749999645e+01 4.830902830502947082e-02
2.011718749999999645e+01 5.012965758112178372e-02
2.014160156249999645e+01 4.495168931487917435e-02
2.016601562499999645e+01 4.746137997390179747e-02
2.019042968749999645e+01 4.585912748646694959e-02
2.021484374999999645e+01 4.810665024356849950e-02
2.023925781249999645e+01 4.256441943823044416e-02
2.026367187499999645e+01 4.381314052658279862e-02
2.028808593749999645e+01 4.527332290255777630e-02
2.031249999999999645e+01 4.950804505941787392e-02
2.033691406249999645e+01 4.627409244540619387e-02
2.036132812499999645e+01 4.753916539309618189e-02
2.038574218749999645e+01 4.774118243634652148e-02
2.041015624999999645e+01 5.052967777795309284e-02
2.043457031249999645e+01 4.567435850635985506e-02
2.045898437499999645e+01 4.626976504363185250e-02
2.048339843749999645e+01 4.626939000982333017e-02
2.050781249999999645e+01 4.485286255104690284e-02
2.053222656249999645e+01 4.726181045097938710e-02
2.055664062499999645e+01 5.046927474788218126e-02
2.058105468749999645e+01 4.432637414975135887e-02
2.060546874999999645e+01 4.920067680938059601e-02
2.062988281249999645e+01 4.951276475789656573e-02
2.065429687499999645e+01 4.887972626871091297e-02
2.067871093749999645e+01 4.482570544153440667e-02
2.070312499999999645e+01 4.636399638898473091e-02
2.072753906249999645e+01 4.520722989273843334e-02
2.075195312499999645e+01 5.076184700157516244e-02
2.077636718749999645e+01 4.742215758251697860e-02
2.080078124999999645e+01 4.772665835037758625e-02
2.082519531249999645e+01 4.649191235275591805e-02
2.084960937499999645e+01 4.611198658901793229e-02
2.087402343749999645e+01 4.754880775294048623e-02
2.089843749999999645e+01 4.644525002147538439e-02
2.092285156249999645e+01 4.749950382765272955e-02
2.094726562499999645e+01 4.714200971074973545e-02
2.097167968749999645e+01 4.393377016010013153e-02
2.099609374999999645e+01 4.503002892234352073e-02
2.102050781249999645e+01 4.532940922704743053e-02
2.104492187499999645e+01 4.697708199506202970e-02
2.106933593749999645e+01 4.495858377181470578e-02
2.109374999999999645e+01 4.648072553517190036e-02
2.111816406249999645e+01 4.759851328158858780e-02
2.114257812499999645e+01 4.474263588323360019e-02
2.116699218749999645e+01 4.523614715122901975e-02
2.119140624999999645e+01 4.350380177712436652e-02
2.121582031249999645e+01 4.604420708647641997e-02
2.124023437499999645e+01 4.482244191543503786e-02
2.126464843749999645e+01 5.073804081316512365e-02
2.128906249999999645e+01 4.321067899021733411e-02
2.131347656249999645e+01 4.601996868870177060e-02
2.133789062499999645e+01 4.890974161900311229e-02
2.136230468749999645e+01 4.752940739372032986e-02
2.138671874999999645e+01 4.512376630332301519e-02
2.141113281249999645e+01 4.625875806343408836e-02
2.143554687499999645e+01 4.661843017567311731e-02
2.145996093749999645e+01 4.587566148314978914e-02
2.148437499999999645e+01 4.629779174342776166e-02
2.150878906249999645e+01 4.489201378435503376e-02
2.153320312499999645e+01 4.602102039152482227e-02
2.155761718749999645e+01 4.660179877914032154e-02
2.158203124999999645e+01 4.261681969555190796e-02
2.160644531249999645e+01 4.825873384963709489e-02
2.163085937499999645e+01 4.723064470404230580e-02
2.165527343749999645e+01 4.733811420152187616e-02
2.167968749999999645e+01 4.750313372379492277e-02
2.170410156249999645e+01 4.934001187821936835e-02
2.172851562499999645e+01 4.556108687488855807e-02
2.175292968749999645e+01 4.878845040671872524e-02
2.177734374999999645e+01 4.838368787097059587e-02
2.180175781249999645e+01 4.733113049514601350e-02
2.182617187499999645e+01 4.745827591754812197e-02
2.185058593749999645e+01 4.473433114157112506e-02
2.187499999999999645e+01 4.511770292372387775e-02
2.189941406249999645e+01 4.690872819915224007e-02
2.192382812499999645e+01 4.631816262847386623e-02
2.194824218749999645e+01 4.743198046715062233e-02
2.197265624999999645e+01 4.327311196871894139e-02
2.199707031249999645e+01 4.279808531842410613e-02
2.202148437499999645e+01 4.912929659944745980e-02
2.204589843749999645e+01 5.056308485411465520e-02
2.207031249999999645e+01 4.285932919042045181e-02
2.209472656249999645e+01 4.768678000636884101e-02
2.211914062499999645e+01 4.138048254139096993e-02
2.214355468749999645e+01 4.479817146821806623e-02
2.216796874999999645e+01 4.517896749793962746e-02
2.219238281249999645e+01 4.728856942901466659e-02
2.221679687499999645e+01 4.880249008640009240e-02
2.224121093749999645e+01 5.010253857592410903e-02
2.226562499999999645e+01 4.875562730150358182e-02
2.229003906249999645e+01 4.524941866299745513e-02
2.231445312499999645e+01 4.553588653703322803e-02
2.233886718749999645e+01 4.461918330370451269e-02
2.236328124999999645e+01 5.005857913770137002e-02
2.238769531249999645e+01 4.854341467777253949e-02
2.241210937499999645e+01 4.427505383920722626e-02
2.243652343749999645e+01 4.849671808709813542e-02
2.246093749999999645e+01 4.849101974939555582e-02
2.248535156249999645e+01 4.550100476762192897e-02
2.250976562499999645e+01 4.384680897318017634e-02
2.253417968749999645e+01 4.660710972892077170e-02
2.255859374999999645e+01 4.813297300746062490e-02
2.258300781249999645e+01 4.648807152973113976e-02
2.260742187499999645e+01 4.812248853134942078e-02
2.263183593749999645e+01 4.909971805141111895e-02
2.265624999999999645e+01 4.649563428438692470e-02
2.268066406249999645e+01 4.273589042877732475e-02
2.270507812499999645e+01 4.838024689552190144e-02
2.272949218749999645e+01 4.448209023854320099e-02
2.275390624999999645e+01 4.524995221811237839e-02
2.277832031249999645e+01 4.555250177825483776e-02
2.280273437499999645e+01 4.696712246438113775e-02
2.282714843749999645e+01 4.700369616043757748e-02
2.285156249999999645e+01 4.740464983733610332e-02
2.287597656249999645e+01 4.787327046781959111e-02
2.290039062499999645e+01 4.559878450349423573e-02
2.292480468749999645e+01 4.697003167335529056e-02
2.294921874999999645e+01 4.100257458808686389e-02
2.297363281249999645e+01 4.956975061301714669e-02
2.299804687499999645e+01 4.566583830272967492e-02
2.302246093749999645e+01 4.538492849427699927e-02
2.304687499999999645e+01 4.564543218214426462e-02
2.307128906249999645e+01 4.466551796621973797e-02
2.309570312499999645e+01 4.788530941764420484e-02
2.312011718749999645e+01 4.734971473825414640e-02
2.314453124999999645e+01 4.659127691194534654e-02
2.316894531249999645e+01 4.724329671821757282e-02
2.319335937499999645e+01 4.622018991714059444e-02
2.321777343749999645e+01 4.761773388353340158e-02
2.324218749999999645e+01 4.571150562821962166e-02
2.326660156249999645e+01 4.515971032201041013e-02
2.329101562499999645e+01 4.785644294249855740e-02
2.331542968749999645e+01 4.914109049665252998e-02
2.333984374999999645e+01 4.997184692827561642e-02
2.336425781249999645e+01 4.548116868025219722e-02
2.338867187499999645e+01 4.527286949946238842e-02
2.341308593749999645e+01 4.692341617814932420e-02
2.343749999999999645e+01 4.709610910536213280e-02
2.346191406249999645e+01 4.870569828031235532e-02
2.348632812499999645e+01 4.714801875467218573e-02
2.351074218749999645e+01 4.761651892925397589e-02
2.353515624999999645e+01 5.021685627918523465e-02
2.355957031249999645e+01 4.915099709503620989e-02
2.358398437499999645e+01 4.719190344287679806e-02
2.360839843749999645e+01 4.779280673622721132e-02
2.363281249999999645e+01 4.669476826244303019e-02
2.365722656249999645e+01 4.905492922944519607e-02
2.368164062499999645e+01 4.778409181164567504e-02
2.370605468749999645e+01 4.561663706966504611e-02
2.373046874999999645e+01 4.592107416628133515e-02
2.375488281249999645e+01 4.899512488372974317e-02
2.377929687499999645e+01 4.796050298644360249e-02
2.380371093749999645e+01 4.523747776436950335e-02
2.382812499999999645e+01 4.697381989108052186e-02
2.385253906249999645e+01 4.975217182423573303e-02
2.387695312499999645e+01 5.125322826287337374e-02
2.390136718749999645e+01 4.824873498988171971e-02
2.392578124999999645e+01 4.825837845748418703e-02
2.395019531249999645e+01 4.770471161948489081e-02
2.397460937499999645e+01 4.755935618964998723e-02
2.399902343749999645e+01 4.235489518798673386e-02
2.402343749999999645e+01 4.480921509726235041e-02
2.404785156249999645e+01 4.726554843430388897e-02
2.407226562499999645e+01 4.836276850111352610e-02
2.409667968749999645e+01 5.031935605114987858e-02
2.412109374999999645e+01 4.773178946933823164e-02
2.414550781249999645e+01 4.549023377084172176e-02
2.416992187499999645e+01 4.962864522311279808e-02
2.419433593749999645e+01 4.958892249313096717e-02
2.421874999999999645e+01 4.889181759037808384e-02
2.424316406249999645e+01 4.756834713582296092e-02
2.426757812499999645e+01 4.766160187942136001e-02
2.429199218749999645e+01 4.656721110920959694e-02
2.431640624999999645e+01 4.590010158952714803e-02
2.434082031249999645e+01 4.906988845204396377e-02
2.436523437499999645e+01 4.618672742815146254e-02
2.438964843749999645e+01 5.029300713086693603e-02
2.441406249999999645e+01 5.128081607330265551e-02
2.443847656249999645e+01 4.878133579678215620e-02
2.446289062499999645e+01 4.731543993591766362e-02
2.448730468749999645e+01 5.146596015684612446e-02
2.451171874999999645e+01 4.924067832930747318e-02
2.453613281249999645e+01 5.281334571029353692e-02
2.456054687499999645e+01 4.993369534218685540e-02
2.458496093749999645e+01 5.028482337428161891e-02
2.460937499999999645e+01 4.549086613238181170e-02
2.463378906249999645e+01 4.714325352615077180e-02
2.465820312499999645e+01 4.905873846989758369e-02
2.468261718749999645e+01 5.070153361127516939e-02
2.470703124999999645e+01 4.801054318534145327e-02
2.473144531249999645e+01 4.896564071112978478e-02
2.475585937499999645e+01 4.558947468809709108e-02
2.478027343749999645e+01 4.438306910984079340e-02
2.480468749999999645e+01 4.746624930685570259e-02
2.482910156249999645e+01 4.937736667160539522e-02
2.485351562499999645e+01 5.047920584706844238e-02
2.487792968749999645e+01 5.036969917807573860e-02
2.490234374999999645e+01 5.025334123304422279e-02
2.492675781249999645e+01 4.808903641834848947e-02
2.495117187499999645e+01 4.674720589533096909e-02
2.497558593749999645e+01 4.772616351177291077e-02
2.499999999999999645e+01 4.905383882825125469e-02
2.502441406249999645e+01 4.716918630535704704e-02
2.504882812499999645e+01 5.283213962601280428e-02
2.507324218749999645e+01 4.727207577400614757e-02
2.509765624999999645e+01 5.325469876992494633e-02
2.512207031249999645e+01 4.977517449290760898e-02
2.514648437499999645e+01 4.889497138253643543e-02
2.517089843749999645e+01 4.708419241247326081e-02
2.519531249999999645e+01 5.000381392862532359e-02
2.521972656249999645e+01 4.854795474981705994e-02
2.524414062499999645e+01 4.863078078385255076e-02
2.526855468749999645e+01 4.493842714861773918e-02
2.529296874999999645e+01 4.516002582356819922e-02
2.531738281249999645e+01 4.809147346637090287e-02
2.534179687499999645e+01 4.738121103410292828e-02
2.536621093749999645e+01 4.739755095642614324e-02
2.539062499999999645e+01 4.699723452195733037e-02
2.541503906249999645e+01 5.032830998989357152e-02
2.543945312499999645e+01 4.945524392349066184e-02
2.546386718749999645e+01 4.894623459925824538e-02
2.548828124999999645e+01 5.359981269963653983e-02
2.551269531249999645e+01 5.469111038618192089e-02
2.553710937499999645e+01 4.415497625674748988e-02
2.556152343749999645e+01 4.398737262329776437e-02
2.558593749999999645e+01 4.639012906893061339e-02
2.561035156249999645e+01 5.143925669953559876e-02
2.563476562499999645e+01 5.041038716455053387e-02
2.565917968749999645e+01 4.838652814913681210e-02
2.568359374999999645e+01 4.764238481739239278e-02
2.570800781249999645e+01 4.812563234769853815e-02
2.573242187499999645e+01 4.904079356956046049e-02
2.575683593749999645e+01 5.069234416849362906e-02
2.578124999999999645e+01 5.229645596232365690e-02
2.580566406249999645e+01 4.827964808760231569e-02
2.583007812499999645e+01 5.160414945487854649e-02
2.585449218749999645e+01 4.839884295535357844e-02
2.587890624999999645e+01 4.667367515439928283e-02
2.590332031249999645e+01 4.493237565843719722e-02
2.592773437499999645e+01 4.643440516740037632e-02
2.595214843749999645e+01 4.382371664880573003e-02
2.597656249999999645e+01 4.700256692523825663e-02
2.600097656249999645e+01 5.136118740248640097e-02
2.602539062499999645e+01 5.166272449689420648e-02
2.604980468749999645e+01 4.993340998687673810e-02
2.607421874999999645e+01 5.958248041015008767e-02
2.609863281249999645e+01 5.391043261844834927e-02
2.612304687499999645e+01 5.393591821260213665e-02
2.614746093749999645e+01 5.157561985499667379e-02
2.617187499999999645e+01 5.001938592346222290e-02
2.619628906249999645e+01 4.685100948224173167e-02
2.622070312499999645e+01 4.798573967868398349e-02
2.624511718749999645e+01 4.895785278801224882e-02
2.626953124999999645e+01 5.232361358819661440e-02
2.629394531249999645e+01 5.231801373680777800e-02
2.631835937499999645e+01 5.064371464513902493e-02
2.634277343749999645e+01 4.678482150266138895e-02
2.636718749999999645e+01 4.928987748063565211e-02
2.639160156249999645e+01 5.156211718377889941e-02
2.641601562499999645e+01 4.786956008112123323e-02
2.644042968749999645e+01 4.992940140949825994e-02
2.646484374999999645e+01 4.543557718058924277e-02
2.648925781249999645e+01 5.216189472437730151e-02
2.651367187499999645e+01 5.275253755465591360e-02
2.653808593749999645e+01 4.960858220577032268e-02
2.656249999999999645e+01 5.041126767927103097e-02
2.658691406249999645e+01 5.610614204992091930e-02
2.661132812499999645e+01 5.035937961612166336e-02
2.663574218749999645e+01 5.029165518830266968e-02
2.666015624999999645e+01 5.123085007393666374e-02
2.668457031249999645e+01 5.000120734588239108e-02
2.670898437499999645e+01 5.021032934981469603e-02
2.673339843749999645e+01 5.187467894248713046e-02
2.675781249999999645e+01 5.243987199951080647e-02
2.678222656249999645e+01 6.030426596981840887e-02
2.680664062499999645e+01 5.850269176310006480e-02
2.683105468749999645e+01 5.579920896464959923e-02
2.685546874999999645e+01 5.431569524686332556e-02
2.687988281249999645e+01 5.912797473721073671e-02
2.690429687499999645e+01 4.844775523348225643e-02
2.692871093749999645e+01 5.069308223409705466e-02
2.695312499999999645e+01 5.618505195596228824e-02
2.697753906249999645e+01 5.181653954130735484e-02
2.700195312499999645e+01 5.072492857785654979e-02
2.702636718749999645e+01 5.563096125986210366e-02
2.705078124999999645e+01 5.379017925689744822e-02
2.707519531249999645e+01 5.118086524226813511e-02
2.709960937499999645e+01 5.382425722412812613e-02
2.712402343749999645e+01 5.026014993512045032e-02
2.714843749999999645e+01 4.731007928353235525e-02
2.717285156249999645e+01 5.124959047405716617e-02
2.719726562499999645e+01 6.284340354024905984e-02
2.722167968749999645e+01 6.035146257810244941e-02
2.724609374999999645e+01 5.487151298787104614e-02
2.727050781249999645e+01 5.919580743616013191e-02
2.729492187499999645e+01 5.257820674484967732e-02
2.731933593749999645e+01 5.905689225364908063e-02
2.734374999999999645e+01 5.132024231647178830e-02
2.736816406249999645e+01 4.939474152322695377e-02
2.739257812499999645e+01 4.951860761116697734e-02
2.741699218749999645e+01 5.031893763710802714e-02
2.744140624999999645e+01 5.096881103820159048e-02
2.746582031249999645e+01 5.492517324086160918e-02
2.749023437499999645e+01 5.560465310118665322e-02
2.751464843749999645e+01 5.387201579472364332e-02
2.753906249999999645e+01 5.641919171321618798e-02
2.756347656249999645e+01 5.119171233359201545e-02
2.758789062499999645e+01 5.149961098092767364e-02
2.761230468749999645e+01 5.372226334465912689e-02
2.763671874999999645e+01 5.317374654620495716e-02
2.766113281249999645e+01 5.160811230423889562e-02
2.768554687499999645e+01 4.889227546471416191e-02
2.770996093749999645e+01 5.039901880861154954e-02
2.773437499999999645e+01 4.679142889769558750e-02
2.775878906249999645e+01 4.860649472110677854e-02
2.778320312499999645e+01 5.233818368430338125e-02
2.780761718749999645e+01 5.113083986436052497e-02
2.783203124999999645e+01 5.445825542508624800e-02
2.785644531249999645e+01 4.701341337404319615e-02
2.788085937499999645e+01 4.595275818501633885e-02
2.790527343749999645e+01 4.538132735020347641e-02
2.792968749999999645e+01 4.555006420451253313e-02
2.795410156249999645e+01 4.592647508102709608e-02
2.797851562499999645e+01 4.497346904544387292e-02
2.800292968749999645e+01 4.475769319000141161e-02
2.802734374999999645e+01 4.961074421012886398e-02
2.805175781249999645e+01 4.654675800968315069e-02
2.807617187499999645e+01 4.656252111928701337e-02
2.810058593749999645e+01 5.150575692348820928e-02
2.812499999999999645e+01 4.805129247925090524e-02
2.814941406249999645e+01 4.651090132415613976e-02
2.817382812499999645e+01 4.750102156493692801e-02
2.819824218749999645e+01 4.807527444491369734e-02
2.822265624999999645e+01 5.483519426603774422e-02
2.824707031249999645e+01 5.386922824746827321e-02
2.827148437499999645e+01 4.938812538994578200e-02
2.829589843749999645e+01 4.961813040460374274e-02
2.832031249999999645e+01 4.766888537203585463e-02
2.834472656249999645e+01 5.089371801859169514e-02
2.836914062499999645e+01 4.895981801856120336e-02
2.839355468749999645e+01 5.080178649344838093e-02
2.841796874999999645e+01 5.063796085398900720e-02
2.844238281249999645e+01 4.998511429085262386e-02
2.846679687499999645e+01 5.125089116296104724e-02
2.849121093749999645e+01 4.994650461374217087e-02
2.851562499999999645e+01 4.725385968540141146e-02
2.854003906249999645e+01 4.467110652321060887e-02
2.856445312499999645e+01 4.808067870586427150e-02
2.858886718749999645e+01 4.744716674559411318e-02
2.861328124999999645e+01 4.914557130128440615e-02
2.863769531249999645e+01 4.645413706607099541e-02
2.866210937499999645e+01 4.749182662486906015e-02
2.868652343749999645e+01 5.240797618601087532e-02
2.871093749999999645e+01 4.750888409241051796e-02
2.873535156249999645e+01 4.775925036011551689e-02
2.875976562499999645e+01 4.706376966110994292e-02
2.878417968749999645e+01 4.807199495848783755e-02
2.880859374999999645e+01 4.875406522382733782e-02
2.883300781249999645e+01 4.982378075376991261e-02
2.885742187499999645e+01 4.629881592591156281e-02
2.888183593749999645e+01 4.735339540488973931e-02
2.890624999999999645e+01 4.633455795789806486e-02
2.893066406249999645e+01 4.892140513643885441e-02
2.895507812499999645e+01 4.706079522352660943e-02
2.897949218749999645e+01 4.925454545479843876e-02
2.900390624999999645e+01 4.573972049326562733e-02
2.902832031249999645e+01 4.709947445192225884e-02
2.905273437499999645e+01 4.481951382672786505e-02
2.907714843749999645e+01 4.581046552383551129e-02
2.910156249999999645e+01 4.688187465353133021e-02
2.912597656249999645e+01 4.739695046038984449e-02
2.915039062499999645e+01 4.784733464882457571e-02
2.917480468749999645e+01 4.728924215764228334e-02
2.919921874999999645e+01 4.695409469635615507e-02
2.922363281249999645e+01 5.004434044502893003e-02
2.924804687499999645e+01 4.529405401408684306e-02
2.927246093749999645e+01 4.594849876830091329e-02
2.929687499999999645e+01 4.290245266778908856e-02
2.932128906249999645e+01 4.732238107886304473e-02
2.934570312499999645e+01 4.466543975422735541e-02
2.937011718749999645e+01 4.396759952723446746e-02
2.939453124999999645e+01 4.349199791419636890e-02
2.941894531249999645e+01 4.719173207760386790e-02
2.944335937499999645e+01 4.403375630126220991e-02
2.946777343749999645e+01 4.877930629559979608e-02
2.949218749999999645e+01 4.568042801695653549e-02
2.951660156249999645e+01 4.792271881869670375e-02
2.954101562499999645e+01 4.660186703801613012e-02
2.956542968749999645e+01 4.886379520155292866e-02
2.958984374999999645e+01 4.722815038356635575e-02
2.961425781249999645e+01 4.271779718634537149e-02
2.963867187499999645e+01 4.501745072236884582e-02
2.966308593749999645e+01 4.517964762294181952e-02
2.968749999999999645e+01 4.502885239400331030e-02
2.971191406249999645e+01 5.016233923760268776e-02
2.973632812499999645e+01 4.466745549573952062e-02
2.976074218749999645e+01 4.827136779270659039e-02
2.978515624999999645e+01 4.403236433526146881e-02
2.980957031249999645e+01 4.718709119270088348e-02
2.983398437499999645e+01 4.854736221611243019e-02
2.985839843749999645e+01 4.251173339954129188e-02
2.988281249999999645e+01 4.402001847554507658e-02
2.990722656249999645e+01 4.908519987657075645e-02
2.993164062499999645e+01 5.058499494858922224e-02
2.995605468749999645e+01 4.220438574515938263e-02
2.998046874999999645e+01 4.509977867187275891e-02
3.000488281249999645e+01 4.334984512283801550e-02
3.002929687499999645e+01 4.545152079833111869e-02
3.005371093749999645e+01 4.386138511873007018e-02
3.007812499999999645e+01 4.452052174843253857e-02
3.010253906249999645e+01 4.303607566207718477e-02
3.012695312499999645e+01 4.589537013767511914e-02
3.015136718749999645e+01 4.381908435629673637e-02
3.017578124999999645e+01 4.420938897629948100e-02
3.020019531249999645e+01 4.354074298073289107e-02
3.022460937499999645e+01 4.584371533626830503e-02
3.024902343749999645e+01 4.429637663226933253e-02
3.027343749999999645e+01 4.608747369325523480e-02
3.029785156249999645e+01 4.589545705281217886e-02
3.032226562499999645e+01 4.604047986570389966e-02
3.034667968749999645e+01 4.387311552721341601e-02
3.037109374999999645e+01 4.721368590577455782e-02
3.039550781249999645e+01 4.461952623568903736e-02
3.041992187499999645e+01 4.801081878203496134e-02
3.044433593749999645e+01 4.742050291199858408e-02
3.046874999999999645e+01 4.415098786878622616e-02
3.049316406249999645e+01 4.373540203698192408e-02
3.051757812499999645e+01 4.728041840320080375e-02
3.054199218749999645e+01 4.581573236377577824e-02
3.056640624999999645e+01 4.341319341151752415e-02
3.059082031249999645e+01 4.584525790560401576e-02
3.061523437499999645e+01 4.259038769448409562e-02
3.063964843749999645e+01 4.538159386938585976e-02
3.066406249999999645e+01 4.600375657821175607e-02
3.068847656249999645e+01 4.438200991335574525e-02
3.071289062499999645e+01 4.867221432939825010e-02
3.073730468749999645e+01 4.816700812393421433e-02
3.076171874999999645e+01 4.624287918039336753e-02
3.078613281249999645e+01 4.367195243010416061e-02
3.081054687499999645e+01 4.450085336770458894e-02
3.083496093749999645e+01 4.586588945795928851e-02
3.085937499999999645e+01 4.622948033702053289e-02
3.088378906249999645e+01 4.300617757124983176e-02
3.090820312499999645e+01 4.993866377036534215e-02
3.093261718749999645e+01 4.890202509201607012e-02
3.095703124999999645e+01 4.747727055718661132e-02
3.098144531249999645e+01 4.476069659857911248e-02
3.100585937499999645e+01 4.421217068108483639e-02
3.103027343749999645e+01 4.943777291899679321e-02
3.105468749999999645e+01 4.397117322106010306e-02
3.107910156249999645e+01 4.475776321207725061e-02
3.110351562499999645e+01 4.020343365887223824e-02
3.112792968749999645e+01 4.519091625722231054e-02
3.115234374999999645e+01 4.547302251306617471e-02
3.117675781249999645e+01 4.539001269520638593e-02
3.120117187499999645e+01 4.392405558492564616e-02
3.122558593749999645e+01 4.422608671957287130e-02
3.124999999999999645e+01 4.553174251866164840e-02
3.127441406249999645e+01 4.356216830509289373e-02
3.129882812499999645e+01 4.247304912776294489e-02
3.132324218749999645e+01 4.772021981522123896e-02
3.134765624999999645e+01 4.633164855080807581e-02
3.137207031249999645e+01 4.521811925890066586e-02
3.139648437499999645e+01 4.697878052125055437e-02
3.142089843749999645e+01 4.660955604510835099e-02
3.144531249999999645e+01 4.675842452376086783e-02
3.146972656249999645e+01 4.555388175308136556e-02
3.149414062499999645e+01 4.811348137802871905e-02
3.151855468749999645e+01 4.520770156868592765e-02
3.154296874999999645e+01 4.541949882092284618e-02
3.156738281249999645e+01 4.135213624140914035e-02
3.159179687499999645e+01 4.580712880713623536e-02
3.161621093749999645e+01 4.496080306740738580e-02
3.164062499999999645e+01 4.203615570868615009e-02
3.166503906249999645e+01 4.715880339916005137e-02
3.168945312499999645e+01 4.677264202332853671e-02
3.171386718749999645e+01 4.655621624992784674e-02
3.173828124999999645e+01 4.643720342266119405e-02
3.176269531249999645e+01 4.570870285152096174e-02
3.178710937499999645e+01 4.642906644680325212e-02
3.181152343749999645e+01 4.775193030576935921e-02
3.183593749999999645e+01 4.940857353519393508e-02
3.186035156249999645e+01 4.933212724471705557e-02
3.188476562499999645e+01 4.580075215425740559e-02
3.190917968749999645e+01 4.605583672244536325e-02
3.193359374999999645e+01 4.525842065594632563e-02
3.195800781249999645e+01 4.776058050215097051e-02
3.198242187499999645e+01 4.881556858089959594e-02
3.200683593749999289e+01 4.695534987959011641e-02
3.203124999999999289e+01 4.579013119232743650e-02
3.205566406249999289e+01 4.295542823244355435e-02
3.208007812499999289e+01 4.315406359676841885e-02
3.210449218749999289e+01 4.656968214775537851e-02
3.212890624999999289e+01 4.301280886106608609e-02
3.215332031249999289e+01 4.722772754408866014e-02
3.217773437499999289e+01 4.411503814788537287e-02
3.220214843749999289e+01 4.396492418276411185e-02
3.222656249999999289e+01 4.192173386315647954e-02
3.225097656249999289e+01 4.413159181862844060e-02
3.227539062499999289e+01 4.418077271412002710e-02
3.229980468749999289e+01 4.757947506951263478e-02
3.232421874999999289e+01 4.807191302617080247e-02
3.234863281249999289e+01 4.713635253946874687e-02
3.237304687499999289e+01 4.436582368896151152e-02
3.239746093749999289e+01 4.307577457463892395e-02
3.242187499999999289e+01 4.383133018042940920e-02
3.244628906249999289e+01 4.743349910489217530e-02
3.247070312499999289e+01 4.550374728310249001e-02
3.249511718749999289e+01 4.663393481319433320e-02
3.251953124999999289e+01 4.389934436765326187e-02
3.254394531249999289e+01 4.619408843202053860e-02
3.256835937499999289e+01 4.402667985750265828e-02
3.259277343749999289e+01 4.569991409472864974e-02
3.261718749999999289e+01 4.325097763522411931e-02
3.264160156249999289e+01 4.600865716051851656e-02
3.266601562499999289e+01 4.610655004465791240e-02
3.269042968749999289e+01 4.567490945189511126e-02
3.271484374999999289e+01 4.764185393961509890e-02
3.273925781249999289e+01 4.582950747435442229e-02
3.276367187499999289e+01 4.301985289191577466e-02
3.278808593749999289e+01 4.517954839833351194e-02
3.281249999999999289e+01 4.830269074310243604e-02
3.283691406249999289e+01 4.905520721986536548e-02
3.286132812499999289e+01 4.776147789498783047e-02
3.288574218749999289e+01 4.740176707707977055e-02
3.291015624999999289e+01 4.619398772420078153e-02
3.293457031249999289e+01 4.783684522242463710e-02
3.295898437499999289e+01 4.752670976498932914e-02
3.298339843749999289e+01 4.607827899592990134e-02
3.300781249999999289e+01 4.656673329781904624e-02
3.303222656249999289e+01 4.473453129244957943e-02
3.305664062499999289e+01 4.521339366206230531e-02
3.308105468749999289e+01 4.697828022800033115e-02
3.310546874999999289e+01 4.582815931351777450e-02
3.312988281249999289e+01 4.175320482003549993e-02
3.315429687499999289e+01 4.497390296275994431e-02
3.317871093749999289e+01 4.346437425589329273e-02
3.320312499999999289e+01 4.569629073310763068e-02
3.322753906249999289e+01 4.830883723579709049e-02
3.325195312499999289e+01 4.703772676980488843e-02
3.327636718749999289e+01 4.889131034834618555e-02
3.330078124999999289e+01 4.689715563005105586e-02
3.332519531249999289e+01 4.468381901330485684e-02
3.334960937499999289e+01 4.577384824911187589e-02
3.337402343749999289e+01 4.743936847787508931e-02
3.339843749999999289e+01 4.832376198853807064e-02
3.342285156249999289e+01 4.607163716094164058e-02
3.344726562499999289e+01 4.586270839791199011e-02
3.347167968749999289e+01 4.778257473084270013e-02
3.349609374999999289e+01 4.626869636855642648e-02
3.352050781249999289e+01 4.656352751858009592e-02
3.354492187499999289e+01 4.392802020889404607e-02
3.356933593749999289e+01 4.492146330179712377e-02
3.359374999999999289e+01 4.533907990092056473e-02
3.361816406249999289e+01 4.796665550896919705e-02
3.364257812499999289e+01 4.638913478097199394e-02
3.366699218749999289e+01 4.363107707203496555e-02
3.369140624999999289e+01 4.385753979403147346e-02
3.371582031249999289e+01 4.523249264293772998e-02
3.374023437499999289e+01 4.660466187672260979e-02
3.376464843749999289e+01 4.371820999499265170e-02
3.378906249999999289e+01 4.326446270899406837e-02
3.381347656249999289e+01 4.506092772515038480e-02
3.383789062499999289e+01 4.370567545867971859e-02
3.386230468749999289e+01 4.511238870092627862e-02
3.388671874999999289e+01 4.456816130653157987e-02
3.391113281249999289e+01 4.497892397074795129e-02
3.393554687499999289e+01 4.470316411646481358e-02
3.395996093749999289e+01 4.669556175239305412e-02
3.398437499999999289e+01 4.381967716805865165e-02
3.400878906249999289e+01 4.249500656805659665e-02
3.403320312499999289e+01 4.996497515305962922e-02
3.405761718749999289e+01 4.755493552664382534e-02
3.408203124999999289e+01 4.340880951068186444e-02
3.410644531249999289e+01 4.279220345885939580e-02
3.413085937499999289e+01 4.515339159001930530e-02
3.415527343749999289e+01 4.920496121153968005e-02
3.417968749999999289e+01 4.478549630312145258e-02
3.420410156249999289e+01 4.323468100077107468e-02
3.422851562499999289e+01 4.661723390940643308e-02
3.425292968749999289e+01 4.311570945872535837e-02
3.427734374999999289e+01 4.610785392419639028e-02
3.430175781249999289e+01 4.853396246756505605e-02
3.432617187499999289e+01 4.583311629040789925e-02
3.435058593749999289e+01 4.747219831110094379e-02
3.437499999999999289e+01 4.800951466546980045e-02
3.439941406249999289e+01 4.735015749640691246e-02
3.442382812499999289e+01 4.646960643708206856e-02
3.444824218749999289e+01 4.470847274615803724e-02
3.447265624999999289e+01 4.359640857017494514e-02
3.449707031249999289e+01 5.106447646529563289e-02
3.452148437499999289e+01 4.226960608588792301e-02
3.454589843749999289e+01 4.486551460215396775e-02
3.457031249999999289e+01 4.568960964073165432e-02
3.459472656249999289e+01 4.464832593853583498e-02
3.461914062499999289e+01 4.779774508227265656e-02
3.464355468749999289e+01 4.309401079237264870e-02
3.466796874999999289e+01 4.629288030853605934e-02
3.469238281249999289e+01 4.211642272945381738e-02
3.471679687499999289e+01 4.463065150706046341e-02
3.474121093749999289e+01 4.560245897512759522e-02
3.476562499999999289e+01 4.739704886210741042e-02
3.479003906249999289e+01 4.666501354962027115e-02
3.481445312499999289e+01 4.967626779935763182e-02
3.483886718749999289e+01 4.712495808279528603e-02
3.486328124999999289e+01 4.494797955169606979e-02
3.488769531249999289e+01 4.422359452061206536e-02
3.491210937499999289e+01 4.523733678786922424e-02
3.493652343749999289e+01 4.552267018059846099e-02
3.496093749999999289e+01 4.275914693592972743e-02
3.498535156249999289e+01 4.619847981520193436e-02
