# freq_THz coherence
0.000000000000000000e+00 6.504125533021561101e-02
2.441406249999999653e-02 6.168061594013514448e-02
4.882812499999999306e-02 7.180541302037841966e-02
7.324218749999998612e-02 6.110032767636272566e-02
9.765624999999998612e-02 7.037067754231182692e-02
1.220703124999999861e-01 6.843065284503066503e-02
1.464843749999999722e-01 5.753126495513517097e-02
1.708984374999999722e-01 4.962622405030189116e-02
1.953124999999999722e-01 5.773093286759382881e-02
2.197265624999999722e-01 1.831684387411256221e-01
2.441406249999999722e-01 2.921439659963970814e-01
2.685546874999999445e-01 1.240436355943249497e-01
2.929687499999999445e-01 5.194088016004700520e-02
3.173828124999999445e-01 5.136885280152321542e-02
3.417968749999999445e-01 5.306387534743019913e-02
3.662109374999999445e-01 5.365351866998076258e-02
3.906249999999999445e-01 4.877143872422873283e-02
4.150390624999999445e-01 5.425259827997650636e-02
4.394531249999999445e-01 6.555575624538814705e-02
4.638671874999999445e-01 6.634335003125471641e-02
4.882812499999999445e-01 4.991304722124349780e-02
5.126953124999998890e-01 4.967967587197954366e-02
5.371093749999998890e-01 4.793206677986972669e-02
5.615234374999998890e-01 5.029945071767667059e-02
5.859374999999998890e-01 5.287572659939589192e-02
6.103515624999998890e-01 5.368414287462562606e-02
6.347656249999998890e-01 5.760451508454348529e-02
6.591796874999998890e-01 5.291545938585605346e-02
6.835937499999998890e-01 5.437140205305793922e-02
7.080078124999998890e-01 6.527766688402576734e-02
7.324218749999998890e-01 8.256562177084672549e-02
7.568359374999998890e-01 7.054964810696411071e-02
7.812499999999998890e-01 8.551711352416309364e-02
8.056640624999998890e-01 1.609091379381653586e-01
8.300781249999998890e-01 1.758995596034451936e-01
8.544921874999998890e-01 1.091945202873465248e-01
8.789062499999998890e-01 8.967856044571448360e-02
9.033203124999998890e-01 1.201953454952621458e-01
9.277343749999998890e-01 1.194775125644162300e-01
9.521484374999998890e-01 1.470710860830997391e-01
9.765624999999998890e-01 1.758632967199291464e-01
1.000976562499999778e+00 1.189139818406287907e-01
1.025390624999999778e+00 8.822710661503670171e-02
1.049804687499999778e+00 1.164283652703993754e-01
1.074218749999999778e+00 1.253235759847087516e-01
1.098632812499999778e+00 1.192527730505777567e-01
1.123046874999999778e+00 1.041955406684666602e-01
1.147460937499999778e+00 1.086960389041596586e-01
1.171874999999999778e+00 1.235628943248204270e-01
1.196289062499999778e+00 1.658910550792551952e-01
1.220703124999999778e+00 1.972115309179949538e-01
1.245117187499999778e+00 1.510343717327917723e-01
1.269531249999999778e+00 1.708195565536526628e-01
1.293945312499999778e+00 2.469795120388084131e-01
1.318359374999999778e+00 2.234881001075136042e-01
1.342773437499999778e+00 1.662134533863508234e-01
1.367187499999999778e+00 1.652638803178345661e-01
1.391601562499999778e+00 2.060345580794039899e-01
1.416015624999999778e+00 1.706981639142580720e-01
1.440429687499999778e+00 1.201541946025113800e-01
1.464843749999999778e+00 1.114090510642869736e-01
1.489257812499999778e+00 1.238361011657471561e-01
1.513671874999999778e+00 1.405554485321402203e-01
1.538085937499999778e+00 1.814145030681021675e-01
1.562499999999999778e+00 1.949202007134267778e-01
1.586914062499999778e+00 1.618053594733938338e-01
1.611328124999999778e+00 1.089182984913348445e-01
1.635742187499999778e+00 9.006854914366849152e-02
1.660156249999999778e+00 9.495686409774736769e-02
1.684570312499999778e+00 9.719605284414768731e-02
1.708984374999999778e+00 8.751629212157925608e-02
1.733398437499999778e+00 7.864220777031090404e-02
1.757812499999999778e+00 8.045652610983976272e-02
1.782226562499999778e+00 7.946484393786069911e-02
1.806640624999999778e+00 7.522649030599287689e-02
1.831054687499999778e+00 8.009927626745674822e-02
1.855468749999999778e+00 1.037503631801542231e-01
1.879882812499999778e+00 1.054702982776456049e-01
1.904296874999999778e+00 1.015679728201501208e-01
1.928710937499999778e+00 8.796696701653182460e-02
1.953124999999999778e+00 8.967833174106192018e-02
1.977539062499999778e+00 9.341251296377899027e-02
2.001953124999999556e+00 8.090524565927373346e-02
2.026367187499999556e+00 7.670630526166523355e-02
2.050781249999999556e+00 7.844967138451995614e-02
2.075195312499999556e+00 7.529395199700635033e-02
2.099609374999999556e+00 7.569662611856510515e-02
2.124023437499999556e+00 6.792733298901529326e-02
2.148437499999999556e+00 6.601435279062586869e-02
2.172851562499999556e+00 5.997417126997544451e-02
2.197265624999999556e+00 6.102707400910353797e-02
2.221679687499999556e+00 6.263662408539669157e-02
2.246093749999999556e+00 6.025113032893827936e-02
2.270507812499999556e+00 6.273740997755127002e-02
2.294921874999999556e+00 6.475536135538673133e-02
2.319335937499999556e+00 6.156663392927503448e-02
2.343749999999999556e+00 6.504745477279386123e-02
2.368164062499999556e+00 6.341366893123058512e-02
2.392578124999999556e+00 6.479371870896472041e-02
2.416992187499999556e+00 6.796227198467881536e-02
2.441406249999999556e+00 6.545005323043226464e-02
2.465820312499999556e+00 5.699516615771683947e-02
2.490234374999999556e+00 5.803600264127171254e-02
2.514648437499999556e+00 6.111000927450051939e-02
2.539062499999999556e+00 5.978488551195610540e-02
2.563476562499999556e+00 6.485178446807592090e-02
2.587890624999999556e+00 5.914449520284695977e-02
2.612304687499999556e+00 5.762418051083553067e-02
2.636718749999999556e+00 5.852878372134438789e-02
2.661132812499999556e+00 5.941287537787445089e-02
2.685546874999999556e+00 5.655062935026834714e-02
2.709960937499999556e+00 5.908189703961373718e-02
2.734374999999999556e+00 5.582674962784209965e-02
2.758789062499999556e+00 5.515323061405784377e-02
2.783203124999999556e+00 5.282676841496116577e-02
2.807617187499999556e+00 5.609756623259491010e-02
2.832031249999999556e+00 5.652727387960638367e-02
2.856445312499999556e+00 5.961158474826285664e-02
2.880859374999999556e+00 5.668743776050612360e-02
2.905273437499999556e+00 5.259057584564966192e-02
2.929687499999999556e+00 5.492295823523412474e-02
2.954101562499999556e+00 5.878322467187721556e-02
2.978515624999999556e+00 5.650060775125635010e-02
3.002929687499999556e+00 5.352012116430700933e-02
3.027343749999999556e+00 4.897839333912269721e-02
3.051757812499999556e+00 4.772806283210397071e-02
3.076171874999999556e+00 5.240627878122728484e-02
3.100585937499999556e+00 5.356923741421106694e-02
3.124999999999999556e+00 5.043700611420478402e-02
3.149414062499999556e+00 5.027133752119181814e-02
3.173828124999999556e+00 4.963181448607475316e-02
3.198242187499999556e+00 5.319333035456994679e-02
3.222656249999999556e+00 5.216058135462063594e-02
3.247070312499999556e+00 5.102174761219684801e-02
3.271484374999999556e+00 5.390630226562057037e-02
3.295898437499999556e+00 5.285032348189611789e-02
3.320312499999999556e+00 5.205651171504344088e-02
3.344726562499999556e+00 5.689876415414964889e-02
3.369140624999999556e+00 4.885183244114810891e-02
3.393554687499999556e+00 5.540734197134365019e-02
3.417968749999999556e+00 4.677841644799578258e-02
3.442382812499999556e+00 4.941352270085516696e-02
3.466796874999999556e+00 4.828442952838583185e-02
3.491210937499999556e+00 4.924676452442898478e-02
3.515624999999999556e+00 4.852448485941691925e-02
3.540039062499999556e+00 5.187775084989124097e-02
3.564453124999999556e+00 5.303484634478705662e-02
3.588867187499999556e+00 5.406494334899357435e-02
3.613281249999999556e+00 5.126497800572430569e-02
3.637695312499999556e+00 4.947815277262895134e-02
3.662109374999999556e+00 5.099752583491671404e-02
3.686523437499999556e+00 5.244440349925571371e-02
3.710937499999999556e+00 5.298952097984968579e-02
3.735351562499999556e+00 5.267062941039710178e-02
3.759765624999999556e+00 5.076557933358800262e-02
3.784179687499999556e+00 4.930130575726118097e-02
3.808593749999999556e+00 4.875906900142175371e-02
3.833007812499999556e+00 4.983363069966555148e-02
3.857421874999999556e+00 4.932760375647617102e-02
3.881835937499999556e+00 5.053720654192571382e-02
3.906249999999999556e+00 4.810353318639189191e-02
3.930664062499999556e+00 5.305689565303187832e-02
3.955078124999999556e+00 5.398244335747633821e-02
3.979492187499999556e+00 5.011265830205621080e-02
4.003906249999999112e+00 5.198654747978787710e-02
4.028320312499999112e+00 5.187750620681516600e-02
4.052734374999999112e+00 4.962055632817706508e-02
4.077148437499999112e+00 4.484024471532308681e-02
4.101562499999999112e+00 4.689150806925592579e-02
4.125976562499999112e+00 5.053984862538352107e-02
4.150390624999999112e+00 4.797412562764499094e-02
4.174804687499999112e+00 4.956958272748857725e-02
4.199218749999999112e+00 4.677783299614023116e-02
4.223632812499999112e+00 4.783254921762326167e-02
4.248046874999999112e+00 4.910743448170499376e-02
4.272460937499999112e+00 4.860707357144031932e-02
4.296874999999999112e+00 4.813021017391579115e-02
4.321289062499999112e+00 4.839239066814138290e-02
4.345703124999999112e+00 5.301883791377128702e-02
4.370117187499999112e+00 4.921326643348252622e-02
4.394531249999999112e+00 4.930935019530010427e-02
4.418945312499999112e+00 5.105532103336286875e-02
4.443359374999999112e+00 4.953513134500921178e-02
4.467773437499999112e+00 5.052187152400532816e-02
4.492187499999999112e+00 5.021534739451474078e-02
4.516601562499999112e+00 4.843171655996904995e-02
4.541015624999999112e+00 4.895570043638065860e-02
4.565429687499999112e+00 5.046412936004397026e-02
4.589843749999999112e+00 4.903624834346790445e-02
4.614257812499999112e+00 4.460068964965556437e-02
4.638671874999999112e+00 5.025975043825293281e-02
4.663085937499999112e+00 5.172839009572901409e-02
4.687499999999999112e+00 4.993559077195968560e-02
4.711914062499999112e+00 4.836204131520809024e-02
4.736328124999999112e+00 4.636437710662965478e-02
4.760742187499999112e+00 4.864936830559732361e-02
4.785156249999999112e+00 4.622317580276522064e-02
4.809570312499999112e+00 4.936892402881253722e-02
4.833984374999999112e+00 5.097884926161253688e-02
4.858398437499999112e+00 4.908611873145941190e-02
4.882812499999999112e+00 4.544044803055160425e-02
4.907226562499999112e+00 4.872614100435587736e-02
4.931640624999999112e+00 5.086672587581593519e-02
4.956054687499999112e+00 4.832441614748463760e-02
4.980468749999999112e+00 4.472169800919313654e-02
5.004882812499999112e+00 4.682387762729738057e-02
5.029296874999999112e+00 4.473003759670530349e-02
5.053710937499999112e+00 4.995933562742806838e-02
5.078124999999999112e+00 5.076793150518624925e-02
5.102539062499999112e+00 4.956685985594779659e-02
5.126953124999999112e+00 4.782259813590524627e-02
5.151367187499999112e+00 5.016264248173014223e-02
5.175781249999999112e+00 5.058128222171250771e-02
5.200195312499999112e+00 4.865148809206790159e-02
5.224609374999999112e+00 4.935873357163491487e-02
5.249023437499999112e+00 4.874113701937003024e-02
5.273437499999999112e+00 4.598948745838046803e-02
5.297851562499999112e+00 4.582889814852923738e-02
5.322265624999999112e+00 4.885789698653378310e-02
5.346679687499999112e+00 5.022873636938616354e-02
5.371093749999999112e+00 4.850157293851167783e-02
5.395507812499999112e+00 4.985230371099229341e-02
5.419921874999999112e+00 4.717808250212817550e-02
5.444335937499999112e+00 4.818977351478066079e-02
5.468749999999999112e+00 4.905150888632071882e-02
5.493164062499999112e+00 4.734473374769100629e-02
5.517578124999999112e+00 4.301768982434928112e-02
5.541992187499999112e+00 5.006208334421233253e-02
5.566406249999999112e+00 4.949305817122447854e-02
5.590820312499999112e+00 4.726436150677433556e-02
5.615234374999999112e+00 4.622437694955516818e-02
5.639648437499999112e+00 4.737885038743014365e-02
5.664062499999999112e+00 4.996266267880080519e-02
5.688476562499999112e+00 4.985190520008851711e-02
5.712890624999999112e+00 4.949991011062653684e-02
5.737304687499999112e+00 4.981888364367475369e-02
5.761718749999999112e+00 4.905042555251012265e-02
5.786132812499999112e+00 4.733258564253991357e-02
5.810546874999999112e+00 4.916006593279816789e-02
5.834960937499999112e+00 4.618762413658025756e-02
5.859374999999999112e+00 4.798431636318702120e-02
5.883789062499999112e+00 4.656391821588412583e-02
5.908203124999999112e+00 4.898109837954124635e-02
5.932617187499999112e+00 5.154042790548037795e-02
5.957031249999999112e+00 4.993134880845901541e-02
5.981445312499999112e+00 4.944720904161400976e-02
6.005859374999999112e+00 5.142970894970548545e-02
6.030273437499999112e+00 4.902271562969739288e-02
6.054687499999999112e+00 4.693609779885487415e-02
6.079101562499999112e+00 4.838902540226918542e-02
6.103515624999999112e+00 5.115344434989799183e-02
6.127929687499999112e+00 4.639307203971314991e-02
6.152343749999999112e+00 4.527237261961646747e-02
6.176757812499999112e+00 5.106510386952970576e-02
6.201171874999999112e+00 4.403738638768905228e-02
6.225585937499999112e+00 4.692549706504359208e-02
6.249999999999999112e+00 4.509353670522873309e-02
6.274414062499999112e+00 4.631285812511762995e-02
6.298828124999999112e+00 4.710000761318325346e-02
6.323242187499999112e+00 4.424492922247685173e-02
6.347656249999999112e+00 4.874681808874834626e-02
6.372070312499999112e+00 4.943362448123379826e-02
6.396484374999999112e+00 4.565789582715729794e-02
6.420898437499999112e+00 4.987042029167492591e-02
6.445312499999999112e+00 4.837809118599638997e-02
6.469726562499999112e+00 4.795524660369430286e-02
6.494140624999999112e+00 4.717945912782573609e-02
6.518554687499999112e+00 4.408577525692323335e-02
6.542968749999999112e+00 4.908840467657794165e-02
6.567382812499999112e+00 4.866818525929712813e-02
6.591796874999999112e+00 4.704915031557878324e-02
6.616210937499999112e+00 4.319108938256773639e-02
6.640624999999999112e+00 4.952679239418109752e-02
6.665039062499999112e+00 4.775759856880039400e-02
6.689453124999999112e+00 4.851859748053171523e-02
6.713867187499999112e+00 4.933789820269771087e-02
6.738281249999999112e+00 4.755831190610369102e-02
6.762695312499999112e+00 4.807269450668110594e-02
6.787109374999999112e+00 4.851178639633693668e-02
6.811523437499999112e+00 4.734609027752574584e-02
6.835937499999999112e+00 4.889376921589796976e-02
6.860351562499999112e+00 4.948482851842937041e-02
6.884765624999999112e+00 5.067679250564204735e-02
6.909179687499999112e+00 5.002838597545773008e-02
6.933593749999999112e+00 4.968453468087149355e-02
6.958007812499999112e+00 4.940947100653922397e-02
6.982421874999999112e+00 5.037459942350468178e-02
7.006835937499999112e+00 4.943584592238351588e-02
7.031249999999999112e+00 5.042172325601314287e-02
7.055664062499999112e+00 4.671561697915421058e-02
7.080078124999999112e+00 5.122696207685551589e-02
7.104492187499999112e+00 4.543999515896272184e-02
7.128906249999999112e+00 4.789232508528022680e-02
7.153320312499999112e+00 5.154026009297175970e-02
7.177734374999999112e+00 4.805096123334513109e-02
7.202148437499999112e+00 4.709014834101123842e-02
7.226562499999999112e+00 4.939129650441875796e-02
7.250976562499999112e+00 4.788707706401278130e-02
7.275390624999999112e+00 4.545132238784870687e-02
7.299804687499999112e+00 4.565595638231013942e-02
7.324218749999999112e+00 4.768713964310360848e-02
7.348632812499999112e+00 4.718266686128985005e-02
7.373046874999999112e+00 4.783850345718764635e-02
7.397460937499999112e+00 4.544080357765682698e-02
7.421874999999999112e+00 4.706135853280965509e-02
7.446289062499999112e+00 4.595908034916586227e-02
7.470703124999999112e+00 5.062222426521294921e-02
7.495117187499999112e+00 5.286773272910787885e-02
7.519531249999999112e+00 4.978641459239346173e-02
7.543945312499999112e+00 4.788016053465936339e-02
7.568359374999999112e+00 4.404291542426150979e-02
7.592773437499999112e+00 4.932784037225013823e-02
7.617187499999999112e+00 4.963789494680905662e-02
7.641601562499999112e+00 4.761731316974805728e-02
7.666015624999999112e+00 4.841559878846189713e-02
7.690429687499999112e+00 4.867409196812609584e-02
7.714843749999999112e+00 4.543052638065677579e-02
7.739257812499999112e+00 4.917303996515898223e-02
7.763671874999999112e+00 4.346814856319491938e-02
7.788085937499999112e+00 4.881548214625124060e-02
7.812499999999999112e+00 4.874402462971468702e-02
7.836914062499999112e+00 4.729077140373682403e-02
7.861328124999999112e+00 4.858169386801002021e-02
7.885742187499999112e+00 5.359033543861004695e-02
7.910156249999999112e+00 4.818141783502370712e-02
7.934570312499999112e+00 4.646180971540197352e-02
7.958984374999999112e+00 4.628706841839580477e-02
7.983398437499999112e+00 4.562404346352121748e-02
8.007812499999998224e+00 4.775458562783021360e-02
8.032226562499998224e+00 4.890767265777639511e-02
8.056640624999998224e+00 4.613014999791864579e-02
8.081054687499998224e+00 4.822281521260196602e-02
8.105468749999998224e+00 4.889469112037711507e-02
8.129882812499998224e+00 4.473687864372609402e-02
8.154296874999998224e+00 4.584232445247669874e-02
8.178710937499998224e+00 4.475724443624841398e-02
8.203124999999998224e+00 4.780049891028055609e-02
8.227539062499998224e+00 4.739881735716981737e-02
8.251953124999998224e+00 4.608383424789559007e-02
8.276367187499998224e+00 4.462382729476827709e-02
8.300781249999998224e+00 4.262272552529604297e-02
8.325195312499998224e+00 4.670822579875612279e-02
8.349609374999998224e+00 5.123268993524236758e-02
8.374023437499998224e+00 4.441207466730057174e-02
8.398437499999998224e+00 4.773784902289800874e-02
8.422851562499998224e+00 4.727727081419312583e-02
8.447265624999998224e+00 4.590072598437902607e-02
8.471679687499998224e+00 4.791628789732229471e-02
8.496093749999998224e+00 4.728296915760023256e-02
8.520507812499998224e+00 4.728022673902224776e-02
8.544921874999998224e+00 4.898679718535235705e-02
8.569335937499998224e+00 4.607571983392448611e-02
8.593749999999998224e+00 4.779004775387839243e-02
8.618164062499998224e+00 4.982930299615560138e-02
8.642578124999998224e+00 4.568779214103954600e-02
8.666992187499998224e+00 4.706979974369499692e-02
8.691406249999998224e+00 4.473836128093591075e-02
8.715820312499998224e+00 4.839504297404351868e-02
8.740234374999998224e+00 4.819089377134804647e-02
8.764648437499998224e+00 4.919180717859808483e-02
8.789062499999998224e+00 4.700260803629738304e-02
8.813476562499998224e+00 4.337265858597771223e-02
8.837890624999998224e+00 4.629172023175978645e-02
8.862304687499998224e+00 4.687991217801760341e-02
8.886718749999998224e+00 4.646598661716097589e-02
8.911132812499998224e+00 4.258438081421691418e-02
8.935546874999998224e+00 4.123670845609665042e-02
8.959960937499998224e+00 4.585973725773522663e-02
8.984374999999998224e+00 4.740889815329017015e-02
9.008789062499998224e+00 4.734292571002975819e-02
9.033203124999998224e+00 4.580977813431197365e-02
9.057617187499998224e+00 4.461946969775749255e-02
9.082031249999998224e+00 4.893955927890259600e-02
9.106445312499998224e+00 4.836211372885382276e-02
9.130859374999998224e+00 4.581354688548597287e-02
9.155273437499998224e+00 4.820167797514586516e-02
9.179687499999998224e+00 4.753788732895494751e-02
9.204101562499998224e+00 4.867550733378046834e-02
9.228515624999998224e+00 4.686670085757171228e-02
9.252929687499998224e+00 4.854605274691434907e-02
9.277343749999998224e+00 5.121543979814287967e-02
9.301757812499998224e+00 4.635250938186768338e-02
9.326171874999998224e+00 4.635455290361530090e-02
9.350585937499998224e+00 4.578522894985612157e-02
9.374999999999998224e+00 4.780893252477902422e-02
9.399414062499998224e+00 4.528930583419664424e-02
9.423828124999998224e+00 4.865778488727225126e-02
9.448242187499998224e+00 4.546852219487750035e-02
9.472656249999998224e+00 4.699527452039929665e-02
9.497070312499998224e+00 4.932439963599522664e-02
9.521484374999998224e+00 4.839643875378650539e-02
9.545898437499998224e+00 4.811712544389983026e-02
9.570312499999998224e+00 4.522727063104633322e-02
9.594726562499998224e+00 4.691219422467642064e-02
9.619140624999998224e+00 4.594791462596392595e-02
9.643554687499998224e+00 4.549546865478717311e-02
9.667968749999998224e+00 4.930537842694567713e-02
9.692382812499998224e+00 4.875550584120998815e-02
9.716796874999998224e+00 4.826966013711952302e-02
9.741210937499998224e+00 4.686981336977122381e-02
9.765624999999998224e+00 4.325496539008436697e-02
9.790039062499998224e+00 5.132061652916346250e-02
9.814453124999998224e+00 4.847568486166741603e-02
9.838867187499998224e+00 4.483590865522654040e-02
9.863281249999998224e+00 4.493389941474928290e-02
9.887695312499998224e+00 4.688026540124437536e-02
9.912109374999998224e+00 4.846871233135383039e-02
9.936523437499998224e+00 4.825708527289014615e-02
9.960937499999998224e+00 4.636108702509302015e-02
9.985351562499998224e+00 4.970171376332001983e-02
1.000976562499999822e+01 5.014703233042703406e-02
1.003417968749999822e+01 4.890698193309177266e-02
1.005859374999999822e+01 4.890327241117519569e-02
1.008300781249999822e+01 4.585271691054500914e-02
1.010742187499999822e+01 4.617545197289516651e-02
1.013183593749999822e+01 5.109687209370717548e-02
1.015624999999999822e+01 4.460805418762790742e-02
1.018066406249999822e+01 4.709664510811251842e-02
1.020507812499999822e+01 4.757838345855311402e-02
1.022949218749999822e+01 4.758039273359512822e-02
1.025390624999999822e+01 4.617579842807858354e-02
1.027832031249999822e+01 4.531850750299264846e-02
1.030273437499999822e+01 4.714435208497107233e-02
1.032714843749999822e+01 4.738123258833415452e-02
1.035156249999999822e+01 4.853535687752271593e-02
1.037597656249999822e+01 4.647593062362477545e-02
1.040039062499999822e+01 4.835076348642957517e-02
1.042480468749999822e+01 4.909183250147326760e-02
1.044921874999999822e+01 4.694161356312896022e-02
1.047363281249999822e+01 4.821813139785181140e-02
1.049804687499999822e+01 4.595022914905418088e-02
1.052246093749999822e+01 4.384414290058899488e-02
1.054687499999999822e+01 4.790528641215930500e-02
1.057128906249999822e+01 5.004010299907444420e-02
1.059570312499999822e+01 4.649502643280804814e-02
1.062011718749999822e+01 4.615273384651914085e-02
1.064453124999999822e+01 4.588600534407560189e-02
1.066894531249999822e+01 4.415311497607831565e-02
1.069335937499999822e+01 5.037055684193261773e-02
1.071777343749999822e+01 4.625593812413548306e-02
1.074218749999999822e+01 4.825779465220624009e-02
1.076660156249999822e+01 4.344977247507054302e-02
1.079101562499999822e+01 4.260325726132004054e-02
1.081542968749999822e+01 4.744082413817075211e-02
1.083984374999999822e+01 5.012953056928182161e-02
1.086425781249999822e+01 4.858163124555885115e-02
1.088867187499999822e+01 4.949478813816128586e-02
1.091308593749999822e+01 4.872834368538618566e-02
1.093749999999999822e+01 4.800919911213045316e-02
1.096191406249999822e+01 4.585237979890433718e-02
1.098632812499999822e+01 4.635197087383797349e-02
1.101074218749999822e+01 4.887475458839563719e-02
1.103515624999999822e+01 4.738468418123594622e-02
1.105957031249999822e+01 4.769783156362931986e-02
1.108398437499999822e+01 5.001395806123524329e-02
1.110839843749999822e+01 4.749838955511709315e-02
1.113281249999999822e+01 4.098924627599697529e-02
1.115722656249999822e+01 4.482626397873497315e-02
1.118164062499999822e+01 4.829053316752194430e-02
1.120605468749999822e+01 4.974814157942165915e-02
1.123046874999999822e+01 4.780138821565668716e-02
1.125488281249999822e+01 4.328790231810045880e-02
1.127929687499999822e+01 4.957012270761725764e-02
1.130371093749999822e+01 4.431270858179499339e-02
1.132812499999999822e+01 4.834314658892598787e-02
1.135253906249999822e+01 4.869920479958704529e-02
1.137695312499999822e+01 5.197208932536569181e-02
1.140136718749999822e+01 4.906870912702197829e-02
1.142578124999999822e+01 4.953155407230569462e-02
1.145019531249999822e+01 4.683065853610505341e-02
1.147460937499999822e+01 4.836905072196030775e-02
1.149902343749999822e+01 4.919603702789951405e-02
1.152343749999999822e+01 4.643363250521203439e-02
1.154785156249999822e+01 4.815512491869559236e-02
1.157226562499999822e+01 4.690636888435569668e-02
1.159667968749999822e+01 4.520180608726136889e-02
1.162109374999999822e+01 4.576936015837625854e-02
1.164550781249999822e+01 4.916734271454983873e-02
1.166992187499999822e+01 4.707854496440411901e-02
1.169433593749999822e+01 4.911112659239259826e-02
1.171874999999999822e+01 4.994243440985891153e-02
1.174316406249999822e+01 4.955925034857829731e-02
1.176757812499999822e+01 4.627052970337434956e-02
1.179199218749999822e+01 4.513524112955534517e-02
1.181640624999999822e+01 4.863702584182050259e-02
1.184082031249999822e+01 4.604469499540596311e-02
1.186523437499999822e+01 4.528739395164459169e-02
1.188964843749999822e+01 4.822920934850614266e-02
1.191406249999999822e+01 4.765653415299675455e-02
1.193847656249999822e+01 4.697727765266621752e-02
1.196289062499999822e+01 4.958076713608051272e-02
1.198730468749999822e+01 4.786702195388283648e-02
1.201171874999999822e+01 4.719315719241200940e-02
1.203613281249999822e+01 4.352119697539634513e-02
1.206054687499999822e+01 4.744249608168686627e-02
1.208496093749999822e+01 4.605910223966870609e-02
1.210937499999999822e+01 4.544110592634578033e-02
1.213378906249999822e+01 4.692607303394229906e-02
1.215820312499999822e+01 4.726981411334512523e-02
1.218261718749999822e+01 4.835440680332236951e-02
1.220703124999999822e+01 4.958429207313573561e-02
1.223144531249999822e+01 4.853535656372857249e-02
1.225585937499999822e+01 4.714857493819768486e-02
1.228027343749999822e+01 4.505145224815208793e-02
1.230468749999999822e+01 4.651009562529637847e-02
1.232910156249999822e+01 4.664150138780175092e-02
1.235351562499999822e+01 4.731414227450747578e-02
1.237792968749999822e+01 4.443995952871069438e-02
1.240234374999999822e+01 4.750059166213474460e-02
1.242675781249999822e+01 4.922635696261063593e-02
1.245117187499999822e+01 4.801631874259101179e-02
1.247558593749999822e+01 4.934226488412479100e-02
1.249999999999999822e+01 5.044280341250041710e-02
1.252441406249999822e+01 4.976002297700812815e-02
1.254882812499999822e+01 4.478068068989918271e-02
1.257324218749999822e+01 4.531886024463058910e-02
1.259765624999999822e+01 4.554761784195586471e-02
1.262207031249999822e+01 4.574215686054960289e-02
1.264648437499999822e+01 4.586113040813062647e-02
1.267089843749999822e+01 4.762566033099956825e-02
1.269531249999999822e+01 4.761142578650716384e-02
1.271972656249999822e+01 4.559806204279533842e-02
1.274414062499999822e+01 4.613645622160884863e-02
1.276855468749999822e+01 4.538732249736274205e-02
1.279296874999999822e+01 4.573103484388958001e-02
1.281738281249999822e+01 4.990373161187877660e-02
1.284179687499999822e+01 4.666070836638165631e-02
1.286621093749999822e+01 4.648634535905995374e-02
1.289062499999999822e+01 5.033913616942441160e-02
1.291503906249999822e+01 4.919729274827434190e-02
1.293945312499999822e+01 4.687874428829878065e-02
1.296386718749999822e+01 4.582822020366065369e-02
1.298828124999999822e+01 4.707215116305411146e-02
1.301269531249999822e+01 4.759066221734870733e-02
1.303710937499999822e+01 4.739819648515018052e-02
1.306152343749999822e+01 4.330018246472793625e-02
1.308593749999999822e+01 4.500841221772656359e-02
1.311035156249999822e+01 4.831917584098408686e-02
1.313476562499999822e+01 4.742008779874987145e-02
1.315917968749999822e+01 4.873220388379861934e-02
1.318359374999999822e+01 4.689062068718358872e-02
1.320800781249999822e+01 4.437813803833069726e-02
1.323242187499999822e+01 4.927165869932319947e-02
1.325683593749999822e+01 4.927569141986429951e-02
1.328124999999999822e+01 5.066594180211699688e-02
1.330566406249999822e+01 5.077481113057009943e-02
1.333007812499999822e+01 5.044665343084342446e-02
1.335449218749999822e+01 4.871136665059615234e-02
1.337890624999999822e+01 4.825248839128319644e-02
1.340332031249999822e+01 4.683858376392772277e-02
1.342773437499999822e+01 4.289157384930568362e-02
1.345214843749999822e+01 4.553758485302743936e-02
1.347656249999999822e+01 4.743525355231960339e-02
1.350097656249999822e+01 4.755289109246563922e-02
1.352539062499999822e+01 4.786828261487782038e-02
1.354980468749999822e+01 4.574133018790429300e-02
1.357421874999999822e+01 4.396707229165119912e-02
1.359863281249999822e+01 4.433250902794878129e-02
1.362304687499999822e+01 4.431946705600949693e-02
1.364746093749999822e+01 4.865039449255515597e-02
1.367187499999999822e+01 4.414040633478017589e-02
1.369628906249999822e+01 4.669095136220748066e-02
1.372070312499999822e+01 4.816250899239141181e-02
1.374511718749999822e+01 4.828694004588411637e-02
1.376953124999999822e+01 4.747004257164180036e-02
1.379394531249999822e+01 4.576773240703273932e-02
1.381835937499999822e+01 4.695686840780765453e-02
1.384277343749999822e+01 4.671277957720146312e-02
1.386718749999999822e+01 4.396913775948874809e-02
1.389160156249999822e+01 4.582261854067178064e-02
1.391601562499999822e+01 4.508429622188063479e-02
1.394042968749999822e+01 4.313794346664396456e-02
1.396484374999999822e+01 4.659570556965848820e-02
1.398925781249999822e+01 4.958217476401414331e-02
1.401367187499999822e+01 5.057275809677407724e-02
1.403808593749999822e+01 4.844408138389119656e-02
1.406249999999999822e+01 4.750346400505831013e-02
1.408691406249999822e+01 4.809413571440136065e-02
1.411132812499999822e+01 4.747588093695175732e-02
1.413574218749999822e+01 4.647653854862782846e-02
1.416015624999999822e+01 5.020068132412768003e-02
1.418457031249999822e+01 4.929504140644298815e-02
1.420898437499999822e+01 4.391486347591826156e-02
1.423339843749999822e+01 4.763004231031923302e-02
1.425781249999999822e+01 4.819691694938594423e-02
1.428222656249999822e+01 4.798147613188001592e-02
1.430664062499999822e+01 4.809535414670731285e-02
1.433105468749999822e+01 4.651782984933720833e-02
1.435546874999999822e+01 4.777545590759642302e-02
1.437988281249999822e+01 4.785001274367217672e-02
1.440429687499999822e+01 4.780346132434550033e-02
1.442871093749999822e+01 4.418200020459003147e-02
1.445312499999999822e+01 4.455664154262111570e-02
1.447753906249999822e+01 4.661708904239438012e-02
1.450195312499999822e+01 4.580223563452846119e-02
1.452636718749999822e+01 4.501704627548448051e-02
1.455078124999999822e+01 4.434709842350220005e-02
1.457519531249999822e+01 5.233268754393607947e-02
1.459960937499999822e+01 4.908902953265232433e-02
1.462402343749999822e+01 4.620302174991350319e-02
1.464843749999999822e+01 4.747187380708112886e-02
1.467285156249999822e+01 4.810779854871528871e-02
1.469726562499999822e+01 4.802331267230595946e-02
1.472167968749999822e+01 4.549727837924007201e-02
1.474609374999999822e+01 4.828006456462134027e-02
1.477050781249999822e+01 4.704894318460763752e-02
1.479492187499999822e+01 4.784359166458156121e-02
1.481933593749999822e+01 4.943639383757840455e-02
1.484374999999999822e+01 4.772825029516444134e-02
1.486816406249999822e+01 4.347317440653029885e-02
1.489257812499999822e+01 4.410476347550503634e-02
1.491699218749999822e+01 4.681873609559404625e-02
1.494140624999999822e+01 4.522443713015565636e-02
1.496582031249999822e+01 5.063981015662157720e-02
1.499023437499999822e+01 4.431782666829241907e-02
1.501464843749999822e+01 4.773668434829853729e-02
1.503906249999999822e+01 4.770090976591737780e-02
1.506347656249999822e+01 4.775057301164745138e-02
1.508789062499999822e+01 4.681737630597772315e-02
1.511230468749999822e+01 4.447471459187619935e-02
1.513671874999999822e+01 4.531466693091400211e-02
1.516113281249999822e+01 4.881875426216337327e-02
1.518554687499999822e+01 4.494955785057230119e-02
1.520996093749999822e+01 4.649982137826481204e-02
1.523437499999999822e+01 4.666360511962990704e-02
1.525878906249999822e+01 4.932635283724948194e-02
1.528320312499999822e+01 4.801365961077338346e-02
1.530761718749999822e+01 4.632720170338323201e-02
1.533203124999999822e+01 4.522426736497311278e-02
1.535644531249999822e+01 4.839652879328211477e-02
1.538085937499999822e+01 4.688767887706454807e-02
1.540527343749999822e+01 4.843962227687708538e-02
1.542968749999999822e+01 4.901007995239458487e-02
1.545410156249999822e+01 4.530782277180619988e-02
1.547851562499999822e+01 4.538740854850595308e-02
1.550292968749999822e+01 5.254721157032108542e-02
1.552734374999999822e+01 4.695460110363537665e-02
1.555175781249999822e+01 4.661826785535679724e-02
1.557617187499999822e+01 4.536398511979631426e-02
1.560058593749999822e+01 4.421426933426385320e-02
1.562499999999999822e+01 4.510447789391134471e-02
1.564941406249999822e+01 4.482729173561653818e-02
1.567382812499999822e+01 4.524561563696537919e-02
1.569824218749999822e+01 4.697440594012046444e-02
1.572265624999999822e+01 4.706950958587370615e-02
1.574707031249999822e+01 4.659218575702480519e-02
1.577148437499999822e+01 4.929548238546380134e-02
1.579589843749999822e+01 5.185067670755413166e-02
1.582031249999999822e+01 4.518606030684368252e-02
1.584472656249999822e+01 4.872190497103020407e-02
1.586914062499999822e+01 4.805753946419952238e-02
1.589355468749999822e+01 4.650362527249651823e-02
1.591796874999999822e+01 4.521035205507611260e-02
1.594238281249999822e+01 4.851360263557864816e-02
1.596679687499999822e+01 4.325946448261526467e-02
1.599121093749999822e+01 4.421068398592358645e-02
1.601562499999999645e+01 4.457208892827031754e-02
1.604003906249999645e+01 4.771520580226522312e-02
1.606445312499999645e+01 4.346677701364293905e-02
1.608886718749999645e+01 4.579404971816944392e-02
1.611328124999999645e+01 4.901690151500934928e-02
1.613769531249999645e+01 4.463604033473541483e-02
1.616210937499999645e+01 4.762868618013751942e-02
1.618652343749999645e+01 4.659046657370431721e-02
1.621093749999999645e+01 4.619315769745954703e-02
1.623535156249999645e+01 4.479046395367451694e-02
1.625976562499999645e+01 4.495849898886931928e-02
1.628417968749999645e+01 4.846506891455996252e-02
1.630859374999999645e+01 4.691072459201476447e-02
1.633300781249999645e+01 4.490234779477500493e-02
1.635742187499999645e+01 4.481080015073999473e-02
1.638183593749999645e+01 4.758074891847226956e-02
1.640624999999999645e+01 4.830929598765151822e-02
1.643066406249999645e+01 4.482310066470023696e-02
1.645507812499999645e+01 4.415544140012917645e-02
1.647949218749999645e+01 4.401700552588605486e-02
1.650390624999999645e+01 4.641732334462913417e-02
1.652832031249999645e+01 4.801037521020764393e-02
1.655273437499999645e+01 4.836099135126282339e-02
1.657714843749999645e+01 4.661157812411020895e-02
1.660156249999999645e+01 4.845057311609169554e-02
1.662597656249999645e+01 4.557444883363547666e-02
1.665039062499999645e+01 4.689050161031067809e-02
1.667480468749999645e+01 4.620846591475952919e-02
1.669921874999999645e+01 4.660757112032772737e-02
1.672363281249999645e+01 4.343693002327932845e-02
1.674804687499999645e+01 4.508704545153427445e-02
1.677246093749999645e+01 4.816450237592848765e-02
1.679687499999999645e+01 4.683968872666787603e-02
1.682128906249999645e+01 4.732195888931590294e-02
1.684570312499999645e+01 4.688112300033275837e-02
1.687011718749999645e+01 4.860811500357134496e-02
1.689453124999999645e+01 4.797998487283845065e-02
1.691894531249999645e+01 4.656521498182637775e-02
1.694335937499999645e+01 4.844862113889258914e-02
1.696777343749999645e+01 4.655188345202462136e-02
1.699218749999999645e+01 4.872269579699715913e-02
1.701660156249999645e+01 4.704754263001786896e-02
1.704101562499999645e+01 4.889691287460116997e-02
1.706542968749999645e+01 4.807624119627242759e-02
1.708984374999999645e+01 4.967977463599389937e-02
1.711425781249999645e+01 5.020639811099374822e-02
1.713867187499999645e+01 4.844216706795709260e-02
1.716308593749999645e+01 4.910757358028443320e-02
1.718749999999999645e+01 4.828129792342601007e-02
1.721191406249999645e+01 5.248332087247285782e-02
1.723632812499999645e+01 4.696903785737768788e-02
1.726074218749999645e+01 4.413627385863803931e-02
1.728515624999999645e+01 4.386161553716422939e-02
1.730957031249999645e+01 4.455645680599876202e-02
1.733398437499999645e+01 4.666999983360216320e-02
1.735839843749999645e+01 4.622804423981230482e-02
1.738281249999999645e+01 4.723989450119382705e-02
1.740722656249999645e+01 4.728960719057740542e-02
1.743164062499999645e+01 4.477078833907463529e-02
1.745605468749999645e+01 4.350027609714010590e-02
1.748046874999999645e+01 4.379973534137653751e-02
1.750488281249999645e+01 4.464052735227653362e-02
1.752929687499999645e+01 4.736465479743714319e-02
1.755371093749999645e+01 4.735367304226066609e-02
1.757812499999999645e+01 4.667921702633560932e-02
1.760253906249999645e+01 4.534189347955270427e-02
1.762695312499999645e+01 4.555456956612841807e-02
1.765136718749999645e+01 5.155512700457608871e-02
1.767578124999999645e+01 4.639670490621240762e-02
1.770019531249999645e+01 4.450317831961205645e-02
1.772460937499999645e+01 4.582365107058466308e-02
1.774902343749999645e+01 4.276103105435058449e-02
1.777343749999999645e+01 4.495585913514943410e-02
1.779785156249999645e+01 4.460267499052914669e-02
1.782226562499999645e+01 4.593807311067262672e-02
1.784667968749999645e+01 4.683187528394352345e-02
1.787109374999999645e+01 4.798575986106667218e-02
1.789550781249999645e+01 4.360967885533198474e-02
1.791992187499999645e+01 4.631309928163626632e-02
1.794433593749999645e+01 4.485991792745133017e-02
1.796874999999999645e+01 4.555742326945606130e-02
1.799316406249999645e+01 4.500406258560408351e-02
1.801757812499999645e+01 4.350943652814767693e-02
1.804199218749999645e+01 4.726747784902576160e-02
1.806640624999999645e+01 4.556343601901799434e-02
1.809082031249999645e+01 4.835613314919142564e-02
1.811523437499999645e+01 4.872385738165498081e-02
1.813964843749999645e+01 4.731318930953289786e-02
1.816406249999999645e+01 4.701587256869910192e-02
1.818847656249999645e+01 4.415203201772926328e-02
1.821289062499999645e+01 4.543323987549065246e-02
1.823730468749999645e+01 4.758134117188277112e-02
1.826171874999999645e+01 4.406445525864441382e-02
1.828613281249999645e+01 4.447334260089086388e-02
1.831054687499999645e+01 4.234089381957903409e-02
1.833496093749999645e+01 4.776880470947805768e-02
1.835937499999999645e+01 4.692992541871424117e-02
1.838378906249999645e+01 4.586532326673883886e-02
1.840820312499999645e+01 5.060923621724663229e-02
1.843261718749999645e+01 4.434795755798680295e-02
1.845703124999999645e+01 4.352234286220005993e-02
1.848144531249999645e+01 4.495385575852670068e-02
1.850585937499999645e+01 5.005928876604424232e-02
1.853027343749999645e+01 4.471551398094878588e-02
1.855468749999999645e+01 4.615641722537274644e-02
1.857910156249999645e+01 4.287876227400013590e-02
1.860351562499999645e+01 4.430332655182867702e-02
1.862792968749999645e+01 4.465524146112710702e-02
1.865234374999999645e+01 4.871113592034345685e-02
1.867675781249999645e+01 4.706505466980888397e-02
1.870117187499999645e+01 4.492439586095044873e-02
1.872558593749999645e+01 4.695729272813557731e-02
1.874999999999999645e+01 4.405329700522590125e-02
1.877441406249999645e+01 4.439409664660835114e-02
1.879882812499999645e+01 4.608280250425453306e-02
1.882324218749999645e+01 4.319218970655631235e-02
1.884765624999999645e+01 4.174383057897763927e-02
1.887207031249999645e+01 4.944493873732822009e-02
1.889648437499999645e+01 4.929593270043305941e-02
1.892089843749999645e+01 4.480423957267290480e-02
1.894531249999999645e+01 4.335166077389427525e-02
1.896972656249999645e+01 4.387565055684858328e-02
1.899414062499999645e+01 4.568471759643590036e-02
1.901855468749999645e+01 4.640072432537701436e-02
1.904296874999999645e+01 4.747527570355205423e-02
1.906738281249999645e+01 5.075732887894509465e-02
1.909179687499999645e+01 4.391308690627206135e-02
1.911621093749999645e+01 4.568648147793017561e-02
1.914062499999999645e+01 5.280282811546137267e-02
1.916503906249999645e+01 4.419807978512983043e-02
1.918945312499999645e+01 4.445928884810565473e-02
1.921386718749999645e+01 4.434086328839492719e-02
1.923828124999999645e+01 4.437199675078783850e-02
1.926269531249999645e+01 4.413242194329536350e-02
1.928710937499999645e+01 4.880622504969187037e-02
1.931152343749999645e+01 4.727925937504027371e-02
1.933593749999999645e+01 4.479522275603350923e-02
1.936035156249999645e+01 4.487509138833449540e-02
1.938476562499999645e+01 4.656846018916434293e-02
1.940917968749999645e+01 4.366972847296826665e-02
1.943359374999999645e+01 4.708016699179818493e-02
1.945800781249999645e+01 4.925842078871774804e-02
1.948242187499999645e+01 4.917378274753782946e-02
1.950683593749999645e+01 4.449482417822821223e-02
1.953124999999999645e+01 4.402801814897984445e-02
1.955566406249999645e+01 4.803380633926295634e-02
1.958007812499999645e+01 4.696570049918731560e-02
1.960449218749999645e+01 4.486473229536577789e-02
1.962890624999999645e+01 4.568114254953870718e-02
1.965332031249999645e+01 4.383282554948540743e-02
1.967773437499999645e+01 4.275447229744197553e-02
1.970214843749999645e+01 4.516975443735379847e-02
1.972656249999999645e+01 4.715181003969002443e-02
1.975097656249999645e+01 4.547701891020471815e-02
1.977539062499999645e+01 4.970534442537977160e-02
1.979980468749999645e+01 4.757031379664757031e-02
1.982421874999999645e+01 4.681091709066564216e-02
1.984863281249999645e+01 4.058800704672920617e-02
1.987304687499999645e+01 4.319589329125662902e-02
1.989746093749999645e+01 4.379072999405881489e-02
1.992187499999999645e+01 4.718384975815324844e-02
1.994628906249999645e+01 4.254497724717853924e-02
1.997070312499999645e+01 4.704667771122091752e-02
1.999511718749999645e+01 4.363049319972100992e-02
2.001953124999999645e+01 4.682390000670488134e-02
2.004394531249999645e+01 4.534225350974812468e-02
2.006835937499999645e+01 4.459208052383564769e-02
2.009277343749999645e+01 4.730983205464037861e-02
2.011718749999999645e+01 4.822916090855255966e-02
2.014160156249999645e+01 4.947080738271309591e-02
2.016601562499999645e+01 4.825668166383671048e-02
2.019042968749999645e+01 4.467920500463582606e-02
2.021484374999999645e+01 4.582876930427359774e-02
2.023925781249999645e+01 4.373419564495043682e-02
2.026367187499999645e+01 4.629423771273125099e-02
2.028808593749999645e+01 4.512300965123120650e-02
2.031249999999999645e+01 4.804899547371944274e-02
2.033691406249999645e+01 4.611813312042472440e-02
2.036132812499999645e+01 4.391614635234827868e-02
2.038574218749999645e+01 4.304077548988482355e-02
2.041015624999999645e+01 4.392460580215461208e-02
2.043457031249999645e+01 4.719083836793810244e-02
2.045898437499999645e+01 4.888702993851861550e-02
2.048339843749999645e+01 4.651744995961833856e-02
2.050781249999999645e+01 4.541315590542115838e-02
2.053222656249999645e+01 4.749621602913723512e-02
2.055664062499999645e+01 4.785146929338632282e-02
2.058105468749999645e+01 4.567417137065381272e-02
2.060546874999999645e+01 4.667111972859147584e-02
2.062988281249999645e+01 4.732832188351673158e-02
2.065429687499999645e+01 4.600921018573615046e-02
2.067871093749999645e+01 4.685843515740952675e-02
2.070312499999999645e+01 4.335911374957283904e-02
2.072753906249999645e+01 4.288658666499885891e-02
2.075195312499999645e+01 4.505124303488238641e-02
2.077636718749999645e+01 5.287114204661187006e-02
2.080078124999999645e+01 4.859888499925146127e-02
2.082519531249999645e+01 4.826010872101837990e-02
2.084960937499999645e+01 4.370712820558172312e-02
2.087402343749999645e+01 4.492916293572805225e-02
2.089843749999999645e+01 4.610861364804951651e-02
2.092285156249999645e+01 4.915213785468389857e-02
2.094726562499999645e+01 5.014217009837874245e-02
2.097167968749999645e+01 4.405653160185194622e-02
2.099609374999999645e+01 4.625929589543067294e-02
2.102050781249999645e+01 4.640156014878209223e-02
2.104492187499999645e+01 4.811606918727260457e-02
2.106933593749999645e+01 4.797386215720486624e-02
2.109374999999999645e+01 4.049390683373566696e-02
2.111816406249999645e+01 4.733362536483961408e-02
2.114257812499999645e+01 4.757477822972755455e-02
2.116699218749999645e+01 4.511639525644816490e-02
2.119140624999999645e+01 4.712311200230780844e-02
2.121582031249999645e+01 4.775832506584474363e-02
2.124023437499999645e+01 4.765972522366917347e-02
2.126464843749999645e+01 4.476943218712229472e-02
2.128906249999999645e+01 4.781457573000509609e-02
2.131347656249999645e+01 4.624607476620813673e-02
2.133789062499999645e+01 4.412974169165431032e-02
2.136230468749999645e+01 4.314026645488604206e-02
2.138671874999999645e+01 4.904365913775481783e-02
2.141113281249999645e+01 4.763911981803466145e-02
2.143554687499999645e+01 4.963309046739943636e-02
2.145996093749999645e+01 5.191131917193787804e-02
2.148437499999999645e+01 4.708391423734049896e-02
2.150878906249999645e+01 4.492454644252569934e-02
2.153320312499999645e+01 4.901047574370901577e-02
2.155761718749999645e+01 4.690478333856876875e-02
2.158203124999999645e+01 4.904236639880079490e-02
2.160644531249999645e+01 4.869382808251598166e-02
2.163085937499999645e+01 4.602453276551178585e-02
2.165527343749999645e+01 4.431111618930074630e-02
2.167968749999999645e+01 4.610858038976842210e-02
2.170410156249999645e+01 4.422327884137728510e-02
2.172851562499999645e+01 4.736672182699146888e-02
2.175292968749999645e+01 4.546481819998588608e-02
2.177734374999999645e+01 4.588164649107571991e-02
2.180175781249999645e+01 4.623030185565320943e-02
2.182617187499999645e+01 4.844409074615549371e-02
2.185058593749999645e+01 4.530368636043158315e-02
2.187499999999999645e+01 4.416863244641534847e-02
2.189941406249999645e+01 4.611172686795774606e-02
2.192382812499999645e+01 4.317309908880909153e-02
2.194824218749999645e+01 4.482636714076233819e-02
2.197265624999999645e+01 4.548525658115355058e-02
2.199707031249999645e+01 4.754761901546360192e-02
2.202148437499999645e+01 4.747060264892859899e-02
2.204589843749999645e+01 4.850297719718376505e-02
2.207031249999999645e+01 4.676430486490935207e-02
2.209472656249999645e+01 4.413949427869109238e-02
2.211914062499999645e+01 4.524783209589619548e-02
2.214355468749999645e+01 4.570234609211822063e-02
2.216796874999999645e+01 4.537545624373844760e-02
2.219238281249999645e+01 4.802111725412516047e-02
2.221679687499999645e+01 5.034334669574733190e-02
2.224121093749999645e+01 4.803628723733625872e-02
2.226562499999999645e+01 4.464964620195902706e-02
2.229003906249999645e+01 4.872077982302874116e-02
2.231445312499999645e+01 4.826120181035390561e-02
2.233886718749999645e+01 4.344447561767667693e-02
2.236328124999999645e+01 4.564800948582595913e-02
2.238769531249999645e+01 4.723926041739982817e-02
2.241210937499999645e+01 4.544298293018386031e-02
2.243652343749999645e+01 4.769859526976608782e-02
2.246093749999999645e+01 4.876345447384274057e-02
2.248535156249999645e+01 4.769594578638346877e-02
2.250976562499999645e+01 4.730409439832417712e-02
2.253417968749999645e+01 4.482909314006119916e-02
2.255859374999999645e+01 4.343615235133058139e-02
2.258300781249999645e+01 4.523815578555750311e-02
2.260742187499999645e+01 4.380316577910736003e-02
2.263183593749999645e+01 4.371573663160240042e-02
2.265624999999999645e+01 4.549404564337225509e-02
2.268066406249999645e+01 4.439047381098255168e-02
2.270507812499999645e+01 4.486623834707560016e-02
2.272949218749999645e+01 4.860934879819423654e-02
2.275390624999999645e+01 4.646784415808088986e-02
2.277832031249999645e+01 4.346904008464687330e-02
2.280273437499999645e+01 4.800401552964416590e-02
2.282714843749999645e+01 5.079793305271160936e-02
2.285156249999999645e+01 4.840215618645705292e-02
2.287597656249999645e+01 4.528577854721096280e-02
2.290039062499999645e+01 4.542353316442882677e-02
2.292480468749999645e+01 4.653682932816642637e-02
2.294921874999999645e+01 5.224062648813105475e-02
2.297363281249999645e+01 4.651721685709187676e-02
2.299804687499999645e+01 4.433822299215801899e-02
2.302246093749999645e+01 4.209259107999938770e-02
2.304687499999999645e+01 4.554262863730913768e-02
2.307128906249999645e+01 4.674749591491910578e-02
2.309570312499999645e+01 4.316688857740917651e-02
2.312011718749999645e+01 4.286227951635878525e-02
2.314453124999999645e+01 4.699482284593844289e-02
2.316894531249999645e+01 4.384117537958352046e-02
2.319335937499999645e+01 4.753447410257435890e-02
2.321777343749999645e+01 4.422192215913632596e-02
2.324218749999999645e+01 4.750190625717728293e-02
2.326660156249999645e+01 4.891944055883073322e-02
2.329101562499999645e+01 4.506376863653017290e-02
2.331542968749999645e+01 4.282052455331082641e-02
2.333984374999999645e+01 4.442788327054632280e-02
2.336425781249999645e+01 4.428368081710400139e-02
2.338867187499999645e+01 4.796641294639678726e-02
2.341308593749999645e+01 4.528554414902720426e-02
2.343749999999999645e+01 4.346330889420967070e-02
2.346191406249999645e+01 4.399336059465761006e-02
2.348632812499999645e+01 4.442904977017211876e-02
2.351074218749999645e+01 4.543174075117101945e-02
2.353515624999999645e+01 4.588012183654584936e-02
2.355957031249999645e+01 4.941640091171121268e-02
2.358398437499999645e+01 4.278899679436499320e-02
2.360839843749999645e+01 4.565957746347946988e-02
2.363281249999999645e+01 4.642227060583369730e-02
2.365722656249999645e+01 4.552051114591620234e-02
2.368164062499999645e+01 4.573811377873170797e-02
2.370605468749999645e+01 4.649758789230356432e-02
2.373046874999999645e+01 4.641992030143311798e-02
2.375488281249999645e+01 4.731801026569461277e-02
2.377929687499999645e+01 4.825565687694510081e-02
2.380371093749999645e+01 4.458337988099071725e-02
2.382812499999999645e+01 4.911063709027165686e-02
2.385253906249999645e+01 4.917782530193907931e-02
2.387695312499999645e+01 4.237774955826868750e-02
2.390136718749999645e+01 4.601583060439374401e-02
2.392578124999999645e+01 4.563519395421956892e-02
2.395019531249999645e+01 4.314066060653810875e-02
2.397460937499999645e+01 4.773693038440829373e-02
2.399902343749999645e+01 4.748236235956644624e-02
2.402343749999999645e+01 4.522802582493714446e-02
2.404785156249999645e+01 4.439866561523726080e-02
2.407226562499999645e+01 4.528165633832317849e-02
2.409667968749999645e+01 4.897297006825784838e-02
2.412109374999999645e+01 4.362096789414054293e-02
2.414550781249999645e+01 4.523911777179780158e-02
2.416992187499999645e+01 5.012165090537066409e-02
2.419433593749999645e+01 4.830936889250258409e-02
2.421874999999999645e+01 4.581700397937336910e-02
2.424316406249999645e+01 4.841548639784947622e-02
2.426757812499999645e+01 4.625181190324387931e-02
2.429199218749999645e+01 4.499215824696632671e-02
2.431640624999999645e+01 4.726373524322106945e-02
2.434082031249999645e+01 4.750598001361142769e-02
2.436523437499999645e+01 4.737531214665262336e-02
2.438964843749999645e+01 4.734762409315389914e-02
2.441406249999999645e+01 4.537639326493390912e-02
2.443847656249999645e+01 4.674799517994290832e-02
2.446289062499999645e+01 4.552480524465776085e-02
2.448730468749999645e+01 4.629021013987875965e-02
2.451171874999999645e+01 4.984079849141245105e-02
2.453613281249999645e+01 5.174844100559442689e-02
2.456054687499999645e+01 4.693698358750787725e-02
2.458496093749999645e+01 4.981584555303190942e-02
2.460937499999999645e+01 4.874581042517636686e-02
2.463378906249999645e+01 5.026934364274726619e-02
2.465820312499999645e+01 4.720623121291487451e-02
2.468261718749999645e+01 4.625820488965559640e-02
2.470703124999999645e+01 4.837650425194464643e-02
2.473144531249999645e+01 4.841841392231483604e-02
2.475585937499999645e+01 4.484427652964825123e-02
2.478027343749999645e+01 4.700062665739979800e-02
2.480468749999999645e+01 4.779356384115049372e-02
2.482910156249999645e+01 4.467490400866162836e-02
2.485351562499999645e+01 4.479818240100427035e-02
2.487792968749999645e+01 4.517725774698928137e-02
2.490234374999999645e+01 4.601740519477332675e-02
2.492675781249999645e+01 4.495113495985013363e-02
2.495117187499999645e+01 4.538875053234417423e-02
2.497558593749999645e+01 4.637955733821989140e-02
2.499999999999999645e+01 4.649964667850171179e-02
2.502441406249999645e+01 4.747213883384655136e-02
2.504882812499999645e+01 5.008033236453238862e-02
2.507324218749999645e+01 4.719624626067982220e-02
2.509765624999999645e+01 4.746718881434418974e-02
2.512207031249999645e+01 4.789844498871034806e-02
2.514648437499999645e+01 4.699896373296470059e-02
2.517089843749999645e+01 4.729062162466914077e-02
2.519531249999999645e+01 4.734036594961551353e-02
2.521972656249999645e+01 4.939761221199159141e-02
2.524414062499999645e+01 5.224419474594068497e-02
2.526855468749999645e+01 4.585451417437921146e-02
2.529296874999999645e+01 4.956716925806359947e-02
2.531738281249999645e+01 5.207114971874293730e-02
2.534179687499999645e+01 5.030924306397423218e-02
2.536621093749999645e+01 4.639436232412860739e-02
2.539062499999999645e+01 4.575680675353081123e-02
2.541503906249999645e+01 4.930897916280905374e-02
2.543945312499999645e+01 4.491623637753086595e-02
2.546386718749999645e+01 4.744854694588736960e-02
2.548828124999999645e+01 5.155082125266038928e-02
2.551269531249999645e+01 4.963348468885706716e-02
2.553710937499999645e+01 4.872514451223548815e-02
2.556152343749999645e+01 5.085516307470928921e-02
2.558593749999999645e+01 4.306163080038354768e-02
2.561035156249999645e+01 4.729124172743123800e-02
2.563476562499999645e+01 4.650928311771883317e-02
2.565917968749999645e+01 4.729725870408954536e-02
2.568359374999999645e+01 4.567985345689429266e-02
2.570800781249999645e+01 4.710394887706507300e-02
2.573242187499999645e+01 5.126359767930792344e-02
2.575683593749999645e+01 4.972353087846895225e-02
2.578124999999999645e+01 5.120782031047907412e-02
2.580566406249999645e+01 4.686167186567020970e-02
2.583007812499999645e+01 4.599330405517341319e-02
2.585449218749999645e+01 5.126154408840739862e-02
2.587890624999999645e+01 5.192491519888279422e-02
2.590332031249999645e+01 5.329200926349534490e-02
2.592773437499999645e+01 4.733638528132862178e-02
2.595214843749999645e+01 4.493111468834855987e-02
2.597656249999999645e+01 4.580603940693006582e-02
2.600097656249999645e+01 5.113787418138572571e-02
2.602539062499999645e+01 4.858389460118546499e-02
2.604980468749999645e+01 5.144305778092546355e-02
2.607421874999999645e+01 5.044836070508728482e-02
2.609863281249999645e+01 4.983985177236723019e-02
2.612304687499999645e+01 5.378176706962582015e-02
2.614746093749999645e+01 5.180837571571534489e-02
2.617187499999999645e+01 5.096006666535315976e-02
2.619628906249999645e+01 4.886996119963990526e-02
2.622070312499999645e+01 4.606084093321138884e-02
2.624511718749999645e+01 4.545241453355684108e-02
2.626953124999999645e+01 5.091214345238406769e-02
2.629394531249999645e+01 5.103382856266999723e-02
2.631835937499999645e+01 4.914925059301888943e-02
2.634277343749999645e+01 4.903119297330222476e-02
2.636718749999999645e+01 5.444923250391012215e-02
2.639160156249999645e+01 5.228777770327843605e-02
2.641601562499999645e+01 5.564722488434465514e-02
2.644042968749999645e+01 5.709183675615746995e-02
2.646484374999999645e+01 5.212494725866536477e-02
2.648925781249999645e+01 5.112824562385287486e-02
2.651367187499999645e+01 4.548711920669586822e-02
2.653808593749999645e+01 5.057857078169247789e-02
2.656249999999999645e+01 5.404383323228365704e-02
2.658691406249999645e+01 4.820857118544649711e-02
2.661132812499999645e+01 4.708002311292802666e-02
2.663574218749999645e+01 5.124234830257762968e-02
2.666015624999999645e+01 4.617912460027800287e-02
2.668457031249999645e+01 4.901331283835796276e-02
2.670898437499999645e+01 5.060776259078172273e-02
2.673339843749999645e+01 5.276007200860877849e-02
2.675781249999999645e+01 4.932007366355820044e-02
2.678222656249999645e+01 4.697915044853322175e-02
2.680664062499999645e+01 5.321629513780650605e-02
2.683105468749999645e+01 5.055326644829881422e-02
2.685546874999999645e+01 4.602016006191930048e-02
2.687988281249999645e+01 5.061801703544050596e-02
2.690429687499999645e+01 4.871473375611335560e-02
2.692871093749999645e+01 5.095415866979848690e-02
2.695312499999999645e+01 5.056703378492424794e-02
2.697753906249999645e+01 4.743623767271918507e-02
2.700195312499999645e+01 5.158104100409068721e-02
2.702636718749999645e+01 5.361878208117510508e-02
2.705078124999999645e+01 5.065504806997026682e-02
2.707519531249999645e+01 5.038854111588395718e-02
2.709960937499999645e+01 5.049706234331220733e-02
2.712402343749999645e+01 5.534276309490040319e-02
2.714843749999999645e+01 5.006554049166767745e-02
2.717285156249999645e+01 5.296408593739358739e-02
2.719726562499999645e+01 5.335274640625418258e-02
2.722167968749999645e+01 5.268824708548184438e-02
2.724609374999999645e+01 5.502621509788852006e-02
2.727050781249999645e+01 4.629421341280194613e-02
2.729492187499999645e+01 5.140510082243091028e-02
2.731933593749999645e+01 4.905456702376824463e-02
2.734374999999999645e+01 4.598263875254328392e-02
2.736816406249999645e+01 4.929752882444798229e-02
2.739257812499999645e+01 4.761899691091857345e-02
2.741699218749999645e+01 4.991076574497346069e-02
2.744140624999999645e+01 4.846007213936446428e-02
2.746582031249999645e+01 4.811419086814282958e-02
2.749023437499999645e+01 4.852546551422332044e-02
2.751464843749999645e+01 5.081100094487293883e-02
2.753906249999999645e+01 5.006732261857124722e-02
2.756347656249999645e+01 4.531793467776885215e-02
2.758789062499999645e+01 4.952157902979884008e-02
2.761230468749999645e+01 5.036291096652417004e-02
2.763671874999999645e+01 4.650190406082607697e-02
2.766113281249999645e+01 4.600150110750955007e-02
2.768554687499999645e+01 4.621087107568351560e-02
2.770996093749999645e+01 4.647197878388441283e-02
2.773437499999999645e+01 4.856775388770339513e-02
2.775878906249999645e+01 4.849508954897489843e-02
2.778320312499999645e+01 4.881691636760168013e-02
2.780761718749999645e+01 5.071752847711741979e-02
2.783203124999999645e+01 4.535428787163333503e-02
2.785644531249999645e+01 4.827896019905109776e-02
2.788085937499999645e+01 4.615906878544231290e-02
2.790527343749999645e+01 4.666373288045700535e-02
2.792968749999999645e+01 4.822140723243695942e-02
2.795410156249999645e+01 4.613454921729638614e-02
2.797851562499999645e+01 4.729812005857421398e-02
2.800292968749999645e+01 4.586109330529034023e-02
2.802734374999999645e+01 4.537359818432380731e-02
2.805175781249999645e+01 4.437953867601460850e-02
2.807617187499999645e+01 4.810149070912377728e-02
2.810058593749999645e+01 4.759726677950314871e-02
2.812499999999999645e+01 4.890613850655319006e-02
2.814941406249999645e+01 5.211042187111181861e-02
2.817382812499999645e+01 4.998550967633152292e-02
2.819824218749999645e+01 4.883124772412284625e-02
2.822265624999999645e+01 4.851513606757587582e-02
2.824707031249999645e+01 4.606131793193667112e-02
2.827148437499999645e+01 4.619478723865850373e-02
2.829589843749999645e+01 4.839984216687610863e-02
2.832031249999999645e+01 4.656156214644803504e-02
2.834472656249999645e+01 4.492877994337448472e-02
2.836914062499999645e+01 4.635481881812172911e-02
2.839355468749999645e+01 4.708589806226604058e-02
2.841796874999999645e+01 4.482927181745988143e-02
2.844238281249999645e+01 4.437491327782729089e-02
2.846679687499999645e+01 4.404287682531229237e-02
2.849121093749999645e+01 4.622277953822149371e-02
2.851562499999999645e+01 4.624955900300069950e-02
2.854003906249999645e+01 4.932362196351581379e-02
2.856445312499999645e+01 4.697284232373434565e-02
2.858886718749999645e+01 4.463544999067810271e-02
2.861328124999999645e+01 4.817930845290770842e-02
2.863769531249999645e+01 4.447704875126591573e-02
2.866210937499999645e+01 4.773175688382571419e-02
2.868652343749999645e+01 4.497159672010027365e-02
2.871093749999999645e+01 4.641183403378607714e-02
2.873535156249999645e+01 4.859020706081534219e-02
2.875976562499999645e+01 4.726911391070472146e-02
2.878417968749999645e+01 4.223885973976810454e-02
2.880859374999999645e+01 4.466623667283290550e-02
2.883300781249999645e+01 4.618362291873797515e-02
2.885742187499999645e+01 4.784595888464467789e-02
2.888183593749999645e+01 4.460319483683708452e-02
2.890624999999999645e+01 4.195392058623177711e-02
2.893066406249999645e+01 4.407122154644296103e-02
2.895507812499999645e+01 4.517700106659286452e-02
2.897949218749999645e+01 4.674647624340351471e-02
2.900390624999999645e+01 4.611322420778882908e-02
2.902832031249999645e+01 4.907630321236284426e-02
2.905273437499999645e+01 4.759953302537479197e-02
2.907714843749999645e+01 4.729171647728564604e-02
2.910156249999999645e+01 4.775389013927553578e-02
2.912597656249999645e+01 4.390764166491702841e-02
2.915039062499999645e+01 4.430096827868468257e-02
2.917480468749999645e+01 4.523293203826989767e-02
2.919921874999999645e+01 4.511409916081976501e-02
2.922363281249999645e+01 4.566406869501262594e-02
2.924804687499999645e+01 4.862931578369007052e-02
2.927246093749999645e+01 4.577041366434777409e-02
2.929687499999999645e+01 4.161133937702314600e-02
2.932128906249999645e+01 4.347420375349737159e-02
2.934570312499999645e+01 4.362524248231323953e-02
2.937011718749999645e+01 4.203929042640572322e-02
2.939453124999999645e+01 4.609941465427550011e-02
2.941894531249999645e+01 4.728056670597148570e-02
2.944335937499999645e+01 4.444602952053341299e-02
2.946777343749999645e+01 4.450139467835196455e-02
2.949218749999999645e+01 4.886694249322702521e-02
2.951660156249999645e+01 4.573317725717809812e-02
2.954101562499999645e+01 4.649285947278979786e-02
2.956542968749999645e+01 4.619659716898961294e-02
2.958984374999999645e+01 4.627603275036411279e-02
2.961425781249999645e+01 4.654878184143931147e-02
2.963867187499999645e+01 4.933275304848370318e-02
2.966308593749999645e+01 4.932137000460759535e-02
2.968749999999999645e+01 4.615910247539371791e-02
2.971191406249999645e+01 4.334615349467067780e-02
2.973632812499999645e+01 4.462234271568743527e-02
2.976074218749999645e+01 4.684072220314918628e-02
2.978515624999999645e+01 4.748899569646488489e-02
2.980957031249999645e+01 4.719429982161035819e-02
2.983398437499999645e+01 4.699046546777186500e-02
2.985839843749999645e+01 4.485221282364700718e-02
2.988281249999999645e+01 4.486850891183765538e-02
2.990722656249999645e+01 4.635768158556367868e-02
2.993164062499999645e+01 4.769269152733493500e-02
2.995605468749999645e+01 4.725144150552492567e-02
2.998046874999999645e+01 4.260945716921731019e-02
3.000488281249999645e+01 4.342075523453275271e-02
3.002929687499999645e+01 4.247607499632103517e-02
3.005371093749999645e+01 4.483557473625403300e-02
3.007812499999999645e+01 4.405700853296908026e-02
3.010253906249999645e+01 4.647836115591808676e-02
3.012695312499999645e+01 4.957079714871794746e-02
3.015136718749999645e+01 4.594082059470458446e-02
3.017578124999999645e+01 4.873826085412134163e-02
3.020019531249999645e+01 4.967795721233388140e-02
3.022460937499999645e+01 4.441975244513963333e-02
3.024902343749999645e+01 4.317026308185405170e-02
3.027343749999999645e+01 5.041637632525813179e-02
3.029785156249999645e+01 4.514411813308147337e-02
3.032226562499999645e+01 4.669269841766453960e-02
3.034667968749999645e+01 4.484869747288481451e-02
3.037109374999999645e+01 4.857448198783555909e-02
3.039550781249999645e+01 4.377203338330541704e-02
3.041992187499999645e+01 4.362123313844632616e-02
3.044433593749999645e+01 4.536219599704035405e-02
3.046874999999999645e+01 4.310540482526620948e-02
3.049316406249999645e+01 4.846306283549894900e-02
3.051757812499999645e+01 4.621276673976826982e-02
3.054199218749999645e+01 4.782190590193930585e-02
3.056640624999999645e+01 4.992858302684365090e-02
3.059082031249999645e+01 4.660054844374202088e-02
3.061523437499999645e+01 4.553056962606460978e-02
3.063964843749999645e+01 4.580128122807177599e-02
3.066406249999999645e+01 4.776118583074420720e-02
3.068847656249999645e+01 4.769130544293684326e-02
3.071289062499999645e+01 4.634494718963036441e-02
3.073730468749999645e+01 4.681768354341405564e-02
3.076171874999999645e+01 4.699648329051984291e-02
3.078613281249999645e+01 4.805225675392402196e-02
3.081054687499999645e+01 4.421696213775087869e-02
3.083496093749999645e+01 4.350280129258302791e-02
3.085937499999999645e+01 4.677717159876360747e-02
3.088378906249999645e+01 4.575708758474225646e-02
3.090820312499999645e+01 4.766748652805433834e-02
3.093261718749999645e+01 4.409568518301355128e-02
3.095703124999999645e+01 4.678857065205848514e-02
3.098144531249999645e+01 4.652058171724021002e-02
3.100585937499999645e+01 4.624674133664328363e-02
3.103027343749999645e+01 4.519961324239267497e-02
3.105468749999999645e+01 4.521356746376353070e-02
3.107910156249999645e+01 4.738202935511419411e-02
3.110351562499999645e+01 4.617919561474874424e-02
3.112792968749999645e+01 4.703693454977391636e-02
3.115234374999999645e+01 4.313860182628432433e-02
3.117675781249999645e+01 4.622768043921233333e-02
3.120117187499999645e+01 4.847695339508353157e-02
3.122558593749999645e+01 4.663978041239322941e-02
3.124999999999999645e+01 5.079108950632058028e-02
3.127441406249999645e+01 4.396709203109453595e-02
3.129882812499999645e+01 4.769623732886896228e-02
3.132324218749999645e+01 4.587324439442545809e-02
3.134765624999999645e+01 4.843827173508666317e-02
3.137207031249999645e+01 4.595329094798421971e-02
3.139648437499999645e+01 4.955140870256197899e-02
3.142089843749999645e+01 4.607721296614895184e-02
3.144531249999999645e+01 4.412096714627552346e-02
3.146972656249999645e+01 4.812791824430140419e-02
3.149414062499999645e+01 4.988178915807887914e-02
3.151855468749999645e+01 4.761991946090917555e-02
3.154296874999999645e+01 4.704462160649410668e-02
3.156738281249999645e+01 4.542891041709883060e-02
3.159179687499999645e+01 4.451558126715650376e-02
3.161621093749999645e+01 4.608410422778381338e-02
3.164062499999999645e+01 4.754617007107469345e-02
3.166503906249999645e+01 4.634808449295020616e-02
3.168945312499999645e+01 4.662302742591694499e-02
3.171386718749999645e+01 4.418073611431097558e-02
3.173828124999999645e+01 4.552717541727810402e-02
3.176269531249999645e+01 4.454076928480964898e-02
3.178710937499999645e+01 4.376373814352137182e-02
3.181152343749999645e+01 4.674532967401614364e-02
3.183593749999999645e+01 4.347694094855688446e-02
3.186035156249999645e+01 4.524680151890637936e-02
3.188476562499999645e+01 4.393969158963696026e-02
3.190917968749999645e+01 4.528762273408900446e-02
3.193359374999999645e+01 4.849964188402438453e-02
3.195800781249999645e+01 4.554048088571394787e-02
3.198242187499999645e+01 4.428439792931437857e-02
3.200683593749999289e+01 4.748671618873468586e-02
3.203124999999999289e+01 4.607304644458718595e-02
3.205566406249999289e+01 4.230427209732299382e-02
3.208007812499999289e+01 4.790379650845515841e-02
3.210449218749999289e+01 4.616957156240027171e-02
3.212890624999999289e+01 4.048329369007695050e-02
3.215332031249999289e+01 4.807668301771425567e-02
3.217773437499999289e+01 4.631256962369546815e-02
3.220214843749999289e+01 4.313350176169044453e-02
3.222656249999999289e+01 4.081675837725434047e-02
3.225097656249999289e+01 4.530650762736557202e-02
3.227539062499999289e+01 4.598427914638542752e-02
3.229980468749999289e+01 4.276292230090310287e-02
3.232421874999999289e+01 4.338511570886430940e-02
3.234863281249999289e+01 4.543200405476991582e-02
3.237304687499999289e+01 4.373938774154824405e-02
3.239746093749999289e+01 4.855006540197013415e-02
3.242187499999999289e+01 4.395367286670331247e-02
3.244628906249999289e+01 4.650014623124517493e-02
3.247070312499999289e+01 4.952159779185179300e-02
3.249511718749999289e+01 4.335365859407455669e-02
3.251953124999999289e+01 4.518106057674819986e-02
3.254394531249999289e+01 4.381296526939938707e-02
3.256835937499999289e+01 4.518133860086658016e-02
3.259277343749999289e+01 4.437270374647490911e-02
3.261718749999999289e+01 4.738073767810191406e-02
3.264160156249999289e+01 5.000458140697464082e-02
3.266601562499999289e+01 4.650248266670315572e-02
3.269042968749999289e+01 4.464821280168315004e-02
3.271484374999999289e+01 4.469402865858296964e-02
3.273925781249999289e+01 4.478608762223708351e-02
3.276367187499999289e+01 4.497998155802333808e-02
3.278808593749999289e+01 4.304352276755748358e-02
3.281249999999999289e+01 4.525609878386342017e-02
3.283691406249999289e+01 4.393229637386666941e-02
3.286132812499999289e+01 4.468534036946091026e-02
3.288574218749999289e+01 4.249925095585238566e-02
3.291015624999999289e+01 4.575018290477479016e-02
3.293457031249999289e+01 4.776240678542893747e-02
3.295898437499999289e+01 4.577460135116467183e-02
3.298339843749999289e+01 4.547358963166082957e-02
3.300781249999999289e+01 4.528163255986236008e-02
3.303222656249999289e+01 4.465950694359035328e-02
3.305664062499999289e+01 4.365919218860424972e-02
3.308105468749999289e+01 4.490408120826872712e-02
3.310546874999999289e+01 4.803234658780556471e-02
3.312988281249999289e+01 4.653638920233180154e-02
3.315429687499999289e+01 4.727613986161800091e-02
3.317871093749999289e+01 4.890318972509454659e-02
3.320312499999999289e+01 4.780117053356529311e-02
3.322753906249999289e+01 4.665387267251012299e-02
3.325195312499999289e+01 4.758820726238867371e-02
3.327636718749999289e+01 4.584785441984475657e-02
3.330078124999999289e+01 4.606956830459933705e-02
3.332519531249999289e+01 4.674328481590149520e-02
3.334960937499999289e+01 4.514941158598986815e-02
3.337402343749999289e+01 4.620108019452027343e-02
3.339843749999999289e+01 4.466490587587971378e-02
3.342285156249999289e+01 4.362417165246937345e-02
3.344726562499999289e+01 4.427835976372430232e-02
3.347167968749999289e+01 4.558516013564769404e-02
3.349609374999999289e+01 4.274151407121663804e-02
3.352050781249999289e+01 4.775534870520628528e-02
3.354492187499999289e+01 4.673070499782772114e-02
3.356933593749999289e+01 4.504922751207236092e-02
3.359374999999999289e+01 4.528307544659852801e-02
3.361816406249999289e+01 4.238437046929167951e-02
3.364257812499999289e+01 4.333464867132495735e-02
3.366699218749999289e+01 4.165263750755883454e-02
3.369140624999999289e+01 4.458227411544654628e-02
3.371582031249999289e+01 4.452096879959280967e-02
3.374023437499999289e+01 5.001794575479221600e-02
3.376464843749999289e+01 4.682767448983819747e-02
3.378906249999999289e+01 5.098427533467712880e-02
3.381347656249999289e+01 4.553045028003477324e-02
3.383789062499999289e+01 4.715661418220741530e-02
3.386230468749999289e+01 4.820084987482629174e-02
3.388671874999999289e+01 4.900615750932579839e-02
3.391113281249999289e+01 4.781435275513341160e-02
3.393554687499999289e+01 4.476506542182220882e-02
3.395996093749999289e+01 4.175611797294655897e-02
3.398437499999999289e+01 4.509404825340392053e-02
3.400878906249999289e+01 4.607021378857604349e-02
3.403320312499999289e+01 4.783820657637748858e-02
3.405761718749999289e+01 4.623454097513732958e-02
3.408203124999999289e+01 4.776417236252979842e-02
3.410644531249999289e+01 4.583003844522377801e-02
3.413085937499999289e+01 4.444176245827814731e-02
3.415527343749999289e+01 4.449775293118764935e-02
3.417968749999999289e+01 4.628938001583114692e-02
3.420410156249999289e+01 4.615104723788091001e-02
3.422851562499999289e+01 4.462817338954210705e-02
3.425292968749999289e+01 4.451051423605566909e-02
3.427734374999999289e+01 4.516232214328566585e-02
3.430175781249999289e+01 4.633912840948826301e-02
3.432617187499999289e+01 5.166004359503200555e-02
3.435058593749999289e+01 4.514928467618978952e-02
3.437499999999999289e+01 4.678267046241727650e-02
3.439941406249999289e+01 4.792331617137278454e-02
3.442382812499999289e+01 4.534482771317530775e-02
3.444824218749999289e+01 4.969381952399330726e-02
3.447265624999999289e+01 4.980942703670361571e-02
3.449707031249999289e+01 5.166830129802824773e-02
3.452148437499999289e+01 4.807093714205599305e-02
3.454589843749999289e+01 4.479122424778310407e-02
3.457031249999999289e+01 4.406501777015836563e-02
3.459472656249999289e+01 4.409260871810053578e-02
3.461914062499999289e+01 4.654807720054673220e-02
3.464355468749999289e+01 4.702181075382839970e-02
3.466796874999999289e+01 4.157617164117345665e-02
3.469238281249999289e+01 4.407178885756367348e-02
3.471679687499999289e+01 4.226835723394425925e-02
3.474121093749999289e+01 4.689495488870143447e-02
3.476562499999999289e+01 4.765145680273119577e-02
3.479003906249999289e+01 4.633111919343287088e-02
3.481445312499999289e+01 4.516712626505971911e-02
3.483886718749999289e+01 4.599149829116690180e-02
3.486328124999999289e+01 4.423120417594173653e-02
3.488769531249999289e+01 4.744784013122983757e-02
3.491210937499999289e+01 5.045666012461748340e-02
3.493652343749999289e+01 4.801868706354033706e-02
3.496093749999999289e+01 4.263664918358142653e-02
3.498535156249999289e+01 4.755127141054850404e-02
