# coord_A   rho_avg_e_per_A3
0.000000000000000000e+00 6.080736645524866251e-05
4.285714285714285754e-02 5.094474327855469728e-05
8.571428571428571508e-02 4.096752438102845668e-05
1.285714285714285587e-01 3.087916903295402274e-05
1.714285714285714302e-01 2.069699744334290302e-05
2.142857142857143016e-01 1.044642138510939220e-05
2.571428571428571175e-01 1.622176038545457519e-07
2.999999999999999889e-01 -1.011385094341971444e-05
3.428571428571428603e-01 -2.034618069057421566e-05
3.857142857142857317e-01 -3.051961601643459615e-05
4.285714285714286031e-01 -4.064023583735981748e-05
4.714285714285714191e-01 -5.072243448846425673e-05
5.142857142857142350e-01 -6.077622181161375641e-05
5.571428571428571619e-01 -7.080381168803033954e-05
5.999999999999999778e-01 -8.079954771312330606e-05
6.428571428571429047e-01 -9.074487893462078794e-05
6.857142857142857206e-01 -1.006035718298496650e-04
7.285714285714285365e-01 -1.103297510590189802e-04
7.714285714285714635e-01 -1.198881021808504793e-04
8.142857142857142794e-01 -1.292679793674363726e-04
8.571428571428572063e-01 -1.384775013183001547e-04
9.000000000000000222e-01 -1.475273704236104851e-04
9.428571428571428381e-01 -1.564253363150726545e-04
9.857142857142857650e-01 -1.651834453634865485e-04
1.028571428571428470e+00 -1.738166581738806080e-04
1.071428571428571397e+00 -1.823199665819074094e-04
1.114285714285714324e+00 -1.906466145823727766e-04
1.157142857142857251e+00 -1.987240632332299350e-04
1.199999999999999956e+00 -2.065076741526517597e-04
1.242857142857142883e+00 -2.140217486073906254e-04
1.285714285714285809e+00 -2.213390872391015794e-04
1.328571428571428514e+00 -2.285133656938392096e-04
1.371428571428571441e+00 -2.355341119822142713e-04
1.414285714285714368e+00 -2.423522938921473125e-04
1.457142857142857073e+00 -2.489446702269128894e-04
1.500000000000000000e+00 -2.553401994041373585e-04
1.542857142857142927e+00 -2.615781989498359842e-04
1.585714285714285632e+00 -2.676523550710101424e-04
1.628571428571428559e+00 -2.735143438086651150e-04
1.671428571428571486e+00 -2.791390242832834717e-04
1.714285714285714413e+00 -2.845756107900457841e-04
1.757142857142857117e+00 -2.899217195647533270e-04
1.800000000000000044e+00 -2.952471362542701287e-04
1.842857142857142971e+00 -3.005533871153124150e-04
1.885714285714285676e+00 -3.058115415140100278e-04
1.928571428571428603e+00 -3.110273235654363415e-04
1.971428571428571530e+00 -3.162536165762723072e-04
2.014285714285714235e+00 -3.215404543759340554e-04
2.057142857142856940e+00 -3.268938861430804930e-04
2.100000000000000089e+00 -3.323057938640092764e-04
2.142857142857142794e+00 -3.378267978085750640e-04
2.185714285714285943e+00 -3.435940922007745934e-04
2.228571428571428648e+00 -3.497711390112041548e-04
2.271428571428571352e+00 -3.564554316539821858e-04
2.314285714285714501e+00 -3.636480442787298783e-04
2.357142857142857206e+00 -3.713124475996574777e-04
2.399999999999999911e+00 -3.794589426366316723e-04
2.442857142857143060e+00 -3.881768999916741271e-04
2.485714285714285765e+00 -3.976057178086296324e-04
2.528571428571428470e+00 -4.078987933907532318e-04
2.571428571428571619e+00 -4.192224964492432789e-04
2.614285714285714324e+00 -4.317719381622342695e-04
2.657142857142857029e+00 -4.457591151376729950e-04
2.700000000000000178e+00 -4.613677731046482954e-04
2.742857142857142883e+00 -4.787200916992869143e-04
2.785714285714285587e+00 -4.978979154722466957e-04
2.828571428571428736e+00 -5.190090150507510819e-04
2.871428571428571441e+00 -5.422486580504016617e-04
2.914285714285714146e+00 -5.679198937818997909e-04
2.957142857142857295e+00 -5.964176811043238931e-04
3.000000000000000000e+00 -6.282011230681775003e-04
3.042857142857142705e+00 -6.637626747992929734e-04
3.085714285714285854e+00 -7.035877196089454413e-04
3.128571428571428559e+00 -7.481103807364171843e-04
3.171428571428571264e+00 -7.976949913257476692e-04
3.214285714285714413e+00 -8.526705935407434978e-04
3.257142857142857117e+00 -9.134121388104165596e-04
3.299999999999999822e+00 -9.804297187791658538e-04
3.342857142857142971e+00 -1.054426300929734708e-03
3.385714285714285676e+00 -1.136307950636418138e-03
3.428571428571428825e+00 -1.227149879600401925e-03
3.471428571428571530e+00 -1.328126447842165265e-03
3.514285714285714235e+00 -1.440419387609476057e-03
3.557142857142857384e+00 -1.565137168246104630e-03
3.600000000000000089e+00 -1.703292561906830441e-03
3.642857142857142794e+00 -1.855869193470658122e-03
3.685714285714285943e+00 -2.023962731819844117e-03
3.728571428571428648e+00 -2.208941626268571146e-03
3.771428571428571352e+00 -2.412565356206853272e-03
3.814285714285714501e+00 -2.637021642248202780e-03
3.857142857142857206e+00 -2.884873508140223947e-03
3.899999999999999911e+00 -3.158930023209641138e-03
3.942857142857143060e+00 -3.462078418355667760e-03
3.985714285714285765e+00 -3.797142604850380163e-03
4.028571428571428470e+00 -4.166843559255749285e-03
4.071428571428571175e+00 -4.573906497627320406e-03
4.114285714285713880e+00 -5.021294358727845103e-03
4.157142857142857473e+00 -5.512485959939845623e-03
4.200000000000000178e+00 -6.051696862750926761e-03
4.242857142857142883e+00 -6.643964485693225688e-03
4.285714285714285587e+00 -7.295064362857597677e-03
4.328571428571428292e+00 -8.011275834209383856e-03
4.371428571428571885e+00 -8.799071535179590203e-03
4.414285714285714590e+00 -9.664856193821609251e-03
4.457142857142857295e+00 -1.061489346139038795e-02
4.500000000000000000e+00 -1.165550351183304058e-02
4.542857142857142705e+00 -1.279350052246298018e-02
4.585714285714285410e+00 -1.403672682551617736e-02
4.628571428571429003e+00 -1.539449121658414098e-02
4.671428571428571708e+00 -1.687775055425870877e-02
4.714285714285714413e+00 -1.849896046043884162e-02
4.757142857142857117e+00 -2.027162913816227957e-02
4.799999999999999822e+00 -2.220971785091405831e-02
4.842857142857142527e+00 -2.432711864261138252e-02
4.885714285714286120e+00 -2.663745871942443944e-02
4.928571428571428825e+00 -2.915438875059629328e-02
4.971428571428571530e+00 -3.189232002267744503e-02
5.014285714285714235e+00 -3.486736592383182093e-02
5.057142857142856940e+00 -3.809812310434284449e-02
5.099999999999999645e+00 -4.160595586386518774e-02
5.142857142857143238e+00 -4.541460683168335039e-02
5.185714285714285943e+00 -4.954918482903949983e-02
5.228571428571428648e+00 -5.403480739919541698e-02
5.271428571428571352e+00 -5.889533347258627677e-02
5.314285714285714057e+00 -6.415263906463693211e-02
5.357142857142856762e+00 -6.982671358933340011e-02
5.400000000000000355e+00 -7.593650874563903641e-02
5.442857142857143060e+00 -8.250108046626704328e-02
5.485714285714285765e+00 -8.954030547652944150e-02
5.528571428571428470e+00 -9.707446223228570481e-02
5.571428571428571175e+00 -1.051222631850260020e-01
5.614285714285714768e+00 -1.136974198721617535e-01
5.657142857142857473e+00 -1.228043578087623794e-01
5.700000000000000178e+00 -1.324340904391331786e-01
5.742857142857142883e+00 -1.425613382135661467e-01
5.785714285714285587e+00 -1.531436264758673504e-01
5.828571428571428292e+00 -1.641223519827182398e-01
5.871428571428571885e+00 -1.754248955553956435e-01
5.914285714285714590e+00 -1.869661326810626023e-01
5.957142857142857295e+00 -1.986474853170064336e-01
6.000000000000000000e+00 -2.103521183523430482e-01
6.042857142857142705e+00 -2.219359563607493924e-01
6.085714285714285410e+00 -2.332203201684768801e-01
6.128571428571429003e+00 -2.440016247497491242e-01
6.171428571428571708e+00 -2.540407328929180641e-01
6.214285714285714413e+00 -2.630352917965449455e-01
6.257142857142857117e+00 -2.706027663791180093e-01
6.299999999999999822e+00 -2.762872791980807152e-01
6.342857142857142527e+00 -2.795949180416825164e-01
6.385714285714286120e+00 -2.800536475892607680e-01
6.428571428571428825e+00 -2.772851823710638652e-01
6.471428571428571530e+00 -2.710730800685001163e-01
6.514285714285714235e+00 -2.614113601257116448e-01
6.557142857142856940e+00 -2.485234585692547848e-01
6.599999999999999645e+00 -2.328480936556892311e-01
6.642857142857143238e+00 -2.149952785245914377e-01
6.685714285714285943e+00 -1.956807618402983118e-01
6.728571428571428648e+00 -1.756500302839137384e-01
6.771428571428571352e+00 -1.556039271661211199e-01
6.814285714285714057e+00 -1.361373633243845860e-01
6.857142857142857650e+00 -1.177011647660813065e-01
6.900000000000000355e+00 -1.005949533959197700e-01
6.942857142857143060e+00 -8.499385693488663296e-02
6.985714285714285765e+00 -7.100586983601751834e-02
7.028571428571428470e+00 -5.872016889804015927e-02
7.071428571428571175e+00 -4.824397069118604303e-02
7.114285714285714768e+00 -3.980707778771114952e-02
7.157142857142857473e+00 -3.383144485688870107e-02
7.200000000000000178e+00 -3.092749794267509594e-02
7.242857142857142883e+00 -3.181685722988235321e-02
7.285714285714285587e+00 -3.716557922327558272e-02
7.328571428571428292e+00 -4.735531169756777847e-02
7.371428571428571885e+00 -6.224857982501256354e-02
7.414285714285714590e+00 -8.102193848299006629e-02
7.457142857142857295e+00 -1.021206962485860653e-01
7.500000000000000000e+00 -1.233638428193726960e-01
7.542857142857142705e+00 -1.421930855884586120e-01
7.585714285714285410e+00 -1.560243720793577649e-01
7.628571428571429003e+00 -1.626340931063205986e-01
7.671428571428571708e+00 -1.605013951814883710e-01
7.714285714285714413e+00 -1.490359973202989852e-01
7.757142857142857117e+00 -1.286450702544341962e-01
7.799999999999999822e+00 -1.006289161242505809e-01
7.842857142857142527e+00 -6.693347858855930310e-02
7.885714285714286120e+00 -2.982038938851467799e-02
7.928571428571428825e+00 8.468252886303996238e-03
7.971428571428571530e+00 4.597656442047971803e-02
8.014285714285714235e+00 8.118287533667098432e-02
8.057142857142856940e+00 1.130161563202954217e-01
8.099999999999999645e+00 1.407664396167601917e-01
8.142857142857142350e+00 1.639424626964465781e-01
8.185714285714285054e+00 1.821381924971861577e-01
8.228571428571427759e+00 1.949579622790696964e-01
8.271428571428572241e+00 2.020218709597050855e-01
8.314285714285714946e+00 2.030421336042335656e-01
8.357142857142857650e+00 1.979356411541545735e-01
8.400000000000000355e+00 1.869182000292670676e-01
8.442857142857143060e+00 1.704700725716780663e-01
8.485714285714285765e+00 1.492550143498745097e-01
8.528571428571428470e+00 1.240933567800897724e-01
8.571428571428571175e+00 9.593194116729594767e-02
8.614285714285713880e+00 6.580598436786375127e-02
8.657142857142856585e+00 3.479475988037777912e-02
8.699999999999999289e+00 3.973338830445487420e-03
8.742857142857143771e+00 -2.563669051798296919e-02
8.785714285714286476e+00 -5.311381729173882127e-02
8.828571428571429180e+00 -7.767656917433027330e-02
8.871428571428571885e+00 -9.871281040175351740e-02
8.914285714285714590e+00 -1.157958932228977389e-01
8.957142857142857295e+00 -1.286862688714664471e-01
9.000000000000000000e+00 -1.373198560792345813e-01
9.042857142857142705e+00 -1.417856052623529539e-01
9.085714285714285410e+00 -1.422954573566908576e-01
9.128571428571428115e+00 -1.391500556532292154e-01
9.171428571428570820e+00 -1.327023931945481849e-01
9.214285714285713524e+00 -1.233214353627397897e-01
9.257142857142858006e+00 -1.113580006749576717e-01
9.300000000000000711e+00 -9.712728178418998659e-02
9.342857142857143415e+00 -8.093880316541327002e-02
9.385714285714286120e+00 -6.311058078818956862e-02
9.428571428571428825e+00 -4.396982573792015264e-02
9.471428571428571530e+00 -2.386544581738790638e-02
9.514285714285714235e+00 -3.200489484445372644e-03
9.557142857142856940e+00 1.752598411260480188e-02
9.599999999999999645e+00 3.769535771349920988e-02
9.642857142857142350e+00 5.656233300724302498e-02
9.685714285714285054e+00 7.326807131191946654e-02
9.728571428571429536e+00 8.687668969342958458e-02
9.771428571428572241e+00 9.643662251993799506e-02
9.814285714285714946e+00 1.010619660110907425e-01
9.857142857142857650e+00 1.000219844612300485e-01
9.900000000000000355e+00 9.283235013882888687e-02
9.942857142857143060e+00 7.934915156263645797e-02
9.985714285714285765e+00 5.984625338811827566e-02
1.002857142857142847e+01 3.506108562760029690e-02
1.007142857142857117e+01 6.197387441054141508e-03
1.011428571428571388e+01 -2.512325518385217712e-02
1.015714285714285658e+01 -5.696354728336412709e-02
1.019999999999999929e+01 -8.722060632273466452e-02
1.024285714285714377e+01 -1.138090253135291829e-01
1.028571428571428648e+01 -1.348535113897163240e-01
1.032857142857142918e+01 -1.488646822333006825e-01
1.037142857142857189e+01 -1.548735559658150907e-01
1.041428571428571459e+01 -1.525076917899365614e-01
1.045714285714285730e+01 -1.420030866195829689e-01
1.050000000000000000e+01 -1.241562357686667173e-01
1.054285714285714270e+01 -1.002268894132705146e-01
1.058571428571428541e+01 -7.180648882585971560e-02
1.062857142857142811e+01 -4.066718042865265226e-02
1.067142857142857082e+01 -8.606391363977419079e-03
1.071428571428571352e+01 2.269956590626513032e-02
1.075714285714285801e+01 5.181908319882995440e-02
1.080000000000000071e+01 7.765495185374340914e-02
1.084285714285714342e+01 9.949198604261197398e-02
1.088571428571428612e+01 1.169932125783298416e-01
1.092857142857142883e+01 1.301134459460070447e-01
1.097142857142857153e+01 1.389987374010326349e-01
1.101428571428571423e+01 1.439112451696739903e-01
1.105714285714285694e+01 1.451587413486333522e-01
1.109999999999999964e+01 1.430352354832735429e-01
1.114285714285714235e+01 1.377800239300339125e-01
1.118571428571428505e+01 1.295597473218432216e-01
1.122857142857142954e+01 1.184739553492813180e-01
1.127142857142857224e+01 1.045800893536791565e-01
1.131428571428571495e+01 8.792987484622963312e-02
1.135714285714285765e+01 6.860721621149554195e-02
1.140000000000000036e+01 4.675816273181374744e-02
1.144285714285714306e+01 2.260705619374254322e-02
1.148571428571428577e+01 -3.542681374821486130e-03
1.152857142857142847e+01 -3.132074040597486453e-02
1.157142857142857117e+01 -6.030871794047192036e-02
1.161428571428571388e+01 -9.005956874990397876e-02
1.165714285714285658e+01 -1.201121182881737665e-01
1.169999999999999929e+01 -1.499983836292188288e-01
1.174285714285714377e+01 -1.792436357538944036e-01
1.178571428571428648e+01 -2.073615551711665561e-01
1.182857142857142918e+01 -2.338386409240716390e-01
1.187142857142857189e+01 -2.581071517268412885e-01
1.191428571428571459e+01 -2.795418654181835993e-01
1.195714285714285730e+01 -2.974725999196378701e-01
1.200000000000000000e+01 -3.112011424153116601e-01
1.204285714285714270e+01 -3.199758468834705827e-01
1.208571428571428541e+01 -3.229669357057579071e-01
1.212857142857142811e+01 -3.193132061001769384e-01
1.217142857142857082e+01 -3.081833880741091103e-01
1.221428571428571352e+01 -2.888369662634619472e-01
1.225714285714285801e+01 -2.606761273101286802e-01
1.230000000000000071e+01 -2.232935299176902755e-01
1.234285714285714342e+01 -1.765205549476242530e-01
1.238571428571428612e+01 -1.204959796413965778e-01
1.242857142857142883e+01 -5.572655384459638400e-02
1.247142857142857153e+01 1.687296468440688951e-02
1.251428571428571423e+01 9.594836783228102850e-02
1.255714285714285694e+01 1.796861790375705037e-01
1.259999999999999964e+01 2.658110438475646542e-01
1.264285714285714235e+01 3.516017434036528555e-01
1.268571428571428505e+01 4.339246525514999786e-01
1.272857142857142954e+01 5.092838118450352392e-01
1.277142857142857224e+01 5.738927237559870997e-01
1.281428571428571495e+01 6.237760359079898009e-01
1.285714285714285765e+01 6.549126060941680150e-01
1.290000000000000036e+01 6.634292610141351298e-01
1.294285714285714306e+01 6.458486146576052356e-01
1.298571428571428577e+01 5.993838195462961593e-01
1.302857142857142847e+01 5.222655689689282843e-01
1.307142857142857117e+01 4.140755993568269178e-01
1.311428571428571388e+01 2.760494502159437369e-01
1.315714285714285658e+01 1.113028762194322452e-01
1.319999999999999929e+01 -7.507424623236311212e-02
1.324285714285714377e+01 -2.761082670122275706e-01
1.328571428571428648e+01 -4.832479362390508792e-01
1.332857142857142918e+01 -6.868917208920166662e-01
1.337142857142857189e+01 -8.770940472131616428e-01
1.341428571428571459e+01 -1.044389607159021738e+00
1.345714285714285730e+01 -1.180674718228023057e+00
1.350000000000000000e+01 -1.279937573812351070e+00
1.354285714285714270e+01 -1.338736211377770768e+00
1.358571428571428541e+01 -1.356404378720015735e+00
1.362857142857142811e+01 -1.334967742913477418e+00
1.367142857142857082e+01 -1.278788465180664691e+00
1.371428571428571530e+01 -1.193989885729820566e+00
1.375714285714285801e+01 -1.087740998486194322e+00
1.380000000000000071e+01 -9.674994068160845950e-01
1.384285714285714342e+01 -8.403143841063215325e-01
1.388571428571428612e+01 -7.122792285162715675e-01
1.392857142857142883e+01 -5.881908907945452292e-01
1.397142857142857153e+01 -4.714325076780906398e-01
1.401428571428571423e+01 -3.640522121240444831e-01
1.405714285714285694e+01 -2.669823507291352316e-01
1.409999999999999964e+01 -1.803258642486018082e-01
1.414285714285714235e+01 -1.036446817049154062e-01
1.418571428571428505e+01 -3.620084957655621272e-02
1.422857142857142954e+01 2.287135177082800369e-02
1.427142857142857224e+01 7.445912250748260020e-02
1.431428571428571495e+01 1.194220632170227558e-01
1.435714285714285765e+01 1.587284189936661871e-01
1.440000000000000036e+01 1.936018742781971946e-01
1.444285714285714306e+01 2.253687387520661167e-01
1.448571428571428577e+01 2.551698382837884194e-01
1.452857142857142847e+01 2.840319487965793366e-01
1.457142857142857117e+01 3.139796428342187529e-01
1.461428571428571388e+01 3.476451496615896586e-01
1.465714285714285658e+01 3.867232240727834225e-01
1.469999999999999929e+01 4.307100449471775727e-01
1.474285714285714377e+01 4.765687786161108552e-01
1.478571428571428648e+01 5.195485103479431377e-01
1.482857142857142918e+01 5.550730256970399790e-01
1.487142857142857189e+01 5.809684270005128770e-01
1.491428571428571459e+01 5.991210983634426279e-01
1.495714285714285730e+01 6.165156689665243217e-01
1.500000000000000000e+01 6.450844385567522377e-01
1.504285714285714270e+01 6.998975527650145301e-01
1.508571428571428541e+01 7.959693552019319052e-01
1.512857142857142811e+01 9.443936373239705251e-01
1.517142857142857082e+01 1.148724214987519199e+00
1.521428571428571530e+01 1.402494279869172633e+00
1.525714285714285801e+01 1.688529373097146236e+00
1.530000000000000071e+01 1.980287464382343599e+00
1.534285714285714342e+01 2.245008353503916698e+00
1.538571428571428612e+01 2.448036241272039337e+00
1.542857142857142883e+01 2.557419523982030096e+00
1.547142857142857153e+01 2.547884985701639682e+00
1.551428571428571423e+01 2.403500862585675968e+00
1.555714285714285694e+01 2.118753197326132653e+00
1.559999999999999964e+01 1.698192792726169298e+00
1.564285714285714235e+01 1.155144647731769725e+00
1.568571428571428505e+01 5.101235827304617665e-01
1.572857142857142954e+01 -2.106058727821011889e-01
1.577142857142857224e+01 -9.760757296511425318e-01
1.581428571428571495e+01 -1.751417561751191343e+00
1.585714285714285765e+01 -2.498760056814262054e+00
1.590000000000000036e+01 -3.178677005226302033e+00
1.594285714285714306e+01 -3.753296286334533161e+00
1.598571428571428577e+01 -4.190742427502511802e+00
1.602857142857142847e+01 -4.468108047813135641e+00
1.607142857142857295e+01 -4.573329915413092195e+00
1.611428571428571388e+01 -4.506075371562557663e+00
1.615714285714285836e+01 -4.277509127638335684e+00
1.619999999999999929e+01 -3.908945145725334136e+00
1.624285714285714377e+01 -3.429536861997406927e+00
1.628571428571428470e+01 -2.873301793549141614e+00
1.632857142857142918e+01 -2.275892740664679170e+00
1.637142857142857011e+01 -1.671575746819138786e+00
1.641428571428571459e+01 -1.090825233720475573e+00
1.645714285714285552e+01 -5.588102079692254254e-01
1.650000000000000000e+01 -9.485932018092591012e-02
1.654285714285714448e+01 2.872324727280072265e-01
1.658571428571428541e+01 5.783390555034768621e-01
1.662857142857142989e+01 7.729169329682429312e-01
1.667142857142857082e+01 8.680503484760524469e-01
1.671428571428571530e+01 8.628178434357277604e-01
1.675714285714285623e+01 7.580644458644981709e-01
1.680000000000000071e+01 5.564859277949096850e-01
1.684285714285714164e+01 2.630272504535763334e-01
1.688571428571428612e+01 -1.141578519103490230e-01
1.692857142857142705e+01 -5.634360855678709479e-01
1.697142857142857153e+01 -1.070558564371740129e+00
1.701428571428571601e+01 -1.619485516851402851e+00
1.705714285714285694e+01 -2.190663632172153985e+00
1.710000000000000142e+01 -2.757470707469758420e+00
1.714285714285714235e+01 -3.287400692227017807e+00
1.718571428571428683e+01 -3.749870482829800178e+00
1.722857142857142776e+01 -4.122484271609311968e+00
1.727142857142857224e+01 -4.392063313613913778e+00
1.731428571428571317e+01 -4.549735167611361319e+00
1.735714285714285765e+01 -4.581708084959312366e+00
1.739999999999999858e+01 -4.457999806243202912e+00
1.744285714285714306e+01 -4.123322987212204360e+00
1.748571428571428754e+01 -3.495032228728234713e+00
1.752857142857142847e+01 -2.469940795541045286e+00
1.757142857142857295e+01 -9.405274688064982902e-01
1.761428571428571388e+01 1.181244537987117038e+00
1.765714285714285836e+01 3.937455215270369902e+00
1.769999999999999929e+01 7.301015281672900592e+00
1.774285714285714377e+01 1.116154462384271184e+01
1.778571428571428470e+01 1.532409351284318255e+01
1.782857142857142918e+01 1.952182279736435433e+01
1.787142857142857011e+01 2.344099888397386877e+01
1.791428571428571459e+01 2.675368600361088056e+01
1.795714285714285907e+01 2.915217232938574554e+01
1.800000000000000000e+01 3.037906680740624665e+01
1.804285714285714448e+01 3.024834569632220749e+01
1.808571428571428541e+01 2.865523253119328473e+01
1.812857142857142989e+01 2.557572497797085731e+01
1.817142857142857082e+01 2.105906653153245855e+01
1.821428571428571530e+01 1.521759026806645920e+01
1.825714285714285623e+01 8.217614884098782824e+00
1.830000000000000071e+01 2.733354870082148613e-01
1.834285714285714164e+01 -8.357017520153871004e+00
1.838571428571428612e+01 -1.737536759076576942e+01
1.842857142857142705e+01 -2.645272804165157865e+01
1.847142857142857153e+01 -3.524662811765053050e+01
1.851428571428571601e+01 -4.342527026627907105e+01
1.855714285714285694e+01 -5.068806374823732597e+01
1.860000000000000142e+01 -5.678017586545736606e+01
1.864285714285714235e+01 -6.150212898930224270e+01
1.868571428571428683e+01 -6.471452116324799420e+01
1.872857142857142776e+01 -6.633883931640204423e+01
1.877142857142857224e+01 -6.635571300573236897e+01
1.881428571428571317e+01 -6.480154256025306836e+01
1.885714285714285765e+01 -6.176380420350484712e+01
1.889999999999999858e+01 -5.737482714341105350e+01
1.894285714285714306e+01 -5.180398686787476947e+01
1.898571428571428754e+01 -4.524959213084610354e+01
1.902857142857142847e+01 -3.793204367937745047e+01
1.907142857142857295e+01 -3.008996484029329466e+01
1.911428571428571388e+01 -2.198132873954676114e+01
1.915714285714285836e+01 -1.388866495529899581e+01
1.919999999999999929e+01 -6.125696396577568592e+00
1.924285714285714377e+01 9.595295462243290663e-01
1.928571428571428470e+01 6.984086398862051404e+00
1.932857142857142918e+01 1.150849349468805549e+01
1.937142857142857011e+01 1.407421485574140618e+01
1.941428571428571459e+01 1.435089850888537910e+01
1.945714285714285907e+01 1.230879285495825748e+01
1.950000000000000000e+01 8.353980588306919586e+00
1.954285714285714448e+01 3.378026813278349749e+00
1.958571428571428541e+01 -1.316509317359708664e+00
1.962857142857142989e+01 -4.214945332681361734e+00
1.967142857142857082e+01 -3.885728676756581734e+00
1.971428571428571530e+01 6.926226055580353425e-01
1.975714285714285623e+01 9.852533047080914486e+00
1.980000000000000071e+01 2.308275521873627056e+01
1.984285714285714164e+01 3.904972337458916343e+01
1.988571428571428612e+01 5.580252481971594136e+01
1.992857142857142705e+01 7.112213523375056923e+01
1.997142857142857153e+01 8.293724496932851764e+01
2.001428571428571601e+01 8.971071555532506636e+01
2.005714285714285694e+01 9.070747851106986559e+01
2.010000000000000142e+01 8.608549254837694775e+01
2.014285714285714235e+01 7.679690742047243646e+01
2.018571428571428683e+01 6.433460727868671825e+01
2.022857142857142776e+01 5.039536878816690546e+01
2.027142857142857224e+01 3.654695381211813299e+01
2.031428571428571317e+01 2.397666615254882316e+01
2.035714285714285765e+01 1.336701549398139477e+01
2.039999999999999858e+01 4.908190667849617661e+00
2.044285714285714306e+01 -1.584344059373772762e+00
2.048571428571428754e+01 -6.500057628409239285e+00
2.052857142857142847e+01 -1.026740024680038132e+01
2.057142857142857295e+01 -1.323764297253918265e+01
2.061428571428571388e+01 -1.563714344014111113e+01
2.065714285714285836e+01 -1.758338843440259680e+01
2.069999999999999929e+01 -1.913877179919277083e+01
2.074285714285714377e+01 -2.035941913972685313e+01
2.078571428571428470e+01 -2.129218439069989088e+01
2.082857142857142918e+01 -2.196099413525088906e+01
2.087142857142857011e+01 -2.237083506005399869e+01
2.091428571428571459e+01 -2.251522402916378240e+01
2.095714285714285907e+01 -2.238313574597482969e+01
2.100000000000000000e+01 -2.196474108093664768e+01
2.104285714285714448e+01 -2.125580354021592910e+01
2.108571428571428541e+01 -2.026083686456858146e+01
2.112857142857142989e+01 -1.899508445614715058e+01
2.117142857142857082e+01 -1.748536911443701669e+01
2.121428571428571530e+01 -1.576992521953623871e+01
2.125714285714285623e+01 -1.389694336285753629e+01
2.130000000000000071e+01 -1.192203572548695334e+01
2.134285714285714164e+01 -9.904709216143839257e+00
2.138571428571428612e+01 -7.904161027980867615e+00
2.142857142857142705e+01 -5.974878585176562673e+00
2.147142857142857153e+01 -4.162814162538831297e+00
2.151428571428571601e+01 -2.502767880868316475e+00
2.155714285714285694e+01 -1.017453939459768808e+00
2.160000000000000142e+01 2.815363881253648559e-01
2.164285714285714235e+01 1.391087017416964944e+00
2.168571428571428683e+01 2.312827853895291774e+00
2.172857142857142776e+01 3.049183342303154465e+00
2.177142857142857224e+01 3.600057304457772833e+00
2.181428571428571317e+01 3.961765231475039339e+00
2.185714285714285765e+01 4.129419812890354535e+00
2.189999999999999858e+01 4.097253567148005260e+00
2.194285714285714306e+01 3.859218294675912375e+00
2.198571428571428754e+01 3.417153801900237653e+00
2.202857142857142847e+01 2.790616753674989958e+00
2.207142857142857295e+01 2.024503180903218791e+00
2.211428571428571388e+01 1.191588292550120887e+00
2.215714285714285836e+01 3.880938494976219899e-01
2.219999999999999929e+01 -2.778595201212494259e-01
2.224285714285714377e+01 -7.034124583943482945e-01
2.228571428571428470e+01 -8.103524910297112971e-01
2.232857142857142918e+01 -5.624877252272106887e-01
2.237142857142857011e+01 2.327004122890292612e-02
2.241428571428571459e+01 8.752870551676762423e-01
2.245714285714285907e+01 1.876188754281651772e+00
2.250000000000000000e+01 2.881139225155837646e+00
2.254285714285714448e+01 3.741841956403065161e+00
2.258571428571428541e+01 4.331210150254804603e+00
2.262857142857142989e+01 4.563666024053600445e+00
2.267142857142857082e+01 4.407038760404590860e+00
2.271428571428571530e+01 3.883967233460556834e+00
2.275714285714285623e+01 3.063187108661810321e+00
2.280000000000000071e+01 2.043469530025145975e+00
2.284285714285714164e+01 9.343892594261087314e-01
2.288571428571428612e+01 -1.620562225346163232e-01
2.292857142857142705e+01 -1.164842071863751993e+00
2.297142857142857153e+01 -2.020089247651040587e+00
2.301428571428571601e+01 -2.700602339745747926e+00
2.305714285714285694e+01 -3.200394420461036393e+00
2.310000000000000142e+01 -3.526908857019507959e+00
2.314285714285714235e+01 -3.694077874315107923e+00
2.318571428571428683e+01 -3.718565966680466239e+00
2.322857142857142776e+01 -3.617587448506725423e+00
2.327142857142857224e+01 -3.408130554054674466e+00
2.331428571428571317e+01 -3.107524304914658586e+00
2.335714285714285765e+01 -2.733016565579496238e+00
2.339999999999999858e+01 -2.300223870549874761e+00
2.344285714285714306e+01 -1.822942738538555263e+00
2.348571428571428754e+01 -1.313328754308747737e+00
2.352857142857142847e+01 -7.822086402890492396e-01
2.357142857142857295e+01 -2.394499066065283177e-01
2.361428571428571388e+01 3.056423835398083266e-01
2.365714285714285836e+01 8.438978014950422324e-01
2.369999999999999929e+01 1.365808256274777754e+00
2.374285714285714377e+01 1.861016856888841442e+00
2.378571428571428470e+01 2.317815015105732179e+00
2.382857142857142918e+01 2.722741381264669247e+00
2.387142857142857011e+01 3.060589278237885402e+00
2.391428571428571459e+01 3.315670382335768274e+00
2.395714285714285907e+01 3.471982817479762673e+00
2.400000000000000000e+01 3.512893493482629914e+00
2.404285714285714448e+01 3.422008317646027642e+00
2.408571428571428541e+01 3.185643493623856237e+00
2.412857142857142989e+01 2.796852931890138283e+00
2.417142857142857082e+01 2.260230436316268854e+00
2.421428571428571530e+01 1.596403727156709085e+00
2.425714285714285623e+01 8.446062692075910761e-01
2.430000000000000071e+01 6.204483896843069474e-02
2.434285714285714164e+01 -6.807276212407116223e-01
2.438571428571428612e+01 -1.308443550300562475e+00
2.442857142857142705e+01 -1.752550424054915679e+00
2.447142857142857153e+01 -1.963312493196392339e+00
2.451428571428571601e+01 -1.919915744133619429e+00
2.455714285714285694e+01 -1.636155511751734348e+00
2.460000000000000142e+01 -1.160111901951195401e+00
2.464285714285714235e+01 -5.675055615016474375e-01
2.468571428571428683e+01 5.007631718340119914e-02
2.472857142857142776e+01 5.997119363239040712e-01
2.477142857142857224e+01 1.001556066520195021e+00
2.481428571428571317e+01 1.200308035855847999e+00
2.485714285714285765e+01 1.171630303706162612e+00
2.489999999999999858e+01 9.226253288549204346e-01
2.494285714285714306e+01 4.868523231411619467e-01
2.498571428571428754e+01 -8.453483475388318125e-02
2.502857142857142847e+01 -7.332558294178544989e-01
2.507142857142857295e+01 -1.403621090431492968e+00
2.511428571428571388e+01 -2.049684497590863241e+00
2.515714285714285836e+01 -2.638663610017550454e+00
2.519999999999999929e+01 -3.150687734712234622e+00
2.524285714285714377e+01 -3.575654362345890291e+00
2.528571428571428470e+01 -3.908590861029868080e+00
2.532857142857142918e+01 -4.146154064458999144e+00
2.537142857142857011e+01 -4.287386681487644680e+00
2.541428571428571459e+01 -4.333698841024228088e+00
2.545714285714285907e+01 -4.287433384615178866e+00
2.550000000000000000e+01 -4.150479787730005476e+00
2.554285714285714448e+01 -3.924302246400873884e+00
2.558571428571428541e+01 -3.611516817746859065e+00
2.562857142857142989e+01 -3.216750851218544760e+00
2.567142857142857082e+01 -2.747175333789025675e+00
2.571428571428571530e+01 -2.212757709609403101e+00
2.575714285714285623e+01 -1.626167611945980029e+00
2.580000000000000071e+01 -1.002377973755746332e+00
2.584285714285714164e+01 -3.579806669741923963e-01
2.588571428571428612e+01 2.896729954089425352e-01
2.592857142857142705e+01 9.234387064962732428e-01
2.597142857142857153e+01 1.527338270265922171e+00
2.601428571428571601e+01 2.087406761897765417e+00
2.605714285714285694e+01 2.592336843380747879e+00
2.610000000000000142e+01 3.033831066821351286e+00
2.614285714285714235e+01 3.406598674039218899e+00
2.618571428571428683e+01 3.707985696104242557e+00
2.622857142857142776e+01 3.937285493132390624e+00
2.627142857142857224e+01 4.094862804827384295e+00
2.631428571428571317e+01 4.181626587799786243e+00
2.635714285714285765e+01 4.198887367834742257e+00
2.639999999999999858e+01 4.147811127644009055e+00
2.644285714285714306e+01 4.026621715212333363e+00
2.648571428571428754e+01 3.829772404635989780e+00
2.652857142857142847e+01 3.552803383634203893e+00
2.657142857142857295e+01 3.198469875690487463e+00
2.661428571428571388e+01 2.781960782854145720e+00
2.665714285714285836e+01 2.332633751299068248e+00
2.669999999999999929e+01 1.891351754937664165e+00
2.674285714285714377e+01 1.504141238459756336e+00
2.678571428571428470e+01 1.213415707486528827e+00
2.682857142857142918e+01 1.049128205539743730e+00
2.687142857142857011e+01 1.022036354416964610e+00
2.691428571428571459e+01 1.120993980744580121e+00
2.695714285714285907e+01 1.314934483239728502e+00
2.700000000000000000e+01 1.559018474292651169e+00
2.704285714285714448e+01 1.803484032121059233e+00
2.708571428571428541e+01 2.003028859978808196e+00
2.712857142857142989e+01 2.124431871021888352e+00
2.717142857142857082e+01 2.150752057605713752e+00
2.721428571428571530e+01 2.081431743004431567e+00
2.725714285714285623e+01 1.928766303680250260e+00
2.730000000000000071e+01 1.712098397299160357e+00
2.734285714285714164e+01 1.451623884918951779e+00
2.738571428571428612e+01 1.163583856565218344e+00
2.742857142857143060e+01 8.579970512915193748e-01
2.747142857142857153e+01 5.394886607930671207e-01
2.751428571428571601e+01 2.104431332816284750e-01
2.755714285714285694e+01 -1.251561100022647866e-01
2.760000000000000142e+01 -4.587482857714183515e-01
2.764285714285714235e+01 -7.760954469619204543e-01
2.768571428571428683e+01 -1.058842066280328176e+00
2.772857142857142776e+01 -1.288117686570052101e+00
2.777142857142857224e+01 -1.449098806126681627e+00
2.781428571428571317e+01 -1.534940268248019546e+00
2.785714285714285765e+01 -1.548267611309336766e+00
2.789999999999999858e+01 -1.497893058153187074e+00
2.794285714285714306e+01 -1.394744173272049137e+00
2.798571428571428754e+01 -1.248891975197096382e+00
2.802857142857142847e+01 -1.068159594816632696e+00
2.807142857142857295e+01 -8.590770845211036510e-01
2.811428571428571388e+01 -6.270188715522069245e-01
2.815714285714285836e+01 -3.761179633706697167e-01
2.819999999999999929e+01 -1.094313715017577460e-01
2.824285714285714377e+01 1.706999547762698410e-01
2.828571428571428470e+01 4.621798384701311657e-01
2.832857142857142918e+01 7.626689501718553199e-01
2.837142857142857011e+01 1.069172316052781291e+00
2.841428571428571459e+01 1.377779838559356707e+00
2.845714285714285907e+01 1.683607391757775407e+00
2.850000000000000000e+01 1.980953640541718075e+00
2.854285714285714448e+01 2.263650185716770125e+00
2.858571428571428541e+01 2.525550115994458444e+00
2.862857142857142989e+01 2.761064193547658974e+00
2.867142857142857082e+01 2.965657377829150843e+00
2.871428571428571530e+01 3.136239282806284390e+00
2.875714285714285623e+01 3.271348944818852633e+00
2.880000000000000071e+01 3.371146824494378080e+00
2.884285714285714164e+01 3.437175926796640191e+00
2.888571428571428612e+01 3.471966171189405426e+00
2.892857142857143060e+01 3.478507927048607229e+00
2.897142857142857153e+01 3.459699495329342511e+00
2.901428571428571601e+01 3.417899236615366654e+00
2.905714285714285694e+01 3.355295098198042503e+00
2.910000000000000142e+01 3.274583219871888051e+00
2.914285714285714235e+01 3.178883472877484628e+00
2.918571428571428683e+01 3.071511399744563331e+00
2.922857142857142776e+01 2.955733432251014481e+00
2.927142857142857224e+01 2.834556323514215048e+00
2.931428571428571317e+01 2.710556916666257532e+00
2.935714285714285765e+01 2.585776040601759362e+00
2.939999999999999858e+01 2.461676266118505652e+00
2.944285714285714306e+01 2.339194049468788172e+00
2.948571428571428754e+01 2.218982501419132003e+00
2.952857142857142847e+01 2.101560407130613317e+00
2.957142857142857295e+01 1.987351218209525872e+00
2.961428571428571388e+01 1.876705129384512061e+00
2.965714285714285836e+01 1.769907912210914702e+00
2.969999999999999929e+01 1.667180463517142330e+00
2.974285714285714377e+01 1.568674904034784046e+00
2.978571428571428470e+01 1.474472810619958940e+00
2.982857142857142918e+01 1.384589220917152863e+00
2.987142857142857011e+01 1.298983272457931770e+00
2.991428571428571459e+01 1.217573709367775203e+00
2.995714285714285907e+01 1.140255824878221080e+00
3.000000000000000000e+01 1.066916109627597642e+00
3.004285714285714448e+01 9.974418414651939901e-01
3.008571428571428541e+01 9.317245929693699358e-01
3.012857142857142989e+01 8.696584743985631416e-01
3.017142857142857082e+01 8.111352841793492141e-01
3.021428571428571530e+01 7.560392488621907603e-01
3.025714285714285623e+01 7.042436500008666389e-01
3.030000000000000071e+01 6.556105872548667612e-01
3.034285714285714164e+01 6.099938337609536188e-01
3.038571428571428612e+01 5.672436604320866271e-01
3.042857142857143060e+01 5.272119759296407526e-01
3.047142857142857153e+01 4.897562480056437129e-01
3.051428571428571601e+01 4.547412970379779429e-01
3.055714285714285694e+01 4.220388913683488785e-01
3.060000000000000142e+01 3.915258149884330297e-01
3.064285714285714235e+01 3.630814922441368831e-01
3.068571428571428683e+01 3.365862481069727408e-01
3.072857142857142776e+01 3.119209042212600647e-01
3.077142857142857224e+01 2.889678283958100335e-01
3.081428571428571317e+01 2.676129962228856463e-01
3.085714285714285765e+01 2.477482893259480845e-01
3.089999999999999858e+01 2.292732412941410891e-01
3.094285714285714306e+01 2.120957113310635300e-01
3.098571428571428754e+01 1.961313814800958455e-01
3.102857142857142847e+01 1.813023729714823007e-01
3.107142857142857295e+01 1.675355308967630130e-01
3.111428571428571388e+01 1.547609678679483236e-01
3.115714285714285836e+01 1.429112923320603745e-01
3.119999999999999929e+01 1.319216490433445244e-01
3.124285714285714377e+01 1.217303862390529401e-01
3.128571428571428470e+01 1.122799550944298952e-01
3.132857142857142918e+01 1.035176098117567695e-01
3.137142857142857011e+01 9.539560209594225015e-02
3.141428571428571459e+01 8.787078167815470797e-02
3.145714285714285907e+01 8.090373471614818734e-02
3.150000000000000000e+01 7.445774107698971411e-02
3.154285714285714448e+01 6.849786929618414955e-02
3.158571428571428541e+01 6.299045098575545287e-02
3.162857142857142989e+01 5.790301841794003035e-02
3.167142857142857082e+01 5.320461367766025212e-02
3.171428571428571530e+01 4.886625519206373724e-02
3.175714285714285623e+01 4.486132103608121008e-02
3.180000000000000071e+01 4.116567524065278816e-02
3.184285714285714164e+01 3.775748280095109211e-02
3.188571428571428612e+01 3.461677969572600488e-02
3.192857142857143060e+01 3.172494627357233532e-02
3.197142857142857153e+01 2.906425483986528960e-02
3.201428571428571246e+01 2.661762225471151974e-02
3.205714285714285694e+01 2.436861199959119637e-02
3.210000000000000142e+01 2.230163206913609447e-02
3.214285714285714590e+01 2.040220611449203303e-02
3.218571428571428328e+01 1.865718180579919658e-02
3.222857142857142776e+01 1.705478068259377519e-02
3.227142857142857224e+01 1.558446362016752476e-02
3.231428571428571672e+01 1.423665596185371383e-02
3.235714285714285410e+01 1.300242414629628265e-02
3.239999999999999858e+01 1.187320827630706718e-02
3.244285714285714306e+01 1.084068872907864925e-02
3.248571428571428754e+01 9.896809057167879273e-03
3.252857142857143202e+01 9.033916197835490519e-03
3.257142857142856940e+01 8.244940190387902573e-03
3.261428571428571388e+01 7.523533067885031581e-03
3.265714285714285836e+01 6.864112977668428324e-03
3.270000000000000284e+01 6.261797197597221074e-03
3.274285714285714022e+01 5.712243929112175746e-03
3.278571428571428470e+01 5.211452456191660934e-03
3.282857142857142918e+01 4.755587587001258720e-03
3.287142857142857366e+01 4.340886076412473968e-03
3.291428571428571104e+01 3.963666793082031709e-03
3.295714285714285552e+01 3.620419573871763198e-03
3.300000000000000000e+01 3.307918100893784182e-03
3.304285714285714448e+01 3.023304874760066562e-03
3.308571428571428896e+01 2.764120527305268145e-03
3.312857142857142634e+01 2.528273062293111793e-03
3.317142857142857082e+01 2.313955709347254898e-03
3.321428571428571530e+01 2.119532892130079373e-03
3.325714285714285978e+01 1.943428297975465999e-03
3.329999999999999716e+01 1.784056308392108518e-03
3.334285714285714164e+01 1.639822124156366592e-03
3.338571428571428612e+01 1.509180300416618388e-03
3.342857142857143060e+01 1.390712123144306929e-03
3.347142857142857508e+01 1.283181997351757597e-03
3.351428571428571246e+01 1.185556203683693979e-03
3.355714285714285694e+01 1.096988307872418227e-03
3.360000000000000142e+01 1.016779139634059947e-03
3.364285714285714590e+01 9.443162795312936772e-04
3.368571428571428328e+01 8.790052436697202293e-04
3.372857142857142776e+01 8.202184452365225090e-04
3.377142857142857224e+01 7.672873372321414778e-04
3.381428571428571672e+01 7.195388811187967753e-04
3.385714285714285410e+01 6.763492394934498371e-04
3.389999999999999858e+01 6.371827895839188901e-04
3.394285714285714306e+01 6.016051056793022883e-04
3.398571428571428754e+01 5.692787423195669197e-04
3.402857142857143202e+01 5.399496350276855637e-04
3.407142857142856940e+01 5.134195181169064594e-04
3.411428571428571388e+01 4.895010669302970671e-04
3.415714285714285836e+01 4.679719984586760582e-04
3.420000000000000284e+01 4.485572500777566069e-04
3.424285714285714022e+01 4.309525448101204285e-04
3.428571428571428470e+01 4.148701906345268449e-04
3.432857142857142918e+01 4.000732873301607252e-04
3.437142857142857366e+01 3.863825763904788044e-04
3.441428571428571814e+01 3.736677562829966758e-04
3.445714285714285552e+01 3.618401840333874790e-04
3.450000000000000000e+01 3.508456933812153654e-04
3.454285714285714448e+01 3.406442500232444311e-04
3.458571428571428896e+01 3.311767764430498576e-04
3.462857142857142634e+01 3.223414890444420639e-04
3.467142857142857082e+01 3.140011372745501843e-04
3.471428571428571530e+01 3.060154154791731775e-04
3.475714285714285978e+01 2.982705380750457847e-04
3.479999999999999716e+01 2.906865562733369789e-04
3.484285714285714164e+01 2.832100757010433552e-04
3.488571428571428612e+01 2.758110808116282149e-04
3.492857142857143060e+01 2.684859914540725428e-04
3.497142857142857508e+01 2.612506520916808178e-04
3.501428571428571246e+01 2.541146620180558804e-04
3.505714285714285694e+01 2.470540355408126125e-04
3.510000000000000142e+01 2.400080921766819197e-04
3.514285714285714590e+01 2.329039402344208005e-04
3.518571428571428328e+01 2.256840467248035268e-04
3.522857142857142776e+01 2.183134305824095797e-04
3.527142857142857224e+01 2.107706871608370103e-04
3.531428571428571672e+01 2.030450140501395833e-04
3.535714285714285410e+01 1.951467834539129015e-04
3.539999999999999858e+01 1.871128813769565194e-04
3.544285714285714306e+01 1.789875620356773834e-04
3.548571428571428754e+01 1.707887835426428016e-04
3.552857142857143202e+01 1.624922739097723885e-04
3.557142857142856940e+01 1.540503629822589731e-04
3.561428571428571388e+01 1.454260869569050959e-04
3.565714285714285836e+01 1.366090041991930692e-04
3.570000000000000284e+01 1.276039423183191368e-04
3.574285714285714022e+01 1.184158131664289919e-04
3.578571428571428470e+01 1.090533276287227772e-04
3.582857142857142918e+01 9.954451755561318817e-05
3.587142857142857366e+01 8.993748657163189294e-05
3.591428571428571814e+01 8.027632689809552238e-05
3.595714285714285552e+01 7.057359772381997364e-05
