# coord_A   integrated_rho_e_per_A2
0.000000000000000000e+00 -1.946680323402530388e-01
6.822916493055555809e-02 -3.821313844758810752e-01
1.364583298611111162e-01 -5.596523586527455407e-01
2.046874947916666743e-01 -7.256354873330889133e-01
2.729166597222222324e-01 -8.793974142323229826e-01
3.411458246527777627e-01 -1.020730815393767754e+00
4.093749895833333485e-01 -1.149487242475096815e+00
4.776041545138889344e-01 -1.265378040074143895e+00
5.458333194444444647e-01 -1.368064736973039652e+00
6.140624843749999950e-01 -1.457451674963104571e+00
6.822916493055555254e-01 -1.533989751086427766e+00
7.505208142361111667e-01 -1.598804326709887258e+00
8.187499791666666971e-01 -1.653565378983951284e+00
8.869791440972222274e-01 -1.700161749227656838e+00
9.552083090277778687e-01 -1.740342948098947629e+00
1.023437473958333399e+00 -1.775497327553877902e+00
1.091666638888888929e+00 -1.806646609879338117e+00
1.159895803819444460e+00 -1.834608827380960872e+00
1.228124968749999990e+00 -1.860189800615047462e+00
1.296354133680555520e+00 -1.884259318601716027e+00
1.364583298611111051e+00 -1.907651767356497219e+00
1.432812463541666803e+00 -1.930950387868355156e+00
1.501041628472222333e+00 -1.954297275279197388e+00
1.569270793402777864e+00 -1.977367195503316077e+00
1.637499958333333394e+00 -1.999553393175006688e+00
1.705729123263888924e+00 -2.020289843966797783e+00
1.773958288194444455e+00 -2.039349523144006859e+00
1.842187453124999985e+00 -2.056963266073772001e+00
1.910416618055555737e+00 -2.073698285822550336e+00
1.978645782986111268e+00 -2.090167071014280786e+00
2.046874947916666798e+00 -2.106731385122610600e+00
2.115104112847222328e+00 -2.123367980991763826e+00
2.183333277777777859e+00 -2.139770172403325343e+00
2.251562442708333389e+00 -2.155624488497243085e+00
2.319791607638888919e+00 -2.170901054816201547e+00
2.388020772569444450e+00 -2.185987874782509000e+00
2.456249937499999980e+00 -2.201588323632515110e+00
2.524479102430555510e+00 -2.218437435608505037e+00
2.592708267361111041e+00 -2.236997812251865447e+00
2.660937432291666571e+00 -2.257309010427215323e+00
2.729166597222222101e+00 -2.279076442346263942e+00
2.797395762152778076e+00 -2.301946813198288311e+00
2.865624927083333606e+00 -2.325807018821212324e+00
2.933854092013889137e+00 -2.350926848155629134e+00
3.002083256944444667e+00 -2.377854324917720863e+00
3.070312421875000197e+00 -2.407116840908868571e+00
3.138541586805555728e+00 -2.438898507345462097e+00
3.206770751736111258e+00 -2.472885088548428811e+00
3.274999916666666788e+00 -2.508377351596257299e+00
3.343229081597222319e+00 -2.544620939236076573e+00
3.411458246527777849e+00 -2.581172809547167546e+00
3.479687411458333379e+00 -2.618096090509339113e+00
3.547916576388888910e+00 -2.655866635004279885e+00
3.616145741319444440e+00 -2.695036854223701539e+00
3.684374906249999970e+00 -2.735844153630071052e+00
3.752604071180555501e+00 -2.777989771286463849e+00
3.820833236111111475e+00 -2.820723028245760489e+00
3.889062401041667005e+00 -2.863193655565926754e+00
3.957291565972222536e+00 -2.904877443898141731e+00
4.025520730902777622e+00 -2.945829406714103094e+00
4.093749895833333596e+00 -2.986607629522833207e+00
4.161979060763888683e+00 -3.027894432346311504e+00
4.230208225694444657e+00 -3.070017705980884415e+00
4.298437390624999743e+00 -3.112642614100888050e+00
4.366666555555555718e+00 -3.154818967013397923e+00
4.434895720486111692e+00 -3.195374684231395701e+00
4.503124885416666778e+00 -3.233447837393965241e+00
4.571354050347222753e+00 -3.268861923284215987e+00
4.639583215277777839e+00 -3.302126160699642377e+00
4.707812380208333813e+00 -3.334047646949960697e+00
4.776041545138888900e+00 -3.365163341896758364e+00
4.844270710069444874e+00 -3.395311232087479425e+00
4.912499874999999960e+00 -3.423593184240951270e+00
4.980729039930555935e+00 -3.448767485409264921e+00
5.048958204861111021e+00 -3.469863324403350102e+00
5.117187369791666995e+00 -3.486672058519183715e+00
5.185416534722222082e+00 -3.499825038270889532e+00
5.253645699652778056e+00 -3.510392825897841185e+00
5.321874864583333142e+00 -3.519214836557480020e+00
5.390104029513889117e+00 -3.526336183201902230e+00
5.458333194444444203e+00 -3.530887150763815985e+00
5.526562359375000177e+00 -3.531502391525889184e+00
5.594791524305556152e+00 -3.527067937090452965e+00
5.663020689236111238e+00 -3.517378849432156063e+00
5.731249854166667212e+00 -3.503313938106478176e+00
5.799479019097222299e+00 -3.486387627786866616e+00
5.867708184027778273e+00 -3.467891500078100098e+00
5.935937348958333359e+00 -3.448092154425198785e+00
6.004166513888889334e+00 -3.425953621808103033e+00
6.072395678819444420e+00 -3.399582110114329314e+00
6.140624843750000394e+00 -3.367184738086451024e+00
6.208854008680555481e+00 -3.328017497279531778e+00
6.277083173611111455e+00 -3.282762148144151126e+00
6.345312338541666541e+00 -3.233061184364630858e+00
6.413541503472222516e+00 -3.180414121379679937e+00
6.481770668402777602e+00 -3.125037590533162657e+00
6.549999833333333576e+00 -3.065375194315506757e+00
6.618228998263889551e+00 -2.998628212654085079e+00
6.686458163194444637e+00 -2.922104120225972324e+00
6.754687328125000612e+00 -2.834651682911002002e+00
6.822916493055555698e+00 -2.737284599672026530e+00
6.891145657986111672e+00 -2.632437007829812714e+00
6.959374822916666758e+00 -2.522018887364082307e+00
7.027603987847222733e+00 -2.405189901538093533e+00
7.095833152777777819e+00 -2.277133014326446769e+00
7.164062317708333794e+00 -2.129924552630839685e+00
7.232291482638888880e+00 -1.955596388393686214e+00
7.300520647569444854e+00 -1.750095735826658006e+00
7.368749812499999940e+00 -1.516528908701777922e+00
7.436978977430555915e+00 -1.266368661576554366e+00
7.505208142361111001e+00 -1.018080707502516447e+00
7.573437307291666976e+00 -7.936044115299217827e-01
7.641666472222222950e+00 -6.139184919408630092e-01
7.709895637152778036e+00 -4.951900963968676739e-01
7.778124802083334011e+00 -4.466327659882507461e-01
7.846353967013889097e+00 -4.703812650423757069e-01
7.914583131944445071e+00 -5.628575815951566419e-01
7.982812296875000158e+00 -7.166488397222775530e-01
8.051041461805555244e+00 -9.220549239023636545e-01
8.119270626736112106e+00 -1.168255113894574038e+00
8.187499791666667193e+00 -1.444103689714508088e+00
8.255728956597222279e+00 -1.738443579143173379e+00
8.323958121527777365e+00 -2.040445088929912387e+00
8.392187286458334228e+00 -2.339715485937118089e+00
8.460416451388889314e+00 -2.626389104946910802e+00
8.528645616319444400e+00 -2.892101274463980243e+00
8.596874781249999486e+00 -3.131624288455255201e+00
8.665103946180556349e+00 -3.344199656328411319e+00
8.733333111111111435e+00 -3.533313969838072666e+00
8.801562276041666522e+00 -3.704228418743958695e+00
8.869791440972223384e+00 -3.859952311821368554e+00
8.938020605902778470e+00 -3.997752920957433176e+00
9.006249770833333557e+00 -4.108600664335118502e+00
9.074478935763888643e+00 -4.180649874893797247e+00
9.142708100694445505e+00 -4.205550675960128437e+00
9.210937265625000592e+00 -4.184483202562922166e+00
9.279166430555555678e+00 -4.130582429248590870e+00
9.347395595486110764e+00 -4.066121628694453705e+00
9.415624760416667627e+00 -4.015527722585681580e+00
9.483853925347222713e+00 -3.997741930547759726e+00
9.552083090277777799e+00 -4.021785647934048136e+00
9.620312255208332886e+00 -4.086615804296853227e+00
9.688541420138889748e+00 -4.184463727561374746e+00
9.756770585069444834e+00 -4.305697744101752988e+00
9.824999749999999921e+00 -4.442982382927795904e+00
9.893228914930556783e+00 -4.593179025528856485e+00
9.961458079861111869e+00 -4.756628879592352810e+00
1.002968724479166696e+01 -4.934640201522753955e+00
1.009791640972222204e+01 -5.126678859325185300e+00
1.016614557465277890e+01 -5.328702152915527179e+00
1.023437473958333399e+01 -5.533379421401670051e+00
1.030260390451388908e+01 -5.731951722400941307e+00
1.037083306944444416e+01 -5.916372254515945173e+00
1.043906223437500103e+01 -6.080588183543401470e+00
1.050729139930555611e+01 -6.220766197869779468e+00
1.057552056423611120e+01 -6.334189308862395507e+00
1.064374972916666628e+01 -6.417503229185174796e+00
1.071197889409722315e+01 -6.465612507674149079e+00
1.078020805902777823e+01 -6.471748918478121837e+00
1.084843722395833332e+01 -6.428658825141859268e+00
1.091666638888888841e+01 -6.330552170266760648e+00
1.098489555381944527e+01 -6.175125598193692333e+00
1.105312471875000035e+01 -5.964910805375438940e+00
1.112135388368055544e+01 -5.707427135994223910e+00
1.118958304861111230e+01 -5.414014715574410275e+00
1.125781221354166739e+01 -5.097783727816561417e+00
1.132604137847222248e+01 -4.771531463423351660e+00
1.139427054340277756e+01 -4.446437077040537922e+00
1.146249970833333442e+01 -4.131839241830981280e+00
1.153072887326388951e+01 -3.835793553500615349e+00
1.159895803819444460e+01 -3.565803342983168367e+00
1.166718720312499968e+01 -3.329224802551112639e+00
1.173541636805555655e+01 -3.133181620527333955e+00
1.180364553298611163e+01 -2.984096311954809178e+00
1.187187469791666672e+01 -2.887056852954456243e+00
1.194010386284722181e+01 -2.845428218155262368e+00
1.200833302777777867e+01 -2.861196783149250855e+00
1.207656219270833375e+01 -2.935163504506235643e+00
1.214479135763888884e+01 -3.066355144131687638e+00
1.221302052256944570e+01 -3.250802309909682997e+00
1.228124968750000079e+01 -3.480363892811658033e+00
1.234947885243055588e+01 -3.742435207958194621e+00
1.241770801736111096e+01 -4.021035227471514872e+00
1.248593718229166782e+01 -4.299096484301133891e+00
1.255416634722222291e+01 -4.561163847271367366e+00
1.262239551215277800e+01 -4.795491047116564154e+00
1.269062467708333308e+01 -4.994819387506680641e+00
1.275885384201388995e+01 -5.155761108583581276e+00
1.282708300694444503e+01 -5.277352598801528849e+00
1.289531217187500012e+01 -5.359675782718809067e+00
1.296354133680555520e+01 -5.403281980050341993e+00
1.303177050173611207e+01 -5.409528510976735483e+00
1.309999966666666715e+01 -5.380755358435332703e+00
1.316822883159722224e+01 -5.320310883881026243e+00
1.323645799652777910e+01 -5.232916292328059882e+00
1.330468716145833419e+01 -5.125152772441594173e+00
1.337291632638888927e+01 -5.005775450226845891e+00
1.344114549131944436e+01 -4.885639017702425591e+00
1.350937465625000122e+01 -4.777135580788149483e+00
1.357760382118055631e+01 -4.693378153755334736e+00
1.364583298611111140e+01 -4.647288978466009191e+00
1.371406215104166648e+01 -4.650273039477516690e+00
1.378229131597222334e+01 -4.709930833538431116e+00
1.385052048090277843e+01 -4.826841433328042719e+00
1.391874964583333352e+01 -4.991662084012143730e+00
1.398697881076388860e+01 -5.184622388335045962e+00
1.405520797569444547e+01 -5.378933571292457749e+00
1.412343714062500055e+01 -5.547657839087988485e+00
1.419166630555555564e+01 -5.671390920595887231e+00
1.425989547048611250e+01 -5.743239302100747068e+00
1.432812463541666759e+01 -5.768722784593728115e+00
1.439635380034722267e+01 -5.760758621515147837e+00
1.446458296527777776e+01 -5.732733715923753692e+00
1.453281213020833462e+01 -5.693524527250014344e+00
1.460104129513888971e+01 -5.646009901622215388e+00
1.466927046006944479e+01 -5.589258832415018752e+00
1.473749962499999988e+01 -5.522812181980046198e+00
1.480572878993055674e+01 -5.450422194587318359e+00
1.487395795486111183e+01 -5.380997499488091584e+00
1.494218711979166692e+01 -5.326098921642873130e+00
1.501041628472222200e+01 -5.295317650144856003e+00
1.507864544965277886e+01 -5.292189890409597197e+00
1.514687461458333395e+01 -5.313200484092682530e+00
1.521510377951388904e+01 -5.350851613952372965e+00
1.528333294444444590e+01 -5.399476516147417193e+00
1.535156210937500099e+01 -5.460487612082776110e+00
1.541979127430555607e+01 -5.543481661651820325e+00
1.548802043923611116e+01 -5.662151000052810801e+00
1.555624960416666802e+01 -5.825217976870123771e+00
1.562447876909722311e+01 -6.025612006075020233e+00
1.569270793402777819e+01 -6.236861168415380519e+00
1.576093709895833328e+01 -6.419650677034543840e+00
1.582916626388889014e+01 -6.534790095699058554e+00
1.589739542881944523e+01 -6.555821697299183626e+00
1.596562459375000032e+01 -6.475605594527388931e+00
1.603385375868055718e+01 -6.305656373269867387e+00
1.610208292361111049e+01 -6.071788790368895405e+00
1.617031208854166735e+01 -5.810241609292911669e+00
1.623854125347222421e+01 -5.565325062315227278e+00
1.630677041840277752e+01 -5.386265292105024471e+00
1.637499958333333439e+01 -5.320729203568856036e+00
1.644322874826389125e+01 -5.405688150756477128e+00
1.651145791319444456e+01 -5.659686253896508923e+00
1.657968707812500142e+01 -6.080801129896872048e+00
1.664791624305555473e+01 -6.651109601277497951e+00
1.671614540798611159e+01 -7.344078073886876723e+00
1.678437457291666846e+01 -8.129534500632537686e+00
1.685260373784722177e+01 -8.973116423094666061e+00
1.692083290277777863e+01 -9.831938642333225786e+00
1.698906206770833549e+01 -1.065338464502455373e+01
1.705729123263888880e+01 -1.137968459599756699e+01
1.712552039756944566e+01 -1.195611139572969073e+01
1.719374956249999897e+01 -1.233997562020975991e+01
1.726197872743055584e+01 -1.250718560152511394e+01
1.733020789236111270e+01 -1.245428420473892928e+01
1.739843705729166601e+01 -1.219587065973833262e+01
1.746666622222222287e+01 -1.175906176225642241e+01
1.753489538715277973e+01 -1.117736730601596484e+01
1.760312455208333304e+01 -1.048592285343273822e+01
1.767135371701388991e+01 -9.718898317275820986e+00
1.773958288194444677e+01 -8.908807256909829775e+00
1.780781204687500008e+01 -8.086872919655307967e+00
1.787604121180555694e+01 -7.282999818127628089e+00
1.794427037673611025e+01 -6.525328727317846855e+00
1.801249954166666711e+01 -5.841165827351976425e+00
1.808072870659722398e+01 -5.256551116128473922e+00
1.814895787152777729e+01 -4.795093777699994675e+00
1.821718703645833415e+01 -4.482327012637126629e+00
1.828541620138889101e+01 -4.350701549786668565e+00
1.835364536631944432e+01 -4.435724869274308979e+00
1.842187453125000118e+01 -4.757030108768328880e+00
1.849010369618055449e+01 -5.290964693394030860e+00
1.855833286111111136e+01 -5.950813274331687275e+00
1.862656202604166822e+01 -6.592085416708827417e+00
1.869479119097222153e+01 -7.049081398465323112e+00
1.876302035590277839e+01 -7.190813382668392428e+00
1.883124952083333525e+01 -6.971744308691863345e+00
1.889947868576388856e+01 -6.454396414827984430e+00
1.896770785069444543e+01 -5.795474807495242686e+00
1.903593701562500229e+01 -5.204837650091912238e+00
1.910416618055555560e+01 -4.896526970769765619e+00
1.917239534548611246e+01 -5.048914858272741668e+00
1.924062451041666577e+01 -5.781068864512270977e+00
1.930885367534722263e+01 -7.142807415691284412e+00
1.937708284027777950e+01 -9.112383480527148194e+00
1.944531200520833281e+01 -1.159961333741102685e+01
1.951354117013888967e+01 -1.445928680281160972e+01
1.958177033506944653e+01 -1.751169004612107116e+01
1.964999949999999984e+01 -2.056461925262522783e+01
1.971822866493055670e+01 -2.343354271699018554e+01
1.978645782986111357e+01 -2.595728585493156260e+01
1.985468699479166688e+01 -2.800793048556118592e+01
1.992291615972222374e+01 -2.949558860456617637e+01
1.999114532465277705e+01 -3.037074875103323990e+01
2.005937448958333391e+01 -3.062789764182994645e+01
2.012760365451389077e+01 -3.031304144515563337e+01
2.019583281944444408e+01 -2.953421927658455459e+01
2.026406198437500095e+01 -2.847349067330153360e+01
2.033229114930555781e+01 -2.738867321481681927e+01
2.040052031423611112e+01 -2.655727393660703228e+01
2.046874947916666798e+01 -2.615731838063862469e+01
2.053697864409722129e+01 -2.614154822786433030e+01
2.060520780902777815e+01 -2.618831225166071519e+01
2.067343697395833502e+01 -2.578716273736727160e+01
2.074166613888888833e+01 -2.444523549667697182e+01
2.080989530381944519e+01 -2.192207337600186889e+01
2.087812446875000205e+01 -1.836848041115345964e+01
2.094635363368055536e+01 -1.428892097581157472e+01
2.101458279861111222e+01 -1.034503058695026745e+01
2.108281196354166909e+01 -7.106960075958513201e+00
2.115104112847222240e+01 -4.880385263169753962e+00
2.121927029340277926e+01 -3.679304317526614909e+00
2.128749945833333257e+01 -3.323094308246040018e+00
2.135572862326388943e+01 -3.574363141763310381e+00
2.142395778819444629e+01 -4.236171024016717190e+00
2.149218695312499960e+01 -5.177699383960287172e+00
2.156041611805555647e+01 -6.311596914522612956e+00
2.162864528298611333e+01 -7.567060317175387851e+00
2.169687444791666664e+01 -8.882875282762956459e+00
2.176510361284722350e+01 -1.020756716549157517e+01
2.183333277777777681e+01 -1.149754971945054294e+01
2.190156194270833367e+01 -1.271519609746549762e+01
2.196979110763889054e+01 -1.382809273039154085e+01
2.203802027256944385e+01 -1.480939495162285624e+01
2.210624943750000071e+01 -1.563883665026980729e+01
2.217447860243055757e+01 -1.630405968052201260e+01
2.224270776736111088e+01 -1.680208645516567145e+01
2.231093693229166774e+01 -1.714049899952472344e+01
2.237916609722222461e+01 -1.733642896892172658e+01
2.244739526215277792e+01 -1.741632808149620004e+01
2.251562442708333478e+01 -1.741915791708232675e+01
2.258385359201388809e+01 -1.739832626689938877e+01
2.265208275694444495e+01 -1.741554121091237306e+01
2.272031192187500181e+01 -1.752389675428116433e+01
2.278854108680555512e+01 -1.774573333854530333e+01
2.285677025173611199e+01 -1.805736201782951511e+01
2.292499941666666885e+01 -1.839194008035408245e+01
2.299322858159722216e+01 -1.866276004790627141e+01
2.306145774652777902e+01 -1.879720085870135904e+01
2.312968691145833589e+01 -1.876452207515937332e+01
2.319791607638888919e+01 -1.858375823178415587e+01
2.326614524131944606e+01 -1.830954817453757144e+01
2.333437440624999937e+01 -1.800546008756641925e+01
2.340260357118055623e+01 -1.771957068366925725e+01
2.347083273611111309e+01 -1.747327704831593209e+01
2.353906190104166640e+01 -1.726497345710372500e+01
2.360729106597222327e+01 -1.708172529593228717e+01
2.367552023090278013e+01 -1.690933396500930996e+01
2.374374939583333344e+01 -1.673516809680409523e+01
2.381197856076389030e+01 -1.654763666900606722e+01
2.388020772569444361e+01 -1.633715658049518638e+01
2.394843689062500047e+01 -1.609652526549826135e+01
2.401666605555555734e+01 -1.582032447744299120e+01
2.408489522048611065e+01 -1.550383738983980919e+01
2.415312438541666751e+01 -1.514211697168622628e+01
2.422135355034722437e+01 -1.473012204192450980e+01
2.428958271527777768e+01 -1.426403030120283688e+01
2.435781188020833454e+01 -1.374243396269567263e+01
2.442604104513889141e+01 -1.316641651100261434e+01
2.449427021006944472e+01 -1.253847141546716415e+01
2.456249937500000158e+01 -1.186072466604670694e+01
2.463072853993055489e+01 -1.113331054374107509e+01
2.469895770486111175e+01 -1.035382301004931982e+01
2.476718686979166861e+01 -9.518386667956734826e+00
2.483541603472222192e+01 -8.624188773353626658e+00
2.490364519965277879e+01 -7.672610043928268730e+00
2.497187436458333565e+01 -6.671737352388679376e+00
2.504010352951388896e+01 -5.637191569907904487e+00
2.510833269444444582e+01 -4.590800809232908009e+00
2.517656185937500268e+01 -3.557457573698130648e+00
2.524479102430555599e+01 -2.561143688699910381e+00
2.531302018923611286e+01 -1.621410054638550813e+00
2.538124935416666617e+01 -7.514456284432127209e-01
2.544947851909722303e+01 4.173424469451556679e-02
2.551770768402777989e+01 7.553164623900130437e-01
2.558593684895833320e+01 1.388042057559365938e+00
2.565416601388889006e+01 1.938254159877030203e+00
2.572239517881944693e+01 2.403578433527025382e+00
2.579062434375000024e+01 2.782070721470078389e+00
2.585885350868055710e+01 3.073592739718337352e+00
2.592708267361111041e+01 3.280768475300270826e+00
2.599531183854166727e+01 3.409090443121360003e+00
2.606354100347222413e+01 3.466027203727737316e+00
2.613177016840277744e+01 3.459470028911394657e+00
2.619999933333333431e+01 3.396186820739106160e+00
2.626822849826389117e+01 3.280742640455573511e+00
2.633645766319444448e+01 3.115085333553904157e+00
2.640468682812500134e+01 2.898727710478698150e+00
2.647291599305555820e+01 2.629538688347846875e+00
2.654114515798611151e+01 2.305190074025010638e+00
2.660937432291666838e+01 1.925109577410309303e+00
2.667760348784722169e+01 1.492491202187221200e+00
2.674583265277777855e+01 1.015519782166266038e+00
2.681406181770833541e+01 5.068240135128945223e-01
2.688229098263888872e+01 -1.932047485733519310e-02
2.695052014756944558e+01 -5.513701766038687779e-01
2.701874931250000245e+01 -1.084650182810966701e+00
2.708697847743055576e+01 -1.623121902907799230e+00
2.715520764236111262e+01 -2.177631090519146717e+00
2.722343680729166593e+01 -2.761241834820440832e+00
2.729166597222222279e+01 -3.383695920290739512e+00
2.735989513715277965e+01 -4.047314418598991992e+00
2.742812430208333296e+01 -4.745728641346204313e+00
2.749635346701388983e+01 -5.465380570648867398e+00
2.756458263194444669e+01 -6.188610130960170430e+00
2.763281179687500000e+01 -6.896814716192647410e+00
2.770104096180555686e+01 -7.572576361847570325e+00
2.776927012673611372e+01 -8.200495204751337752e+00
2.783749929166666703e+01 -8.767474788548993203e+00
2.790572845659722390e+01 -9.263176658550777987e+00
2.797395762152777721e+01 -9.680615027719529309e+00
2.804218678645833407e+01 -1.001685011152196303e+01
2.811041595138889093e+01 -1.027358644180473313e+01
2.817864511631944424e+01 -1.045752101950787960e+01
2.824687428125000110e+01 -1.058038668599857957e+01
2.831510344618055797e+01 -1.065853413333032762e+01
2.838333261111111128e+01 -1.071200140704648263e+01
2.845156177604166814e+01 -1.076323462633016170e+01
2.851979094097222500e+01 -1.083505915313347323e+01
2.858802010590277831e+01 -1.094787504965037606e+01
2.865624927083333517e+01 -1.111666063617661315e+01
2.872447843576388848e+01 -1.134848734979831697e+01
2.879270760069444535e+01 -1.164125637545153147e+01
2.886093676562500221e+01 -1.198422257743554553e+01
2.892916593055555552e+01 -1.236047963600807265e+01
2.899739509548611238e+01 -1.275090769129336188e+01
2.906562426041666924e+01 -1.313838029533778240e+01
2.913385342534722255e+01 -1.351071613610212729e+01
2.920208259027777942e+01 -1.386132077474320035e+01
2.927031175520833273e+01 -1.418751875746410640e+01
2.933854092013888959e+01 -1.448761530423378296e+01
2.940677008506944645e+01 -1.475819191158218757e+01
2.947499924999999976e+01 -1.499280985783579645e+01
2.954322841493055662e+01 -1.518245762327025972e+01
2.961145757986111349e+01 -1.531723578318277568e+01
2.967968674479166680e+01 -1.538831183406301228e+01
2.974791590972222366e+01 -1.538920049714265303e+01
2.981614507465278052e+01 -1.531584347043294869e+01
2.988437423958333383e+01 -1.516558511155630207e+01
2.995260340451389069e+01 -1.493610142266747509e+01
3.002083256944444400e+01 -1.462531458539491958e+01
3.008906173437500087e+01 -1.423219512738456416e+01
3.015729089930555773e+01 -1.375799362309321872e+01
3.022552006423611104e+01 -1.320745327124710400e+01
3.029374922916666790e+01 -1.258987014596832488e+01
3.036197839409722476e+01 -1.191970885997763041e+01
3.043020755902777807e+01 -1.121658313351870540e+01
3.049843672395833494e+01 -1.050361119202742444e+01
3.056666588888889180e+01 -9.803977069202515437e+00
3.063489505381944511e+01 -9.136893568384216735e+00
3.070312421875000197e+01 -8.514847428821967767e+00
3.077135338368055528e+01 -7.943725312833190166e+00
3.083958254861111214e+01 -7.426107630502406742e+00
3.090781171354166901e+01 -6.966358904355269388e+00
3.097604087847222232e+01 -6.574690359018007690e+00
3.104427004340277918e+01 -6.267318730808821847e+00
3.111249920833333604e+01 -6.061990553335005139e+00
3.118072837326388935e+01 -5.970794103920033180e+00
3.124895753819444622e+01 -5.993850702991187163e+00
3.131718670312499953e+01 -6.117129613176788716e+00
3.138541586805555639e+01 -6.315470248595843827e+00
3.145364503298611325e+01 -6.559225086478591926e+00
3.152187419791666656e+01 -6.821341078855719608e+00
3.159010336284722342e+01 -7.081936160896503019e+00
3.165833252777778029e+01 -7.329122905718374881e+00
3.172656169270833360e+01 -7.556773910126450389e+00
3.179479085763889046e+01 -7.761052468327813258e+00
3.186302002256944732e+01 -7.937440436251881337e+00
3.193124918750000063e+01 -8.079327574981432392e+00
3.199947835243055749e+01 -8.178353674416779739e+00
3.206770751736111436e+01 -8.225901220514884926e+00
3.213593668229167122e+01 -8.214835025441161065e+00
3.220416584722222098e+01 -8.140726866119454286e+00
3.227239501215277784e+01 -8.002195524123958847e+00
3.234062417708333470e+01 -7.800467247381744684e+00
3.240885334201389156e+01 -7.538610221313492232e+00
3.247708250694444843e+01 -7.220890956159512264e+00
3.254531167187499818e+01 -6.852618833182350322e+00
3.261354083680555505e+01 -6.440556772876690594e+00
3.268177000173611191e+01 -5.993647991279043019e+00
3.274999916666666877e+01 -5.523621791361351008e+00
3.281822833159722563e+01 -5.045076250881016300e+00
3.288645749652778250e+01 -4.574855534800023271e+00
3.295468666145833225e+01 -4.130818774005000193e+00
3.302291582638888912e+01 -3.730298471203816302e+00
3.309114499131944598e+01 -3.388586782568117073e+00
3.315937415625000284e+01 -3.117683417440991533e+00
3.322760332118055970e+01 -2.925387275526098563e+00
3.329583248611110946e+01 -2.814718951192977325e+00
3.336406165104166632e+01 -2.783677430802600217e+00
3.343229081597222319e+01 -2.825424431020292282e+00
3.350051998090278005e+01 -2.929053103692892179e+00
3.356874914583333691e+01 -3.081038797180713384e+00
3.363697831076388667e+01 -3.267245642497451197e+00
3.370520747569444353e+01 -3.475030945655919190e+00
3.377343664062500039e+01 -3.694929061061321462e+00
3.384166580555555726e+01 -3.921424336020791213e+00
3.390989497048611412e+01 -4.152547061184680643e+00
3.397812413541667098e+01 -4.388474672306036162e+00
3.404635330034722074e+01 -4.629740696364060604e+00
3.411458246527777760e+01 -4.875832527809040862e+00
3.418281163020833446e+01 -5.124786164795971821e+00
3.425104079513889133e+01 -5.373919325661596247e+00
3.431926996006944819e+01 -5.621292459182940071e+00
3.438749912499999795e+01 -5.867113164108951118e+00
3.445572828993055481e+01 -6.114291900110069733e+00
3.452395745486111167e+01 -6.367732454319043889e+00
3.459218661979166853e+01 -6.632530480147146967e+00
3.466041578472222540e+01 -6.911780929930916528e+00
3.472864494965278226e+01 -7.204909324127226178e+00
3.479687411458333202e+01 -7.507239444619608904e+00
3.486510327951388888e+01 -7.810985995435615337e+00
3.493333244444444574e+01 -8.107260220081155211e+00
3.500156160937500260e+01 -8.388274740711457511e+00
3.506979077430555947e+01 -8.648904533035894460e+00
3.513801993923610922e+01 -8.887097270896099133e+00
3.520624910416666609e+01 -9.103152861735864576e+00
3.527447826909722295e+01 -9.298356957369962927e+00
3.534270743402777981e+01 -9.473652338974060783e+00
3.541093659895833667e+01 -9.628902390485764684e+00
3.547916576388889354e+01 -9.762939433398360123e+00
3.554739492881944329e+01 -9.874193915750790751e+00
3.561562409375000016e+01 -9.961459905849622487e+00
3.568385325868055702e+01 -1.002436222136825528e+01
3.575208242361111388e+01 -1.006331191437966055e+01
3.582031158854167074e+01 -1.007903164920785777e+01
3.588854075347222050e+01 -1.007194348433043274e+01
3.595676991840277736e+01 -1.004174342108460571e+01
3.602499908333333423e+01 -9.987347525521903080e+00
3.609322824826389109e+01 -9.907178134946928338e+00
3.616145741319444795e+01 -9.799588251763662328e+00
3.622968657812500481e+01 -9.663181312322187466e+00
3.629791574305555457e+01 -9.496877560062532808e+00
3.636614490798611143e+01 -9.299740991793187916e+00
3.643437407291666830e+01 -9.070717994343114654e+00
3.650260323784722516e+01 -8.808481456047719149e+00
3.657083240277778202e+01 -8.511512066619639327e+00
3.663906156770833178e+01 -8.178427494161818245e+00
3.670729073263888864e+01 -7.808459367917702565e+00
3.677551989756944550e+01 -7.401929295540940146e+00
3.684374906250000237e+01 -6.960597706274772811e+00
3.691197822743055923e+01 -6.487822624150525463e+00
3.698020739236110899e+01 -5.988524945433277402e+00
3.704843655729166585e+01 -5.468983834533261756e+00
3.711666572222222271e+01 -4.936483237735608931e+00
3.718489488715277957e+01 -4.398824765676284443e+00
3.725312405208333644e+01 -3.863739920039463538e+00
3.732135321701389330e+01 -3.338279658106398262e+00
3.738958238194444306e+01 -2.828306374791560884e+00
3.745781154687499992e+01 -2.338223477190332744e+00
3.752604071180555678e+01 -1.871025293124808586e+00
3.759426987673611364e+01 -1.428644628109178694e+00
3.766249904166667051e+01 -1.012462084648157790e+00
3.773072820659722026e+01 -6.237785274537482882e-01
3.779895737152777713e+01 -2.640776036884127653e-01
3.786718653645833399e+01 6.498808076019008118e-02
3.793541570138889085e+01 3.618175510785940352e-01
3.800364486631944771e+01 6.251244223734003791e-01
3.807187403125000458e+01 8.540745452246142344e-01
3.814010319618055433e+01 1.048220051146812493e+00
3.820833236111111120e+01 1.207283242436423931e+00
3.827656152604166806e+01 1.330943023408871717e+00
3.834479069097222492e+01 1.418785773509706694e+00
3.841301985590278179e+01 1.470494377779086426e+00
3.848124902083333154e+01 1.486211774037659028e+00
3.854947818576388840e+01 1.466906578107061376e+00
3.861770735069444527e+01 1.414551844477477838e+00
3.868593651562500213e+01 1.332016825167259944e+00
3.875416568055555899e+01 1.222719185505877881e+00
3.882239484548611586e+01 1.090210334152523108e+00
3.889062401041666561e+01 9.378986082104877609e-01
3.895885317534722248e+01 7.690339506433585548e-01
3.902708234027777934e+01 5.869263934036758057e-01
3.909531150520833620e+01 3.952322948946522807e-01
3.916354067013889306e+01 1.980945084836873982e-01
3.923176983506944282e+01 -5.785368501479004436e-06
