# coord_A   integrated_rho
0.000000000000000000e+00 2.606029990939309841e-06
4.285714285714285754e-02 4.789376131448712491e-06
8.571428571428571508e-02 6.545127176350017444e-06
1.285714285714285587e-01 7.868520134905228883e-06
1.714285714285714302e-01 8.755534311048534054e-06
2.142857142857143016e-01 9.203238084696090736e-06
2.571428571428571175e-01 9.210190267718418495e-06
2.999999999999999889e-01 8.776739513000415729e-06
3.428571428571428603e-01 7.904760340547243238e-06
3.857142857142857317e-01 6.596776796985917755e-06
4.285714285714286031e-01 4.855052403956240623e-06
4.714285714285714191e-01 2.681233783022044132e-06
5.142857142857142350e-01 7.653856252431158845e-08
5.571428571428571619e-01 -2.957910509819846566e-06
5.999999999999999778e-01 -6.420748268953702734e-06
6.428571428571429047e-01 -1.030981450900881757e-05
6.857142857142857206e-01 -1.462139615885947854e-05
7.285714285714285365e-01 -1.934981406138924540e-05
7.714285714285714635e-01 -2.448787558342465387e-05
8.142857142857142794e-01 -3.002793184202897720e-05
8.571428571428572063e-01 -3.596268189852916414e-05
9.000000000000000222e-01 -4.228528348811023719e-05
9.428571428571428381e-01 -4.898922647304063973e-05
9.857142857142857650e-01 -5.606851698861865557e-05
1.028571428571428470e+00 -6.351780233892639915e-05
1.071428571428571397e+00 -7.133151519243700943e-05
1.114285714285714324e+00 -7.950208438882473011e-05
1.157142857142857251e+00 -8.801882995596361126e-05
1.199999999999999956e+00 -9.686915884822038165e-05
1.242857142857142883e+00 -1.060415195028233787e-04
1.285714285714285809e+00 -1.155274803844993714e-04
1.328571428571428514e+00 -1.253209103428068872e-04
1.371428571428571441e+00 -1.354152294277601596e-04
1.414285714285714368e+00 -1.458017563088510047e-04
1.457142857142857073e+00 -1.564708136042878347e-04
1.500000000000000000e+00 -1.674139650073193516e-04
1.542857142857142927e+00 -1.786244592480259498e-04
1.585714285714285632e+00 -1.900952744653539429e-04
1.628571428571428559e+00 -2.018173177714390409e-04
1.671428571428571486e+00 -2.137804188121471564e-04
1.714285714285714413e+00 -2.259765164174350660e-04
1.757142857142857117e+00 -2.384017329702098733e-04
1.800000000000000044e+00 -2.510551816668221302e-04
1.842857142857142971e+00 -2.639360411146220576e-04
1.885714285714285676e+00 -2.770422500366503146e-04
1.928571428571428603e+00 -2.903719924751697987e-04
1.971428571428571530e+00 -3.039257188998669649e-04
2.014285714285714235e+00 -3.177060240874069927e-04
2.057142857142856940e+00 -3.317157620649676124e-04
2.100000000000000089e+00 -3.459574389448536987e-04
2.142857142857142794e+00 -3.604357302795069382e-04
2.185714285714285943e+00 -3.751611913738258524e-04
2.228571428571428648e+00 -3.901513830457346019e-04
2.271428571428571352e+00 -4.054280444023338013e-04
2.314285714285714501e+00 -4.210129605857079412e-04
2.357142857142857206e+00 -4.369263511971218099e-04
2.399999999999999911e+00 -4.531888773101203148e-04
2.442857142857143060e+00 -4.698250301669062946e-04
2.485714285714285765e+00 -4.868652752158475700e-04
2.528571428571428470e+00 -5.043466520754512784e-04
2.571428571428571619e+00 -5.223133304947045726e-04
2.614285714285714324e+00 -5.408178421302289093e-04
2.657142857142857029e+00 -5.599218042075576520e-04
2.700000000000000178e+00 -5.796947087691854423e-04
2.742857142857142883e+00 -6.002112841277263550e-04
2.785714285714285587e+00 -6.215497662193941340e-04
2.828571428571428736e+00 -6.437930097215691788e-04
2.871428571428571441e+00 -6.670322379237292407e-04
2.914285714285714146e+00 -6.913716619429535531e-04
2.957142857142857295e+00 -7.169324197045674188e-04
3.000000000000000000e+00 -7.438553249789177715e-04
3.042857142857142705e+00 -7.723022967560304406e-04
3.085714285714285854e+00 -8.024560561678422983e-04
3.128571428571428559e+00 -8.345179296279745407e-04
3.171428571428571264e+00 -8.687048578276494997e-04
3.214285714285714413e+00 -9.052478832651098982e-04
3.257142857142857117e+00 -9.443941177855591767e-04
3.299999999999999822e+00 -9.864125343046635432e-04
3.342857142857142971e+00 -1.031602232915954272e-03
3.385714285714285676e+00 -1.080301145086063697e-03
3.428571428571428825e+00 -1.132893282783223972e-03
3.471428571428571530e+00 -1.189812987690751830e-03
3.514285714285714235e+00 -1.251545247159746186e-03
3.557142857142857384e+00 -1.318622554370265819e-03
3.600000000000000089e+00 -1.391620807023432769e-03
3.642857142857142794e+00 -1.471158058172177766e-03
3.685714285714285943e+00 -1.557899318107313020e-03
3.728571428571428648e+00 -1.652568244947385818e-03
3.771428571428571352e+00 -1.755963903070543617e-03
3.814285714285714501e+00 -1.868979116309767369e-03
3.857142857142857206e+00 -1.992616552372924316e-03
3.899999999999999911e+00 -2.127999267653340239e-03
3.942857142857143060e+00 -2.276374057011440553e-03
3.985714285714285765e+00 -2.439108740076436927e-03
4.028571428571428470e+00 -2.617687749758839267e-03
4.071428571428571175e+00 -2.813712313942870295e-03
4.114285714285713880e+00 -3.028910643602646547e-03
4.157142857142857473e+00 -3.265160041885785229e-03
4.200000000000000178e+00 -3.524518478860822878e-03
4.242857142857142883e+00 -3.809259813961954431e-03
4.285714285714285587e+00 -4.121905429513002782e-03
4.328571428571428292e+00 -4.465245822407718813e-03
4.371428571428571885e+00 -4.842348888201136563e-03
4.414285714285714590e+00 -5.256557010793370781e-03
4.457142857142857295e+00 -5.711481016281582876e-03
4.500000000000000000e+00 -6.211002595360051379e-03
4.542857142857142705e+00 -6.759295474894172831e-03
4.585714285714285410e+00 -7.360869481702192810e-03
4.628571428571429003e+00 -8.020633390984346564e-03
4.671428571428571708e+00 -8.743965557595548971e-03
4.714285714285714413e+00 -9.536778148757245333e-03
4.757142857142857117e+00 -1.040556225467859086e-02
4.799999999999999822e+00 -1.135740730543196263e-02
4.842857142857142527e+00 -1.239999810440098153e-02
4.885714285714286120e+00 -1.354160347809060458e-02
4.928571428571428825e+00 -1.479107728168765033e-02
4.971428571428571530e+00 -1.615789099694520461e-02
5.014285714285714235e+00 -1.765220667939543242e-02
5.057142857142856940e+00 -1.928498338386727337e-02
5.099999999999999645e+00 -2.106809577803312253e-02
5.142857142857143238e+00 -2.301443607081935308e-02
5.185714285714285943e+00 -2.513797256349244863e-02
5.228571428571428648e+00 -2.745375002345827251e-02
5.271428571428571352e+00 -2.997783574371236728e-02
5.314285714285714057e+00 -3.272723456076859216e-02
5.357142857142856762e+00 -3.571980800031163833e-02
5.400000000000000355e+00 -3.897422980369616430e-02
5.442857142857143060e+00 -4.250999039510722916e-02
5.485714285714285765e+00 -4.634743205838735836e-02
5.528571428571428470e+00 -5.050776615405696418e-02
5.571428571428571175e+00 -5.501300600484373970e-02
5.614285714285714768e+00 -5.988575257079205988e-02
5.657142857142857473e+00 -6.514879647688213982e-02
5.700000000000000178e+00 -7.082454320998789188e-02
5.742857142857142883e+00 -7.693431484771258433e-02
5.785714285714285587e+00 -8.349761312524887902e-02
5.828571428571428292e+00 -9.053142821022208686e-02
5.871428571428571885e+00 -9.804963801973852477e-02
5.914285714285714590e+00 -1.060624722774995143e-01
5.957142857142857295e+00 -1.145759359339427463e-01
6.000000000000000000e+00 -1.235910267204710367e-01
6.042857142857142705e+00 -1.331025677073602032e-01
6.085714285714285410e+00 -1.430977242860099752e-01
6.128571428571429003e+00 -1.535549367752838124e-01
6.171428571428571708e+00 -1.644423967564141997e-01
6.214285714285714413e+00 -1.757153378334108118e-01
6.257142857142857117e+00 -1.873125992496610936e-01
6.299999999999999822e+00 -1.991534826438655648e-01
6.342857142857142527e+00 -2.111361219885071749e-01
6.385714285714286120e+00 -2.231384211709025456e-01
6.428571428571428825e+00 -2.350220718439515466e-01
6.471428571428571530e+00 -2.466394895611734306e-01
6.514285714285714235e+00 -2.578428335665582383e-01
6.557142857142856940e+00 -2.684938389338106246e-01
6.599999999999999645e+00 -2.784730429476229840e-01
6.642857142857143238e+00 -2.876871263129608947e-01
6.685714285714285943e+00 -2.960734446775437068e-01
6.728571428571428648e+00 -3.036013031182829280e-01
6.771428571428571352e+00 -3.102700428539733046e-01
6.814285714285714057e+00 -3.161045012821604439e-01
6.857142857142857650e+00 -3.211488369149938515e-01
6.900000000000000355e+00 -3.254600492033911663e-01
6.942857142857143060e+00 -3.291026430720281337e-01
6.985714285714285765e+00 -3.321457517792872904e-01
7.028571428571428470e+00 -3.346623304463468562e-01
7.071428571428571175e+00 -3.367299291902546288e-01
7.114285714285714768e+00 -3.384359468097303814e-01
7.157142857142857473e+00 -3.398858658750243955e-01
7.200000000000000178e+00 -3.412113300725695408e-01
7.242857142857142883e+00 -3.425749096681348083e-01
7.285714285714285587e+00 -3.441677202062749519e-01
7.328571428571428292e+00 -3.461972335647443000e-01
7.371428571428571885e+00 -3.488650298429649688e-01
7.414285714285714590e+00 -3.523373986350912257e-01
7.457142857142857295e+00 -3.567139999028886566e-01
7.500000000000000000e+00 -3.620010217380034701e-01
7.542857142857142705e+00 -3.680950111203660224e-01
7.585714285714285410e+00 -3.747817699237676048e-01
7.628571428571429003e+00 -3.817518024854676395e-01
7.671428571428571708e+00 -3.886304337075314752e-01
7.714285714285714413e+00 -3.950176907355433809e-01
7.757142857142857117e+00 -4.005310508893031307e-01
7.799999999999999822e+00 -4.048437187231997414e-01
7.842857142857142527e+00 -4.077122963769961861e-01
7.885714285714286120e+00 -4.089903130650752172e-01
7.928571428571428825e+00 -4.086273879413762633e-01
7.971428571428571530e+00 -4.066569637519282798e-01
8.014285714285714235e+00 -4.031776976660719214e-01
8.057142857142856940e+00 -3.983341481094885839e-01
8.099999999999999645e+00 -3.923013006973409267e-01
8.142857142857142350e+00 -3.852751951532071284e-01
8.185714285714285054e+00 -3.774692726176128721e-01
8.228571428571427759e+00 -3.691139313770809283e-01
8.271428571428572241e+00 -3.604558511930934794e-01
8.314285714285714946e+00 -3.517540454671957417e-01
8.357142857142857650e+00 -3.432710894177302685e-01
8.400000000000000355e+00 -3.352603094164756103e-01
8.442857142857143060e+00 -3.279544491634037717e-01
8.485714285714285765e+00 -3.215578056912667404e-01
8.528571428571428470e+00 -3.162395189721203259e-01
8.571428571428571175e+00 -3.121281500649517038e-01
8.614285714285713880e+00 -3.093078935920446915e-01
8.657142857142856585e+00 -3.078166895971718997e-01
8.699999999999999289e+00 -3.076464036472965624e-01
8.742857142857143771e+00 -3.087451189552102293e-01
8.785714285714286476e+00 -3.110214254105694853e-01
8.828571428571429180e+00 -3.143504212323259828e-01
8.871428571428571885e+00 -3.185809702495434603e-01
8.914285714285714590e+00 -3.235436513876662201e-01
8.957142857142857295e+00 -3.290587771964427755e-01
9.000000000000000000e+00 -3.349439138855530018e-01
9.042857142857142705e+00 -3.410204398253687819e-01
9.085714285714285410e+00 -3.471188165692265515e-01
9.128571428571428115e+00 -3.530823903829368171e-01
9.171428571428570820e+00 -3.587696358055610379e-01
9.214285714285713524e+00 -3.640548401782496835e-01
9.257142857142858006e+00 -3.688273259214607247e-01
9.300000000000000711e+00 -3.729899237122100697e-01
9.342857142857143415e+00 -3.764587295621564245e-01
9.385714285714286120e+00 -3.791634687387926417e-01
9.428571428571428825e+00 -3.810478898418464544e-01
9.471428571428571530e+00 -3.820706946625909151e-01
9.514285714285714235e+00 -3.822078584976384419e-01
9.557142857142856940e+00 -3.814567448928121718e-01
9.599999999999999645e+00 -3.798412295622341506e-01
9.642857142857142350e+00 -3.774171295762109302e-01
9.685714285714285054e+00 -3.742770693771286794e-01
9.728571428571429536e+00 -3.705537826759793263e-01
9.771428571428572241e+00 -3.664207845679869346e-01
9.814285714285714946e+00 -3.620895574532296823e-01
9.857142857142857650e+00 -3.578029009763242230e-01
9.900000000000000355e+00 -3.538243716846611875e-01
9.942857142857143060e+00 -3.504236937605500479e-01
9.985714285714285765e+00 -3.478588543296308178e-01
1.002857142857142847e+01 -3.463562363741621852e-01
1.007142857142857117e+01 -3.460906340552598603e-01
1.011428571428571388e+01 -3.471673449917090926e-01
1.015714285714285658e+01 -3.496086398752818458e-01
1.019999999999999929e+01 -3.533466658605420307e-01
1.024285714285714377e+01 -3.582241955168362635e-01
1.028571428571428648e+01 -3.640036317192509308e-01
1.032857142857142918e+01 -3.703835466721031588e-01
1.037142857142857189e+01 -3.770209847849228524e-01
1.041428571428571459e+01 -3.835570287187755056e-01
1.045714285714285730e+01 -3.896428752881839763e-01
1.050000000000000000e+01 -3.949638568211303324e-01
1.054285714285714270e+01 -3.992592949388384382e-01
1.058571428571428541e+01 -4.023367158885181594e-01
1.062857142857142811e+01 -4.040795950497458877e-01
1.067142857142857082e+01 -4.044484403939165307e-01
1.071428571428571352e+01 -4.034756018550773593e-01
1.075714285714285801e+01 -4.012547840036996827e-01
1.080000000000000071e+01 -3.979267146385394582e-01
1.084285714285714342e+01 -3.936627723795694256e-01
1.088571428571428612e+01 -3.886487775547855517e-01
1.092857142857142883e+01 -3.830724870142432348e-01
1.097142857142857153e+01 -3.771153982684845585e-01
1.101428571428571423e+01 -3.709477734754974554e-01
1.105714285714285694e+01 -3.647266845605561802e-01
1.109999999999999964e+01 -3.585966030398463622e-01
1.114285714285714235e+01 -3.526917448714153580e-01
1.118571428571428505e+01 -3.471391842719083187e-01
1.122857142857142954e+01 -3.420617290426533619e-01
1.127142857142857224e+01 -3.375797252132095028e-01
1.131428571428571495e+01 -3.338113020055137325e-01
1.135714285714285765e+01 -3.308709927393067018e-01
1.140000000000000036e+01 -3.288670714793700545e-01
1.144285714285714306e+01 -3.278981976424947264e-01
1.148571428571428577e+01 -3.280500268442759215e-01
1.152857142857142847e+01 -3.293923442902470522e-01
1.157142857142857117e+01 -3.319770036305547123e-01
1.161428571428571388e+01 -3.358366994341228096e-01
1.165714285714285658e+01 -3.409843616464719451e-01
1.169999999999999929e+01 -3.474128638020080317e-01
1.174285714285714377e+01 -3.550947339057426433e-01
1.178571428571428648e+01 -3.639816576987955909e-01
1.182857142857142918e+01 -3.740033137384004003e-01
1.187142857142857189e+01 -3.850650488124094384e-01
1.191428571428571459e+01 -3.970454144731900836e-01
1.195714285714285730e+01 -4.097942401840291571e-01
1.200000000000000000e+01 -4.231314320018262354e-01
1.204285714285714270e+01 -4.368446825825490487e-01
1.208571428571428541e+01 -4.506861226842248103e-01
1.212857142857142811e+01 -4.643709743742260310e-01
1.217142857142857082e+01 -4.775788338631158925e-01
1.221428571428571352e+01 -4.899575609886969718e-01
1.225714285714285801e+01 -5.011293950162715172e-01
1.230000000000000071e+01 -5.106991177270356896e-01
1.234285714285714342e+01 -5.182642843676447120e-01
1.238571428571428612e+01 -5.234283977808488197e-01
1.242857142857142883e+01 -5.258166786599071107e-01
1.247142857142857153e+01 -5.250935516020062144e-01
1.251428571428571423e+01 -5.209814786949119592e-01
1.255714285714285694e+01 -5.132806424504442466e-01
1.259999999999999964e+01 -5.018887405712715299e-01
1.264285714285714235e+01 -4.868200944254059692e-01
1.268571428571428505e+01 -4.682233236017742106e-01
1.272857142857142954e+01 -4.463968745226934431e-01
1.277142857142857224e+01 -4.218014720760077108e-01
1.281428571428571495e+01 -3.950682133942298169e-01
1.285714285714285765e+01 -3.670005302759031807e-01
1.290000000000000036e+01 -3.385678476610210486e-01
1.294285714285714306e+01 -3.108886213185499958e-01
1.298571428571428577e+01 -2.852007433380007728e-01
1.302857142857142847e+01 -2.628179332393349443e-01
1.307142857142857117e+01 -2.450718361240389054e-01
1.311428571428571388e+01 -2.332411454004985063e-01
1.315714285714285658e+01 -2.284710221339516234e-01
1.319999999999999929e+01 -2.316884898296212858e-01
1.324285714285714377e+01 -2.435217012730014341e-01
1.328571428571428648e+01 -2.642323271118268702e-01
1.332857142857142918e+01 -2.936705437214788827e-01
1.337142857142857189e+01 -3.312602886020509230e-01
1.341428571428571459e+01 -3.760198431945687703e-01
1.345714285714285730e+01 -4.266201882614873986e-01
1.350000000000000000e+01 -4.814746557105861746e-01
1.354285714285714270e+01 -5.388490647696401181e-01
1.358571428571428541e+01 -5.969806810004897324e-01
1.362857142857142811e+01 -6.541935842682167213e-01
1.367142857142857082e+01 -7.089988042045315408e-01
1.371428571428571530e+01 -7.601697993072321635e-01
1.375714285714285801e+01 -8.067872706709264818e-01
1.380000000000000071e+01 -8.482515309630564992e-01
1.384285714285714342e+01 -8.842650045676232473e-01
1.388571428571428612e+01 -9.147912572182989033e-01
1.392857142857142883e+01 -9.399994382523649827e-01
1.397142857142857153e+01 -9.602036885814242417e-01
1.401428571428571423e+01 -9.758059262438655290e-01
1.405714285714285694e+01 -9.872480269894150506e-01
1.409999999999999964e+01 -9.949762783143569767e-01
1.414285714285714235e+01 -9.994181932446338790e-01
1.418571428571428505e+01 -1.000969658226535053e+00
1.422857142857142954e+01 -9.999894574363993316e-01
1.427142857142857224e+01 -9.967983521860450669e-01
1.431428571428571495e+01 -9.916802637624436700e-01
1.435714285714285765e+01 -9.848776172341415780e-01
1.440000000000000036e+01 -9.765803940507480352e-01
1.444285714285714306e+01 -9.669217338184711297e-01
1.448571428571428577e+01 -9.559858836062939957e-01
1.452857142857142847e+01 -9.438130858007098833e-01
1.457142857142857117e+01 -9.303568153935681817e-01
1.461428571428571388e+01 -9.154577375509972414e-01
1.465714285714285658e+01 -8.988838850907051592e-01
1.469999999999999929e+01 -8.804248831643854967e-01
1.474285714285714377e+01 -8.600005069379519362e-01
1.478571428571428648e+01 -8.377341422087639655e-01
1.482857142857142918e+01 -8.139452982503563305e-01
1.487142857142857189e+01 -7.890466513789122782e-01
1.491428571428571459e+01 -7.633700328776349409e-01
1.495714285714285730e+01 -7.369479327790714462e-01
1.500000000000000000e+01 -7.093014568409224951e-01
1.504285714285714270e+01 -6.793058474367107413e-01
1.508571428571428541e+01 -6.451928750709082783e-01
1.512857142857142811e+01 -6.047188620427429440e-01
1.517142857142857082e+01 -5.554878242575335134e-01
1.521428571428571530e+01 -4.953809265488734459e-01
1.525714285714285801e+01 -4.230153819875815402e-01
1.530000000000000071e+01 -3.381459192283614024e-01
1.534285714285714342e+01 -2.419312755067941911e-01
1.538571428571428612e+01 -1.370154365951401498e-01
1.542857142857142883e+01 -2.741174271019015257e-02
1.547142857142857153e+01 8.178332810561780852e-02
1.551428571428571423e+01 1.847905079307265996e-01
1.555714285714285694e+01 2.755942163875285122e-01
1.559999999999999964e+01 3.483739075043367217e-01
1.564285714285714235e+01 3.978801066928082664e-01
1.568571428571428505e+01 4.197425459527041047e-01
1.572857142857142954e+01 4.107165799763607406e-01
1.577142857142857224e+01 3.688847629913439286e-01
1.581428571428571495e+01 2.938240103448486740e-01
1.585714285714285765e+01 1.867342936242467888e-01
1.590000000000000036e+01 5.050527911456851454e-02
1.594285714285714306e+01 -1.103502760140160632e-01
1.598571428571428577e+01 -2.899535229069947206e-01
1.602857142857142847e+01 -4.814438678132741956e-01
1.607142857142857295e+01 -6.774437213309572048e-01
1.611428571428571388e+01 -8.705612372550395328e-01
1.615714285714285836e+01 -1.053883057010983615e+00
1.619999999999999929e+01 -1.221409277542082616e+00
1.624285714285714377e+01 -1.368389428770467431e+00
1.628571428571428470e+01 -1.491530934208304293e+00
1.632857142857142918e+01 -1.589069194522500394e+00
1.637142857142857011e+01 -1.660708155100445671e+00
1.641428571428571459e+01 -1.707457807974062991e+00
1.645714285714285552e+01 -1.731406816887027578e+00
1.650000000000000000e+01 -1.735472216323335370e+00
1.654285714285714448e+01 -1.723162253206385941e+00
1.658571428571428541e+01 -1.698376293684796146e+00
1.662857142857142989e+01 -1.665251282271950739e+00
1.667142857142857082e+01 -1.628049124480109411e+00
1.671428571428571530e+01 -1.591071216904230035e+00
1.675714285714285623e+01 -1.558582740652878273e+00
1.680000000000000071e+01 -1.534733343747405554e+00
1.684285714285714164e+01 -1.523460747299552054e+00
1.688571428571428612e+01 -1.528353226667158449e+00
1.692857142857142705e+01 -1.552500487477070479e+00
1.697142857142857153e+01 -1.598381568807297537e+00
1.701428571428571601e+01 -1.667788090958113090e+00
1.705714285714285694e+01 -1.761673675193854871e+00
1.710000000000000142e+01 -1.879850991228332324e+00
1.714285714285714235e+01 -2.020739592323764544e+00
1.718571428571428683e+01 -2.181448327302180967e+00
1.722857142857142776e+01 -2.358126224656725167e+00
1.727142857142857224e+01 -2.546357509525958296e+00
1.731428571428571317e+01 -2.741346159566473872e+00
1.735714285714285765e+01 -2.937705077493359074e+00
1.739999999999999858e+01 -3.128762212046615421e+00
1.744285714285714306e+01 -3.305476054355763527e+00
1.748571428571428754e+01 -3.455263149872694672e+00
1.752857142857142847e+01 -3.561117755395839524e+00
1.757142857142857295e+01 -3.601426075487494938e+00
1.761428571428571388e+01 -3.550801309573766051e+00
1.765714285714285836e+01 -3.382053228919183585e+00
1.769999999999999929e+01 -3.069152573990294730e+00
1.774285714285714377e+01 -2.590800661539730321e+00
1.778571428571428470e+01 -1.934053796703570249e+00
1.782857142857142918e+01 -1.097404248244825187e+00
1.787142857142857011e+01 -9.279001036023087901e-02
1.791428571428571459e+01 1.053796532651331885e+00
1.795714285714285907e+01 2.303175346767549758e+00
1.800000000000000000e+01 3.605135352799226922e+00
1.804285714285714448e+01 4.901493025498830924e+00
1.808571428571428541e+01 6.129574419693249787e+00
1.812857142857142989e+01 7.225676918748655808e+00
1.817142857142857082e+01 8.128208341528491587e+00
1.821428571428571530e+01 8.780390781588574001e+00
1.825714285714285623e+01 9.132574276621422626e+00
1.830000000000000071e+01 9.144288654636183011e+00
1.834285714285714164e+01 8.786130760915344950e+00
1.838571428571428612e+01 8.041472149882379128e+00
1.842857142857142705e+01 6.907783805240215180e+00
1.847142857142857153e+01 5.397214028769917071e+00
1.851428571428571601e+01 3.536131017359231521e+00
1.855714285714285694e+01 1.363785428149540513e+00
1.860000000000000142e+01 -1.069650680370975548e+00
1.864285714285714235e+01 -3.705456208483698610e+00
1.868571428571428683e+01 -6.478935686909013114e+00
1.872857142857142776e+01 -9.322028800468174836e+00
1.877142857142857224e+01 -1.216584507214086841e+01
1.881428571428571317e+01 -1.494305403900860973e+01
1.885714285714285765e+01 -1.759007421915883285e+01
1.889999999999999858e+01 -2.004899538244783841e+01
1.894285714285714306e+01 -2.226916624821360458e+01
1.898571428571428754e+01 -2.420843448239233098e+01
1.902857142857142847e+01 -2.583409349722277781e+01
1.907142857142857295e+01 -2.712366341894968258e+01
1.911428571428571388e+01 -2.806572036493026090e+01
1.915714285714285836e+01 -2.866094886301450373e+01
1.919999999999999929e+01 -2.892347870858211678e+01
1.924285714285714377e+01 -2.888235601374393013e+01
1.928571428571428470e+01 -2.858303802522127413e+01
1.932857142857142918e+01 -2.808981687544892836e+01
1.937142857142857011e+01 -2.748663623877429529e+01
1.941428571428571459e+01 -2.687159773125063467e+01
1.945714285714285907e+01 -2.634407803746671206e+01
1.950000000000000000e+01 -2.598605029796783938e+01
1.954285714285714448e+01 -2.584127772025591341e+01
1.958571428571428541e+01 -2.589769954814261510e+01
1.962857142857142989e+01 -2.607834006239963287e+01
1.967142857142857082e+01 -2.624487129140354469e+01
1.971428571428571530e+01 -2.621518746545106993e+01
1.975714285714285623e+01 -2.579293604914827043e+01
1.980000000000000071e+01 -2.480367511120305579e+01
1.984285714285714164e+01 -2.313011553800646780e+01
1.988571428571428612e+01 -2.073857876001894951e+01
1.992857142857142705e+01 -1.769048725000019573e+01
1.997142857142857153e+01 -1.413603389417168366e+01
2.001428571428571601e+01 -1.029128894180019138e+01
2.005714285714285694e+01 -6.403825577037941308e+00
2.010000000000000142e+01 -2.714447324962722341e+00
2.014285714285714235e+01 5.768487073431495249e-01
2.018571428571428683e+01 3.334046162144296499e+00
2.022857142857142776e+01 5.493847681636908398e+00
2.027142857142857224e+01 7.060145702155433689e+00
2.031428571428571317e+01 8.087717108693258439e+00
2.035714285714285765e+01 8.660589201292482997e+00
2.039999999999999858e+01 8.870940229914651809e+00
2.044285714285714306e+01 8.803039770227121252e+00
2.048571428571428754e+01 8.524465871865924527e+00
2.052857142857142847e+01 8.084434432717332086e+00
2.057142857142857295e+01 7.517106876751420863e+00
2.061428571428571388e+01 6.846943586459363296e+00
2.065714285714285836e+01 6.093369796413427686e+00
2.069999999999999929e+01 5.273136719305392184e+00
2.074285714285714377e+01 4.400590184745954758e+00
2.078571428571428470e+01 3.488067996573143148e+00
2.082857142857142918e+01 2.546882533633674228e+00
2.087142857142857011e+01 1.588132459630981597e+00
2.091428571428571459e+01 6.231942869522931749e-01
2.095714285714285907e+01 -3.360829593041103069e-01
2.100000000000000000e+01 -1.277429005629869607e+00
2.104285714285714448e+01 -2.188392014496180149e+00
2.108571428571428541e+01 -3.056713594406205825e+00
2.112857142857142989e+01 -3.870788642526787893e+00
2.117142857142857082e+01 -4.620161604574155589e+00
2.121428571428571530e+01 -5.296015542554235900e+00
2.125714285714285623e+01 -5.891598829533881698e+00
2.130000000000000071e+01 -6.402543217769122386e+00
2.134285714285714164e+01 -6.827030755603813894e+00
2.138571428571428612e+01 -7.165780513945843033e+00
2.142857142857142705e+01 -7.421846739024808848e+00
2.147142857142857153e+01 -7.600253060276459749e+00
2.151428571428571601e+01 -7.707514540885043175e+00
2.155714285714285694e+01 -7.751119709719026751e+00
2.160000000000000142e+01 -7.739053864513699921e+00
2.164285714285714235e+01 -7.679435849481532905e+00
2.168571428571428683e+01 -7.580314655743232599e+00
2.172857142857142776e+01 -7.449635369644532545e+00
2.177142857142857224e+01 -7.295347199453430242e+00
2.181428571428571317e+01 -7.125557260961754125e+00
2.185714285714285765e+01 -6.948582126123434399e+00
2.189999999999999858e+01 -6.772985544674240188e+00
2.194285714285714306e+01 -6.607590474902432121e+00
2.198571428571428754e+01 -6.461141026249606512e+00
2.202857142857142847e+01 -6.341543165377887981e+00
2.207142857142857295e+01 -6.254778743339100444e+00
2.211428571428571388e+01 -6.203710673658237695e+00
2.215714285714285836e+01 -6.187078080108206812e+00
2.219999999999999929e+01 -6.198986345256138897e+00
2.224285714285714377e+01 -6.229132593473075019e+00
2.228571428571428470e+01 -6.263861985945871069e+00
2.232857142857142918e+01 -6.287968602741329960e+00
2.237142857142857011e+01 -6.286971315260083237e+00
2.241428571428571459e+01 -6.249459012895773213e+00
2.245714285714285907e+01 -6.169050923426459221e+00
2.250000000000000000e+01 -6.045573528062607060e+00
2.254285714285714448e+01 -5.885208872788124879e+00
2.258571428571428541e+01 -5.699585580634258797e+00
2.262857142857142989e+01 -5.503999893889047534e+00
2.267142857142857082e+01 -5.315126804157415563e+00
2.271428571428571530e+01 -5.148671065580585626e+00
2.275714285714285623e+01 -5.017391618066472603e+00
2.280000000000000071e+01 -4.929814352494073404e+00
2.284285714285714164e+01 -4.889769098518688573e+00
2.288571428571428612e+01 -4.896714365198752361e+00
2.292857142857142705e+01 -4.946636168278637946e+00
2.297142857142857153e+01 -5.033211421749423486e+00
2.301428571428571601e+01 -5.148951522024135308e+00
2.305714285714285694e+01 -5.286111282901003960e+00
2.310000000000000142e+01 -5.437264519630375936e+00
2.314285714285714235e+01 -5.595582142815321625e+00
2.318571428571428683e+01 -5.754949255673006192e+00
2.322857142857142776e+01 -5.909988717751874177e+00
2.327142857142857224e+01 -6.056051455782742288e+00
2.331428571428571317e+01 -6.189231068850446604e+00
2.335714285714285765e+01 -6.306360350232429468e+00
2.339999999999999858e+01 -6.404941373255993220e+00
2.344285714285714306e+01 -6.483067490621942319e+00
2.348571428571428754e+01 -6.539353008663739253e+00
2.352857142857142847e+01 -6.572876236104752579e+00
2.357142857142857295e+01 -6.583138374959339068e+00
2.361428571428571388e+01 -6.570039415664805205e+00
2.365714285714285836e+01 -6.533872367029283978e+00
2.369999999999999929e+01 -6.475337727474669514e+00
2.374285714285714377e+01 -6.395579862179418207e+00
2.378571428571428470e+01 -6.296244932960658680e+00
2.382857142857142918e+01 -6.179556016620740166e+00
2.387142857142857011e+01 -6.048387904696251205e+00
2.391428571428571459e+01 -5.906287745453299820e+00
2.395714285714285907e+01 -5.757488481847051531e+00
2.400000000000000000e+01 -5.606935903554959744e+00
2.404285714285714448e+01 -5.460278404227218552e+00
2.408571428571428541e+01 -5.323750825929050023e+00
2.412857142857142989e+01 -5.203885700276598136e+00
2.417142857142857082e+01 -5.107018681577361718e+00
2.421428571428571530e+01 -5.038601378984924217e+00
2.425714285714285623e+01 -5.002403967447466293e+00
2.430000000000000071e+01 -4.999744902920244094e+00
2.434285714285714164e+01 -5.028918943830471555e+00
2.438571428571428612e+01 -5.084995095986282188e+00
2.442857142857142705e+01 -5.160104399874321679e+00
2.447142857142857153e+01 -5.244246363868389160e+00
2.451428571428571601e+01 -5.326528467188416549e+00
2.455714285714285694e+01 -5.396649417692045425e+00
2.460000000000000142e+01 -5.446368499204180758e+00
2.464285714285714235e+01 -5.470690166125630860e+00
2.468571428571428683e+01 -5.468544038246326622e+00
2.472857142857142776e+01 -5.442842098117994354e+00
2.477142857142857224e+01 -5.399918266695752145e+00
2.481428571428571317e+01 -5.348476493730450976e+00
2.485714285714285765e+01 -5.298263766428771504e+00
2.489999999999999858e+01 -5.258722680906313229e+00
2.494285714285714306e+01 -5.237857581343102531e+00
2.498571428571428754e+01 -5.241480502832660981e+00
2.502857142857142847e+01 -5.272905752664841295e+00
2.507142857142857295e+01 -5.333060942254730818e+00
2.511428571428571388e+01 -5.420904563580065449e+00
2.515714285714285836e+01 -5.533990146866571536e+00
2.519999999999999929e+01 -5.669019621211406346e+00
2.524285714285714377e+01 -5.822261951026305837e+00
2.528571428571428470e+01 -5.989772987927649339e+00
2.532857142857142918e+01 -6.167465304975920937e+00
2.537142857142857011e+01 -6.351210448468262548e+00
2.541428571428571459e+01 -6.536940398797817409e+00
2.545714285714285907e+01 -6.720687543852713830e+00
2.550000000000000000e+01 -6.898565249041186398e+00
2.554285714285714448e+01 -7.066749631029860979e+00
2.558571428571428541e+01 -7.221528923219036500e+00
2.562857142857142989e+01 -7.359389673985621272e+00
2.567142857142857082e+01 -7.477125759719435827e+00
2.571428571428571530e+01 -7.571958232988382775e+00
2.575714285714285623e+01 -7.641651130643203338e+00
2.580000000000000071e+01 -7.684610186661320341e+00
2.584285714285714164e+01 -7.699952215245917664e+00
2.588571428571428612e+01 -7.687537658299817167e+00
2.592857142857142705e+01 -7.647961713735693223e+00
2.597142857142857153e+01 -7.582504359295702656e+00
2.601428571428571601e+01 -7.493044069500077953e+00
2.605714285714285694e+01 -7.381943919069513527e+00
2.610000000000000142e+01 -7.251922587634326511e+00
2.614285714285714235e+01 -7.105925501604070327e+00
2.618571428571428683e+01 -6.947011828913889353e+00
2.622857142857142776e+01 -6.778271022065457174e+00
2.627142857142857224e+01 -6.602776901858487868e+00
2.631428571428571317e+01 -6.423564333809890670e+00
2.635714285714285765e+01 -6.243612018045546996e+00
2.639999999999999858e+01 -6.065848684003647406e+00
2.644285714285714306e+01 -5.893279181923071874e+00
2.648571428571428754e+01 -5.729146078867162650e+00
2.652857142857142847e+01 -5.576883076711456333e+00
2.657142857142857295e+01 -5.439805796324764131e+00
2.661428571428571388e+01 -5.320578905631077937e+00
2.665714285714285836e+01 -5.220608887718329427e+00
2.669999999999999929e+01 -5.139550955363874962e+00
2.674285714285714377e+01 -5.075087759429868228e+00
2.678571428571428470e+01 -5.023084229108935261e+00
2.682857142857142918e+01 -4.978121591728668527e+00
2.687142857142857011e+01 -4.934320033682215723e+00
2.691428571428571459e+01 -4.886277434507468875e+00
2.695714285714285907e+01 -4.829923099511418627e+00
2.700000000000000000e+01 -4.763108022041785183e+00
2.704285714285714448e+01 -4.685815849236553809e+00
2.708571428571428541e+01 -4.599971755237413085e+00
2.712857142857142989e+01 -4.508924675050828057e+00
2.717142857142857082e+01 -4.416749586867716459e+00
2.721428571428571530e+01 -4.327545369310465517e+00
2.725714285714285623e+01 -4.244883956295524285e+00
2.730000000000000071e+01 -4.171508310696972366e+00
2.734285714285714164e+01 -4.109295858486214037e+00
2.738571428571428612e+01 -4.059427978919207369e+00
2.742857142857143060e+01 -4.022656676721029889e+00
2.747142857142857153e+01 -3.999535734115620134e+00
2.751428571428571601e+01 -3.990516742689365959e+00
2.755714285714285694e+01 -3.995880575975085058e+00
2.760000000000000142e+01 -4.015541216793869772e+00
2.764285714285714235e+01 -4.048802450235092998e+00
2.768571428571428683e+01 -4.094181395932813494e+00
2.772857142857142776e+01 -4.149386439642970714e+00
2.777142857142857224e+01 -4.211490674191304961e+00
2.781428571428571317e+01 -4.277273828544801759e+00
2.785714285714285765e+01 -4.343628154743787384e+00
2.789999999999999858e+01 -4.407823571521802819e+00
2.794285714285714306e+01 -4.467598321804890027e+00
2.798571428571428754e+01 -4.521122263599057334e+00
2.802857142857142847e+01 -4.566900531948327568e+00
2.807142857142857295e+01 -4.603718121284942733e+00
2.811428571428571388e+01 -4.630590358637184600e+00
2.815714285714285836e+01 -4.646709699924532089e+00
2.819999999999999929e+01 -4.651399615846040447e+00
2.824285714285714377e+01 -4.644083903498481547e+00
2.828571428571428470e+01 -4.624276196135511441e+00
2.832857142857142918e+01 -4.591590383985286294e+00
2.837142857142857011e+01 -4.545768713297309027e+00
2.841428571428571459e+01 -4.486721005930517592e+00
2.845714285714285907e+01 -4.414566403426578134e+00
2.850000000000000000e+01 -4.329668390260476230e+00
2.854285714285714448e+01 -4.232654810872686468e+00
2.858571428571428541e+01 -4.124416948758612200e+00
2.862857142857142989e+01 -4.006085626178034431e+00
2.867142857142857082e+01 -3.878986024271102728e+00
2.871428571428571530e+01 -3.744575769293691181e+00
2.875714285714285623e+01 -3.604375100230001738e+00
2.880000000000000071e+01 -3.459897379180289612e+00
2.884285714285714164e+01 -3.312589839460527763e+00
2.888571428571428612e+01 -3.163791289266713047e+00
2.892857142857143060e+01 -3.014712378107546886e+00
2.897142857142857153e+01 -2.866439542593466339e+00
2.901428571428571601e+01 -2.719958146738559179e+00
2.905714285714285694e+01 -2.576159785387293510e+00
2.910000000000000142e+01 -2.435820504535606723e+00
2.914285714285714235e+01 -2.299582641412305950e+00
2.918571428571428683e+01 -2.167946438566111134e+00
2.922857142857142776e+01 -2.041272148612507831e+00
2.927142857142857224e+01 -1.919791163319087612e+00
2.931428571428571317e+01 -1.803624438319127332e+00
2.935714285714285765e+01 -1.692805465150476474e+00
2.939999999999999858e+01 -1.587305053745346584e+00
2.944285714285714306e+01 -1.487053880196688160e+00
2.948571428571428754e+01 -1.391954630135875615e+00
2.952857142857142847e+01 -1.301887755544566261e+00
2.957142857142857295e+01 -1.216715560478452085e+00
2.961428571428571388e+01 -1.136285340647701148e+00
2.965714285714285836e+01 -1.060432144410094368e+00
2.969999999999999929e+01 -9.889815531165050411e-01
2.974285714285714377e+01 -9.217526286578733297e-01
2.978571428571428470e+01 -8.585609367741589004e-01
2.982857142857142918e+01 -7.992213987348469884e-01
2.987142857142857011e+01 -7.435506870580853578e-01
2.991428571428571459e+01 -6.913689566566082467e-01
2.995714285714285907e+01 -6.425008498760939046e-01
3.000000000000000000e+01 -5.967758737491880572e-01
3.004285714285714448e+01 -5.540283662578265877e-01
3.008571428571428541e+01 -5.140973122734322498e-01
3.012857142857142989e+01 -4.768262347992133776e-01
3.017142857142857082e+01 -4.420632940486717843e-01
3.021428571428571530e+01 -4.096616119545751222e-01
3.025714285714285623e+01 -3.794797412402511894e-01
3.030000000000000071e+01 -3.513821446436098395e-01
3.034285714285714164e+01 -3.252395517681466730e-01
3.038571428571428612e+01 -3.009291091781997052e-01
3.042857142857143060e+01 -2.783343102097869948e-01
3.047142857142857153e+01 -2.573447567238286715e-01
3.051428571428571601e+01 -2.378558439936326319e-01
3.055714285714285694e+01 -2.197684629349896113e-01
3.060000000000000142e+01 -2.029887851497712004e-01
3.064285714285714235e+01 -1.874281497678802200e-01
3.068571428571428683e+01 -1.730030248490117828e-01
3.072857142857142776e+01 -1.596349860966700673e-01
3.077142857142857224e+01 -1.472506505939933097e-01
3.081428571428571317e+01 -1.357815221844414777e-01
3.085714285714285765e+01 -1.251637383561857997e-01
3.089999999999999858e+01 -1.153377423007207053e-01
3.094285714285714306e+01 -1.062479261008182491e-01
3.098571428571428754e+01 -9.784229546595647753e-02
3.102857142857142847e+01 -9.007219376717889858e-02
3.107142857142857295e+01 -8.289209958589142946e-02
3.111428571428571388e+01 -7.625948667726477337e-02
3.115714285714285836e+01 -7.013471700589142543e-02
3.119999999999999929e+01 -6.448093204689131497e-02
3.124285714285714377e+01 -5.926391549379131374e-02
3.128571428571428470e+01 -5.445191741831535703e-02
3.132857142857142918e+01 -5.001544842638257909e-02
3.137142857142857011e+01 -4.592706547941322048e-02
3.141428571428571459e+01 -4.216117483606361682e-02
3.145714285714285907e+01 -3.869387191965615452e-02
3.150000000000000000e+01 -3.550282587349994773e-02
3.154285714285714448e+01 -3.256720290366362652e-02
3.158571428571428541e+01 -2.986761214713147886e-02
3.162857142857142989e+01 -2.738605421493414335e-02
3.167142857142857082e+01 -2.510585648589165261e-02
3.171428571428571530e+01 -2.301158840623179422e-02
3.175714285714285623e+01 -2.108896036182841133e-02
3.180000000000000071e+01 -1.932471713722881679e-02
3.184285714285714164e+01 -1.770653930290228342e-02
3.188571428571428612e+01 -1.622296303022835798e-02
3.192857142857143060e+01 -1.486332247564680492e-02
3.197142857142857153e+01 -1.361771155393834941e-02
3.201428571428571246e+01 -1.247695631445053417e-02
3.205714285714285694e+01 -1.143258722875366805e-02
3.210000000000000142e+01 -1.047680299721923461e-02
3.214285714285714590e+01 -9.602422735169558257e-03
3.218571428571428328e+01 -8.802829229206714234e-03
3.222857142857142776e+01 -8.071910057095520868e-03
3.227142857142857224e+01 -7.404004473374117302e-03
3.231428571428571672e+01 -6.793862075008857970e-03
3.235714285714285410e+01 -6.236615325881865804e-03
3.239999999999999858e+01 -5.727763542611402289e-03
3.244285714285714306e+01 -5.263162597079483127e-03
3.248571428571428754e+01 -4.839013637486529358e-03
3.252857142857143202e+01 -4.451845800436462185e-03
3.257142857142856940e+01 -4.098491220848445547e-03
3.261428571428571388e+01 -3.776054089367705119e-03
3.265714285714285836e+01 -3.481877818896201258e-03
3.270000000000000284e+01 -3.213515081856328261e-03
3.274285714285714022e+01 -2.968704627751520431e-03
3.278571428571428470e+01 -2.745356665343315176e-03
3.282857142857142918e+01 -2.541545768757558568e-03
3.287142857142857366e+01 -2.355507794054179354e-03
3.291428571428571104e+01 -2.185636360064934381e-03
3.295714285714285552e+01 -2.030475521184699466e-03
3.300000000000000000e+01 -1.888707602574952061e-03
3.304285714285714448e+01 -1.759137393656635745e-03
3.308571428571428896e+01 -1.640675085343551529e-03
3.312857142857142634e+01 -1.532320525530984174e-03
3.317142857142857082e+01 -1.433150995130397145e-03
3.321428571428571530e+01 -1.342313871181963518e-03
3.325714285714285978e+01 -1.259024086983014405e-03
3.329999999999999716e+01 -1.182564530909060519e-03
3.334285714285714164e+01 -1.112286439873763156e-03
3.338571428571428612e+01 -1.047607284141624170e-03
3.342857142857143060e+01 -9.880053360068511651e-04
3.347142857142857508e+01 -9.330118218346324403e-04
3.351428571428571246e+01 -8.822022702481960082e-04
3.355714285714285694e+01 -8.351884856250965054e-04
3.360000000000000142e+01 -7.916122367836262580e-04
3.364285714285714590e+01 -7.511415390894275951e-04
3.368571428571428328e+01 -7.134698857892956408e-04
3.372857142857142776e+01 -6.783176667077271162e-04
3.377142857142857224e+01 -6.454339236834940024e-04
3.381428571428571672e+01 -6.145965430641170272e-04
3.385714285714285410e+01 -5.856101470858263462e-04
3.389999999999999858e+01 -5.583023132465155273e-04
3.394285714285714306e+01 -5.325192372888311234e-04
3.398571428571428754e+01 -5.081215769037071475e-04
3.402857142857143202e+01 -4.849808782596637608e-04
3.407142857142856940e+01 -4.629771846260812376e-04
3.411428571428571388e+01 -4.419985674719251688e-04
3.415714285714285836e+01 -4.219426246808392488e-04
3.420000000000000284e+01 -4.027187425346512675e-04
3.424285714285714022e+01 -3.842493477570748457e-04
3.428571428571428470e+01 -3.664691967298812098e-04
3.432857142857142918e+01 -3.493231987014453963e-04
3.437142857142857366e+01 -3.327639454275687779e-04
3.441428571428571814e+01 -3.167496130154424570e-04
3.445714285714285552e+01 -3.012421765568663629e-04
3.450000000000000000e+01 -2.862059325548153127e-04
3.454285714285714448e+01 -2.716068932681038823e-04
3.458571428571428896e+01 -2.574136028491161776e-04
3.462857142857142634e+01 -2.435989676043543958e-04
3.467142857142857082e+01 -2.301417760068743504e-04
3.471428571428571530e+01 -2.170268296291939217e-04
3.475714285714285978e+01 -2.042438065688335349e-04
3.479999999999999716e+01 -1.917858112999768329e-04
3.484285714285714164e+01 -1.796482366270754356e-04
3.488571428571428612e+01 -1.678277617351469687e-04
3.492857142857143060e+01 -1.563212192442585272e-04
3.497142857142857508e+01 -1.451247627260425640e-04
3.501428571428571246e+01 -1.342341343538413145e-04
3.505714285714285694e+01 -1.236461042592362422e-04
3.510000000000000142e+01 -1.133600431659511590e-04
3.514285714285714590e+01 -1.033784457273337977e-04
3.518571428571428328e+01 -9.370627229627123819e-05
3.522857142857142776e+01 -8.434998241416888354e-05
3.527142857142857224e+01 -7.531695296441917706e-05
3.531428571428571672e+01 -6.661502379084240913e-05
3.535714285714285410e+01 -5.825159021424414544e-05
3.539999999999999858e+01 -5.023246672666114687e-05
3.544285714285714306e+01 -4.256157121084416957e-05
3.548571428571428754e+01 -3.524205191615782060e-05
3.552857142857143202e+01 -2.827809732002469859e-05
3.557142857142856940e+01 -2.167593890649969921e-05
3.561428571428571388e+01 -1.544339232263235596e-05
3.565714285714285836e+01 -9.588720714095959257e-06
3.570000000000000284e+01 -4.119980329026058598e-06
3.574285714285714022e+01 9.549830923920750724e-07
3.578571428571428470e+01 5.628697133623076244e-06
3.582857142857142918e+01 9.894890743151386705e-06
3.587142857142857366e+01 1.374935445336402583e-05
3.591428571428571814e+01 1.718976846328246663e-05
3.595714285714285552e+01 2.021435122287467019e-05
