# coord_A   rho_avg_e_per_A3
0.000000000000000000e+00 6.080736645525055986e-05
4.285714285714285754e-02 5.094474327855274572e-05
8.571428571428571508e-02 4.096752438103045568e-05
1.285714285714285587e-01 3.087916903295491721e-05
1.714285714285714302e-01 2.069699744334379748e-05
2.142857142857143016e-01 1.044642138510966156e-05
2.571428571428571175e-01 1.622176038542916685e-07
2.999999999999999889e-01 -1.011385094342003801e-05
3.428571428571428603e-01 -2.034618069057404625e-05
3.857142857142857317e-01 -3.051961601643092342e-05
4.285714285714286031e-01 -4.064023583735913985e-05
4.714285714285714191e-01 -5.072243448846458199e-05
5.142857142857142350e-01 -6.077622181161375641e-05
5.571428571428571619e-01 -7.080381168803035309e-05
5.999999999999999778e-01 -8.079954771312330606e-05
6.428571428571429047e-01 -9.074487893461935138e-05
6.857142857142857206e-01 -1.006035718298487977e-04
7.285714285714285365e-01 -1.103297510590279114e-04
7.714285714285714635e-01 -1.198881021808261932e-04
8.142857142857142794e-01 -1.292679793674342585e-04
8.571428571428572063e-01 -1.384775013183376952e-04
9.000000000000000222e-01 -1.475273704235583621e-04
9.428571428571428381e-01 -1.564253363150428389e-04
9.857142857142857650e-01 -1.651834453634869822e-04
1.028571428571428470e+00 -1.738166581738475398e-04
1.071428571428571397e+00 -1.823199665819141043e-04
1.114285714285714324e+00 -1.906466145823802034e-04
1.157142857142857251e+00 -1.987240632332405602e-04
1.199999999999999956e+00 -2.065076741526581023e-04
1.242857142857142883e+00 -2.140217486074030666e-04
1.285714285714285809e+00 -2.213390872391065125e-04
1.328571428571428514e+00 -2.285133656938419743e-04
1.371428571428571441e+00 -2.355341119822429755e-04
1.414285714285714368e+00 -2.423522938921202617e-04
1.457142857142857073e+00 -2.489446702268587877e-04
1.500000000000000000e+00 -2.553401994040686743e-04
1.542857142857142927e+00 -2.615781989498202091e-04
1.585714285714285632e+00 -2.676523550709869947e-04
1.628571428571428559e+00 -2.735143438086523214e-04
1.671428571428571486e+00 -2.791390242831896882e-04
1.714285714285714413e+00 -2.845756107900511509e-04
1.757142857142857117e+00 -2.899217195647456834e-04
1.800000000000000044e+00 -2.952471362542857412e-04
1.842857142857142971e+00 -3.005533871153311175e-04
1.885714285714285676e+00 -3.058115415139933311e-04
1.928571428571428603e+00 -3.110273235654546103e-04
1.971428571428571530e+00 -3.162536165762674283e-04
2.014285714285714235e+00 -3.215404543759340554e-04
2.057142857142856940e+00 -3.268938861430804930e-04
2.100000000000000089e+00 -3.323057938640092222e-04
2.142857142857142794e+00 -3.378267978085750640e-04
2.185714285714285943e+00 -3.435940922007745934e-04
2.228571428571428648e+00 -3.497711390112041548e-04
2.271428571428571352e+00 -3.564554316539822400e-04
2.314285714285714501e+00 -3.636480442787299867e-04
2.357142857142857206e+00 -3.713124475996574777e-04
2.399999999999999911e+00 -3.794589426366316723e-04
2.442857142857143060e+00 -3.881768999916741271e-04
2.485714285714285765e+00 -3.976057178086296324e-04
2.528571428571428470e+00 -4.078987933907532860e-04
2.571428571428571619e+00 -4.192224964492431705e-04
2.614285714285714324e+00 -4.317719381622343237e-04
2.657142857142857029e+00 -4.457591151376729950e-04
2.700000000000000178e+00 -4.613677731046482954e-04
2.742857142857142883e+00 -4.787200916992868059e-04
2.785714285714285587e+00 -4.978979154722466957e-04
2.828571428571428736e+00 -5.190090150507509735e-04
2.871428571428571441e+00 -5.422486580504016617e-04
2.914285714285714146e+00 -5.679198937818994656e-04
2.957142857142857295e+00 -5.964176811043238931e-04
3.000000000000000000e+00 -6.282011230681771750e-04
3.042857142857142705e+00 -6.637626747992929734e-04
3.085714285714285854e+00 -7.035877196089455497e-04
3.128571428571428559e+00 -7.481103807364172928e-04
3.171428571428571264e+00 -7.976949913257476692e-04
3.214285714285714413e+00 -8.526705935407432810e-04
3.257142857142857117e+00 -9.134121388104834548e-04
3.299999999999999822e+00 -9.804297187791049216e-04
3.342857142857142971e+00 -1.054426300930115913e-03
3.385714285714285676e+00 -1.136307950635886445e-03
3.428571428571428825e+00 -1.227149879600405828e-03
3.471428571428571530e+00 -1.328126447842317920e-03
3.514285714285714235e+00 -1.440419387609871140e-03
3.557142857142857384e+00 -1.565137168245455627e-03
3.600000000000000089e+00 -1.703292561907230511e-03
3.642857142857142794e+00 -1.855869193470716886e-03
3.685714285714285943e+00 -2.023962731819824602e-03
3.728571428571428648e+00 -2.208941626268363413e-03
3.771428571428571352e+00 -2.412565356207012866e-03
3.814285714285714501e+00 -2.637021642248558832e-03
3.857142857142857206e+00 -2.884873508140334535e-03
3.899999999999999911e+00 -3.158930023209702287e-03
3.942857142857143060e+00 -3.462078418355676000e-03
3.985714285714285765e+00 -3.797142604849908752e-03
4.028571428571428470e+00 -4.166843559256063270e-03
4.071428571428571175e+00 -4.573906497627383723e-03
4.114285714285713880e+00 -5.021294358728118322e-03
4.157142857142857473e+00 -5.512485959939895930e-03
4.200000000000000178e+00 -6.051696862750885128e-03
4.242857142857142883e+00 -6.643964485693071298e-03
4.285714285714285587e+00 -7.295064362857787629e-03
4.328571428571428292e+00 -8.011275834210029173e-03
4.371428571428571885e+00 -8.799071535179746328e-03
4.414285714285714590e+00 -9.664856193818786856e-03
4.457142857142857295e+00 -1.061489346139163695e-02
4.500000000000000000e+00 -1.165550351183092075e-02
4.542857142857142705e+00 -1.279350052246283620e-02
4.585714285714285410e+00 -1.403672682552047080e-02
4.628571428571429003e+00 -1.539449121658360495e-02
4.671428571428571708e+00 -1.687775055426139759e-02
4.714285714285714413e+00 -1.849896046043959449e-02
4.757142857142857117e+00 -2.027162913816471859e-02
4.799999999999999822e+00 -2.220971785091201481e-02
4.842857142857142527e+00 -2.432711864261045617e-02
4.885714285714286120e+00 -2.663745871942450535e-02
4.928571428571428825e+00 -2.915438875059774351e-02
4.971428571428571530e+00 -3.189232002267627236e-02
5.014285714285714235e+00 -3.486736592383864880e-02
5.057142857142856940e+00 -3.809812310434296245e-02
5.099999999999999645e+00 -4.160595586386985761e-02
5.142857142857143238e+00 -4.541460683167868051e-02
5.185714285714285943e+00 -4.954918482903893084e-02
5.228571428571428648e+00 -5.403480739920254322e-02
5.271428571428571352e+00 -5.889533347259560264e-02
5.314285714285714057e+00 -6.415263906464517552e-02
5.357142857142856762e+00 -6.982671358933778549e-02
5.400000000000000355e+00 -7.593650874563900866e-02
5.442857142857143060e+00 -8.250108046625810598e-02
5.485714285714285765e+00 -8.954030547653643590e-02
5.528571428571428470e+00 -9.707446223229067306e-02
5.571428571428571175e+00 -1.051222631850248224e-01
5.614285714285714768e+00 -1.136974198721274198e-01
5.657142857142857473e+00 -1.228043578087686383e-01
5.700000000000000178e+00 -1.324340904391343998e-01
5.742857142857142883e+00 -1.425613382135760276e-01
5.785714285714285587e+00 -1.531436264758467281e-01
5.828571428571428292e+00 -1.641223519827083588e-01
5.871428571428571885e+00 -1.754248955553835976e-01
5.914285714285714590e+00 -1.869661326810895807e-01
5.957142857142857295e+00 -1.986474853170091814e-01
6.000000000000000000e+00 -2.103521183523266169e-01
6.042857142857142705e+00 -2.219359563607473940e-01
6.085714285714285410e+00 -2.332203201684951155e-01
6.128571428571429003e+00 -2.440016247497226731e-01
6.171428571428571708e+00 -2.540407328930425201e-01
6.214285714285714413e+00 -2.630352917965875226e-01
6.257142857142857117e+00 -2.706027663791725768e-01
6.299999999999999822e+00 -2.762872791981043075e-01
6.342857142857142527e+00 -2.795949180416379409e-01
6.385714285714286120e+00 -2.800536475892254629e-01
6.428571428571428825e+00 -2.772851823711431352e-01
6.471428571428571530e+00 -2.710730800685099973e-01
6.514285714285714235e+00 -2.614113601256453090e-01
6.557142857142856940e+00 -2.485234585692217557e-01
6.599999999999999645e+00 -2.328480936556214798e-01
6.642857142857143238e+00 -2.149952785245521358e-01
6.685714285714285943e+00 -1.956807618402652826e-01
6.728571428571428648e+00 -1.756500302839161531e-01
6.771428571428571352e+00 -1.556039271661088519e-01
6.814285714285714057e+00 -1.361373633243658232e-01
6.857142857142857650e+00 -1.177011647661141136e-01
6.900000000000000355e+00 -1.005949533959367564e-01
6.942857142857143060e+00 -8.499385693486233295e-02
6.985714285714285765e+00 -7.100586983604763314e-02
7.028571428571428470e+00 -5.872016889805601464e-02
7.071428571428571175e+00 -4.824397069118187276e-02
7.114285714285714768e+00 -3.980707778776802763e-02
7.157142857142857473e+00 -3.383144485686004344e-02
7.200000000000000178e+00 -3.092749794271939037e-02
7.242857142857142883e+00 -3.181685722985735931e-02
7.285714285714285587e+00 -3.716557922327038549e-02
7.328571428571428292e+00 -4.735531169761898057e-02
7.371428571428571885e+00 -6.224857982514767768e-02
7.414285714285714590e+00 -8.102193848294628187e-02
7.457142857142857295e+00 -1.021206962486068265e-01
7.500000000000000000e+00 -1.233638428193458980e-01
7.542857142857142705e+00 -1.421930855884592781e-01
7.585714285714285410e+00 -1.560243720793698108e-01
7.628571428571429003e+00 -1.626340931063346429e-01
7.671428571428571708e+00 -1.605013951814890927e-01
7.714285714285714413e+00 -1.490359973202766697e-01
7.757142857142857117e+00 -1.286450702543940894e-01
7.799999999999999822e+00 -1.006289161242537034e-01
7.842857142857142527e+00 -6.693347858858283983e-02
7.885714285714286120e+00 -2.982038938851227367e-02
7.928571428571428825e+00 8.468252886309278471e-03
7.971428571428571530e+00 4.597656442045393310e-02
8.014285714285714235e+00 8.118287533664704514e-02
8.057142857142856940e+00 1.130161563202771446e-01
8.099999999999999645e+00 1.407664396167801202e-01
8.142857142857142350e+00 1.639424626964544607e-01
8.185714285714285054e+00 1.821381924972002020e-01
8.228571428571427759e+00 1.949579622790782452e-01
8.271428571428572241e+00 2.020218709597056128e-01
8.314285714285714946e+00 2.030421336042821656e-01
8.357142857142857650e+00 1.979356411541942362e-01
8.400000000000000355e+00 1.869182000292749779e-01
8.442857142857143060e+00 1.704700725716764009e-01
8.485714285714285765e+00 1.492550143498646564e-01
8.528571428571428470e+00 1.240933567800818482e-01
8.571428571428571175e+00 9.593194116726778964e-02
8.614285714285713880e+00 6.580598436783108296e-02
8.657142857142856585e+00 3.479475988036422052e-02
8.699999999999999289e+00 3.973338830424459102e-03
8.742857142857143771e+00 -2.563669051798449922e-02
8.785714285714286476e+00 -5.311381729171626986e-02
8.828571428571429180e+00 -7.767656917431747798e-02
8.871428571428571885e+00 -9.871281040174235966e-02
8.914285714285714590e+00 -1.157958932228643906e-01
8.957142857142857295e+00 -1.286862688714523473e-01
9.000000000000000000e+00 -1.373198560792395773e-01
9.042857142857142705e+00 -1.417856052623681085e-01
9.085714285714285410e+00 -1.422954573566822534e-01
9.128571428571428115e+00 -1.391500556532384025e-01
9.171428571428570820e+00 -1.327023931945652546e-01
9.214285714285713524e+00 -1.233214353627342386e-01
9.257142857142858006e+00 -1.113580006749244067e-01
9.300000000000000711e+00 -9.712728178415197533e-02
9.342857142857143415e+00 -8.093880316541482434e-02
9.385714285714286120e+00 -6.311058078817852190e-02
9.428571428571428825e+00 -4.396982573792132531e-02
9.471428571428571530e+00 -2.386544581737067711e-02
9.514285714285714235e+00 -3.200489484441289972e-03
9.557142857142856940e+00 1.752598411261345815e-02
9.599999999999999645e+00 3.769535771348748315e-02
9.642857142857142350e+00 5.656233300720830970e-02
9.685714285714285054e+00 7.326807131191949429e-02
9.728571428571429536e+00 8.687668969348491532e-02
9.771428571428572241e+00 9.643662251982269840e-02
9.814285714285714946e+00 1.010619660110017720e-01
9.857142857142857650e+00 1.000219844611269504e-01
9.900000000000000355e+00 9.283235013880501707e-02
9.942857142857143060e+00 7.934915156259218783e-02
9.985714285714285765e+00 5.984625338811540990e-02
1.002857142857142847e+01 3.506108562760094222e-02
1.007142857142857117e+01 6.197387441053933341e-03
1.011428571428571388e+01 -2.512325518381601855e-02
1.015714285714285658e+01 -5.696354728336344708e-02
1.019999999999999929e+01 -8.722060632273730130e-02
1.024285714285714377e+01 -1.138090253135320695e-01
1.028571428571428648e+01 -1.348535113896746074e-01
1.032857142857142918e+01 -1.488646822332190811e-01
1.037142857142857189e+01 -1.548735559657927752e-01
1.041428571428571459e+01 -1.525076917898939011e-01
1.045714285714285730e+01 -1.420030866195320096e-01
1.050000000000000000e+01 -1.241562357687485268e-01
1.054285714285714270e+01 -1.002268894131896626e-01
1.058571428571428541e+01 -7.180648882586113113e-02
1.062857142857142811e+01 -4.066718042864629623e-02
1.067142857142857082e+01 -8.606391363981311798e-03
1.071428571428571352e+01 2.269956590624761308e-02
1.075714285714285801e+01 5.181908319881289859e-02
1.080000000000000071e+01 7.765495185373731679e-02
1.084285714285714342e+01 9.949198604263523316e-02
1.088571428571428612e+01 1.169932125782893878e-01
1.092857142857142883e+01 1.301134459459877268e-01
1.097142857142857153e+01 1.389987374010354104e-01
1.101428571428571423e+01 1.439112451696985817e-01
1.105714285714285694e+01 1.451587413486308820e-01
1.109999999999999964e+01 1.430352354832288286e-01
1.114285714285714235e+01 1.377800239300565333e-01
1.118571428571428505e+01 1.295597473218292051e-01
1.122857142857142954e+01 1.184739553492829139e-01
1.127142857142857224e+01 1.045800893536895371e-01
1.131428571428571495e+01 8.792987484623543404e-02
1.135714285714285765e+01 6.860721621149749871e-02
1.140000000000000036e+01 4.675816273185522121e-02
1.144285714285714306e+01 2.260705619375703163e-02
1.148571428571428577e+01 -3.542681374893817594e-03
1.152857142857142847e+01 -3.132074040599400200e-02
1.157142857142857117e+01 -6.030871794051181206e-02
1.161428571428571388e+01 -9.005956874992165906e-02
1.165714285714285658e+01 -1.201121182881466493e-01
1.169999999999999929e+01 -1.499983836291764738e-01
1.174285714285714377e+01 -1.792436357538072511e-01
1.178571428571428648e+01 -2.073615551712351124e-01
1.182857142857142918e+01 -2.338386409241127450e-01
1.187142857142857189e+01 -2.581071517268778148e-01
1.191428571428571459e+01 -2.795418654182145746e-01
1.195714285714285730e+01 -2.974725999195778625e-01
1.200000000000000000e+01 -3.112011424152662520e-01
1.204285714285714270e+01 -3.199758468835313119e-01
1.208571428571428541e+01 -3.229669357057683432e-01
1.212857142857142811e+01 -3.193132061000280020e-01
1.217142857142857082e+01 -3.081833880740972309e-01
1.221428571428571352e+01 -2.888369662635573709e-01
1.225714285714285801e+01 -2.606761273100737242e-01
1.230000000000000071e+01 -2.232935299178313016e-01
1.234285714285714342e+01 -1.765205549475439561e-01
1.238571428571428612e+01 -1.204959796414284412e-01
1.242857142857142883e+01 -5.572655384469195339e-02
1.247142857142857153e+01 1.687296468435472985e-02
1.251428571428571423e+01 9.594836783219796994e-02
1.255714285714285694e+01 1.796861790375812451e-01
1.259999999999999964e+01 2.658110438473622050e-01
1.264285714285714235e+01 3.516017434035295652e-01
1.268571428571428505e+01 4.339246525514083297e-01
1.272857142857142954e+01 5.092838118452179819e-01
1.277142857142857224e+01 5.738927237560004224e-01
1.281428571428571495e+01 6.237760359081512274e-01
1.285714285714285765e+01 6.549126060942895844e-01
1.290000000000000036e+01 6.634292610139161939e-01
1.294285714285714306e+01 6.458486146576581932e-01
1.298571428571428577e+01 5.993838195461486107e-01
1.302857142857142847e+01 5.222655689688695535e-01
1.307142857142857117e+01 4.140755993569064652e-01
1.311428571428571388e+01 2.760494502159427377e-01
1.315714285714285658e+01 1.113028762194272075e-01
1.319999999999999929e+01 -7.507424623229186356e-02
1.324285714285714377e+01 -2.761082670122031457e-01
1.328571428571428648e+01 -4.832479362392599898e-01
1.332857142857142918e+01 -6.868917208918807749e-01
1.337142857142857189e+01 -8.770940472133477162e-01
1.341428571428571459e+01 -1.044389607158750843e+00
1.345714285714285730e+01 -1.180674718228100994e+00
1.350000000000000000e+01 -1.279937573812303775e+00
1.354285714285714270e+01 -1.338736211377925978e+00
1.358571428571428541e+01 -1.356404378719824777e+00
1.362857142857142811e+01 -1.334967742913628408e+00
1.367142857142857082e+01 -1.278788465180680234e+00
1.371428571428571530e+01 -1.193989885729680900e+00
1.375714285714285801e+01 -1.087740998486200761e+00
1.380000000000000071e+01 -9.674994068163667027e-01
1.384285714285714342e+01 -8.403143841065610076e-01
1.388571428571428612e+01 -7.122792285157637515e-01
1.392857142857142883e+01 -5.881908907948749654e-01
1.397142857142857153e+01 -4.714325076780491175e-01
1.401428571428571423e+01 -3.640522121236332564e-01
1.405714285714285694e+01 -2.669823507294889486e-01
1.409999999999999964e+01 -1.803258642486438856e-01
1.414285714285714235e+01 -1.036446817064627240e-01
1.418571428571428505e+01 -3.620084957769358763e-02
1.422857142857142954e+01 2.287135176983415980e-02
1.427142857142857224e+01 7.445912250826475232e-02
1.431428571428571495e+01 1.194220632173683405e-01
1.435714285714285765e+01 1.587284189937130663e-01
1.440000000000000036e+01 1.936018742791812963e-01
1.444285714285714306e+01 2.253687387531284059e-01
1.448571428571428577e+01 2.551698382841323665e-01
1.452857142857142847e+01 2.840319487969616974e-01
1.457142857142857117e+01 3.139796428333047063e-01
1.461428571428571388e+01 3.476451496599884394e-01
1.465714285714285658e+01 3.867232240734826410e-01
1.469999999999999929e+01 4.307100449474604575e-01
1.474285714285714377e+01 4.765687786167844275e-01
1.478571428571428648e+01 5.195485103477174293e-01
1.482857142857142918e+01 5.550730256961775577e-01
1.487142857142857189e+01 5.809684270003603324e-01
1.491428571428571459e+01 5.991210983631398701e-01
1.495714285714285730e+01 6.165156689664831324e-01
1.500000000000000000e+01 6.450844385568086370e-01
1.504285714285714270e+01 6.998975527649433648e-01
1.508571428571428541e+01 7.959693552020572493e-01
1.512857142857142811e+01 9.443936373238569493e-01
1.517142857142857082e+01 1.148724214988219305e+00
1.521428571428571530e+01 1.402494279868735871e+00
1.525714285714285801e+01 1.688529373096810504e+00
1.530000000000000071e+01 1.980287464381802920e+00
1.534285714285714342e+01 2.245008353503235021e+00
1.538571428571428612e+01 2.448036241271927871e+00
1.542857142857142883e+01 2.557419523982166432e+00
1.547142857142857153e+01 2.547884985702185912e+00
1.551428571428571423e+01 2.403500862585872255e+00
1.555714285714285694e+01 2.118753197325378146e+00
1.559999999999999964e+01 1.698192792725524480e+00
1.564285714285714235e+01 1.155144647731003893e+00
1.568571428571428505e+01 5.101235827309039683e-01
1.572857142857142954e+01 -2.106058727813459597e-01
1.577142857142857224e+01 -9.760757296503941305e-01
1.581428571428571495e+01 -1.751417561751555940e+00
1.585714285714285765e+01 -2.498760056814043562e+00
1.590000000000000036e+01 -3.178677005225826413e+00
1.594285714285714306e+01 -3.753296286333640097e+00
1.598571428571428577e+01 -4.190742427502835099e+00
1.602857142857142847e+01 -4.468108047813188044e+00
1.607142857142857295e+01 -4.573329915412602809e+00
1.611428571428571388e+01 -4.506075371561921727e+00
1.615714285714285836e+01 -4.277509127638696285e+00
1.619999999999999929e+01 -3.908945145725644998e+00
1.624285714285714377e+01 -3.429536861995642560e+00
1.628571428571428470e+01 -2.873301793549530636e+00
1.632857142857142918e+01 -2.275892740664572145e+00
1.637142857142857011e+01 -1.671575746818727781e+00
1.641428571428571459e+01 -1.090825233717734211e+00
1.645714285714285552e+01 -5.588102079691712465e-01
1.650000000000000000e+01 -9.485932018050759196e-02
1.654285714285714448e+01 2.872324727288179114e-01
1.658571428571428541e+01 5.783390555037634106e-01
1.662857142857142989e+01 7.729169329663937438e-01
1.667142857142857082e+01 8.680503484762953637e-01
1.671428571428571530e+01 8.628178434371873706e-01
1.675714285714285623e+01 7.580644458648755357e-01
1.680000000000000071e+01 5.564859277943653426e-01
1.684285714285714164e+01 2.630272504499193698e-01
1.688571428571428612e+01 -1.141578519108190359e-01
1.692857142857142705e+01 -5.634360855646074473e-01
1.697142857142857153e+01 -1.070558564371961285e+00
1.701428571428571601e+01 -1.619485516852365858e+00
1.705714285714285694e+01 -2.190663632167306751e+00
1.710000000000000142e+01 -2.757470707471139093e+00
1.714285714285714235e+01 -3.287400692226752685e+00
1.718571428571428683e+01 -3.749870482829715801e+00
1.722857142857142776e+01 -4.122484271606034589e+00
1.727142857142857224e+01 -4.392063313615436115e+00
1.731428571428571317e+01 -4.549735167612023901e+00
1.735714285714285765e+01 -4.581708084960658844e+00
1.739999999999999858e+01 -4.457999806242650465e+00
1.744285714285714306e+01 -4.123322987213454027e+00
1.748571428571428754e+01 -3.495032228728395474e+00
1.752857142857142847e+01 -2.469940795540036760e+00
1.757142857142857295e+01 -9.405274688053001375e-01
1.761428571428571388e+01 1.181244537987007570e+00
1.765714285714285836e+01 3.937455215273590881e+00
1.769999999999999929e+01 7.301015281674064106e+00
1.774285714285714377e+01 1.116154462384650614e+01
1.778571428571428470e+01 1.532409351284373500e+01
1.782857142857142918e+01 1.952182279737072079e+01
1.787142857142857011e+01 2.344099888397386522e+01
1.791428571428571459e+01 2.675368600360312854e+01
1.795714285714285907e+01 2.915217232937841274e+01
1.800000000000000000e+01 3.037906680740580256e+01
1.804285714285714448e+01 3.024834569632408332e+01
1.808571428571428541e+01 2.865523253120310443e+01
1.812857142857142989e+01 2.557572497795947797e+01
1.817142857142857082e+01 2.105906653152950270e+01
1.821428571428571530e+01 1.521759026806860504e+01
1.825714285714285623e+01 8.217614884099795347e+00
1.830000000000000071e+01 2.733354870110838997e-01
1.834285714285714164e+01 -8.357017520152883350e+00
1.838571428571428612e+01 -1.737536759076918713e+01
1.842857142857142705e+01 -2.645272804165050573e+01
1.847142857142857153e+01 -3.524662811764027026e+01
1.851428571428571601e+01 -4.342527026624934905e+01
1.855714285714285694e+01 -5.068806374822612071e+01
1.860000000000000142e+01 -5.678017586547870366e+01
1.864285714285714235e+01 -6.150212898929687810e+01
1.868571428571428683e+01 -6.471452116325734494e+01
1.872857142857142776e+01 -6.633883931638044373e+01
1.877142857142857224e+01 -6.635571300569617392e+01
1.881428571428571317e+01 -6.480154256024731296e+01
1.885714285714285765e+01 -6.176380420350515266e+01
1.889999999999999858e+01 -5.737482714341015111e+01
1.894285714285714306e+01 -5.180398686786789852e+01
1.898571428571428754e+01 -4.524959213083696596e+01
1.902857142857142847e+01 -3.793204367937710941e+01
1.907142857142857295e+01 -3.008996484029440310e+01
1.911428571428571388e+01 -2.198132873954677535e+01
1.915714285714285836e+01 -1.388866495529899225e+01
1.919999999999999929e+01 -6.125696396577568592e+00
1.924285714285714377e+01 9.595295462243305096e-01
1.928571428571428470e+01 6.984086398862054068e+00
1.932857142857142918e+01 1.150849349468805727e+01
1.937142857142857011e+01 1.407421485574140618e+01
1.941428571428571459e+01 1.435089850888538265e+01
1.945714285714285907e+01 1.230879285495825748e+01
1.950000000000000000e+01 8.353980588306917809e+00
1.954285714285714448e+01 3.378026813278351970e+00
1.958571428571428541e+01 -1.316509317356358011e+00
1.962857142857142989e+01 -4.214945332663724287e+00
1.967142857142857082e+01 -3.885728676757924660e+00
1.971428571428571530e+01 6.926226055576967244e-01
1.975714285714285623e+01 9.852533047065284322e+00
1.980000000000000071e+01 2.308275521872166536e+01
1.984285714285714164e+01 3.904972337458704601e+01
1.988571428571428612e+01 5.580252481970868672e+01
1.992857142857142705e+01 7.112213523377097601e+01
1.997142857142857153e+01 8.293724496933194246e+01
2.001428571428571601e+01 8.971071555533481501e+01
2.005714285714285694e+01 9.070747851111917726e+01
2.010000000000000142e+01 8.608549254842176879e+01
2.014285714285714235e+01 7.679690742047034746e+01
2.018571428571428683e+01 6.433460727869342577e+01
2.022857142857142776e+01 5.039536878816093690e+01
2.027142857142857224e+01 3.654695381209893412e+01
2.031428571428571317e+01 2.397666615254925659e+01
2.035714285714285765e+01 1.336701549398190636e+01
2.039999999999999858e+01 4.908190667850579558e+00
2.044285714285714306e+01 -1.584344059375694336e+00
2.048571428571428754e+01 -6.500057628427964751e+00
2.052857142857142847e+01 -1.026740024680046659e+01
2.057142857142857295e+01 -1.323764297253793742e+01
2.061428571428571388e+01 -1.563714344014800339e+01
2.065714285714285836e+01 -1.758338843440517252e+01
2.069999999999999929e+01 -1.913877179918749150e+01
2.074285714285714377e+01 -2.035941913972020956e+01
2.078571428571428470e+01 -2.129218439069893165e+01
2.082857142857142918e+01 -2.196099413525426769e+01
2.087142857142857011e+01 -2.237083506006283073e+01
2.091428571428571459e+01 -2.251522402916939569e+01
2.095714285714285907e+01 -2.238313574598274869e+01
2.100000000000000000e+01 -2.196474108093438460e+01
2.104285714285714448e+01 -2.125580354021390406e+01
2.108571428571428541e+01 -2.026083686456725985e+01
2.112857142857142989e+01 -1.899508445614690899e+01
2.117142857142857082e+01 -1.748536911443857633e+01
2.121428571428571530e+01 -1.576992521953521020e+01
2.125714285714285623e+01 -1.389694336285841203e+01
2.130000000000000071e+01 -1.192203572548892687e+01
2.134285714285714164e+01 -9.904709216142792982e+00
2.138571428571428612e+01 -7.904161027980686427e+00
2.142857142857142705e+01 -5.974878585175868118e+00
2.147142857142857153e+01 -4.162814162538537310e+00
2.151428571428571601e+01 -2.502767880866948236e+00
2.155714285714285694e+01 -1.017453939459613377e+00
2.160000000000000142e+01 2.815363881242807786e-01
2.164285714285714235e+01 1.391087017417232952e+00
2.168571428571428683e+01 2.312827853893673513e+00
2.172857142857142776e+01 3.049183342302989264e+00
2.177142857142857224e+01 3.600057304459068241e+00
2.181428571428571317e+01 3.961765231472448079e+00
2.185714285714285765e+01 4.129419812894122188e+00
2.189999999999999858e+01 4.097253567147881803e+00
2.194285714285714306e+01 3.859218294675520244e+00
2.198571428571428754e+01 3.417153801899281085e+00
2.202857142857142847e+01 2.790616753673405448e+00
2.207142857142857295e+01 2.024503180905049327e+00
2.211428571428571388e+01 1.191588292553471762e+00
2.215714285714285836e+01 3.880938495007306699e-01
2.219999999999999929e+01 -2.778595201184358987e-01
2.224285714285714377e+01 -7.034124583951906207e-01
2.228571428571428470e+01 -8.103524910318947727e-01
2.232857142857142918e+01 -5.624877252273902117e-01
2.237142857142857011e+01 2.327004122909267017e-02
2.241428571428571459e+01 8.752870551672338184e-01
2.245714285714285907e+01 1.876188754283975912e+00
2.250000000000000000e+01 2.881139225156543304e+00
2.254285714285714448e+01 3.741841956404583946e+00
2.258571428571428541e+01 4.331210150256871394e+00
2.262857142857142989e+01 4.563666024054912285e+00
2.267142857142857082e+01 4.407038760404747180e+00
2.271428571428571530e+01 3.883967233459369339e+00
2.275714285714285623e+01 3.063187108662638103e+00
2.280000000000000071e+01 2.043469530022643088e+00
2.284285714285714164e+01 9.343892594256487660e-01
2.288571428571428612e+01 -1.620562225348183560e-01
2.292857142857142705e+01 -1.164842071863989581e+00
2.297142857142857153e+01 -2.020089247651663644e+00
2.301428571428571601e+01 -2.700602339743269020e+00
2.305714285714285694e+01 -3.200394420460268119e+00
2.310000000000000142e+01 -3.526908857018702381e+00
2.314285714285714235e+01 -3.694077874315392584e+00
2.318571428571428683e+01 -3.718565966679300061e+00
2.322857142857142776e+01 -3.617587448506937697e+00
2.327142857142857224e+01 -3.408130554053593553e+00
2.331428571428571317e+01 -3.107524304913076296e+00
2.335714285714285765e+01 -2.733016565579615254e+00
2.339999999999999858e+01 -2.300223870549817029e+00
2.344285714285714306e+01 -1.822942738538827046e+00
2.348571428571428754e+01 -1.313328754308597857e+00
2.352857142857142847e+01 -7.822086402902793667e-01
2.357142857142857295e+01 -2.394499066070493176e-01
2.361428571428571388e+01 3.056423835391292032e-01
2.365714285714285836e+01 8.438978014954896523e-01
2.369999999999999929e+01 1.365808256274333665e+00
2.374285714285714377e+01 1.861016856889181836e+00
2.378571428571428470e+01 2.317815015104407461e+00
2.382857142857142918e+01 2.722741381264782046e+00
2.387142857142857011e+01 3.060589278238060373e+00
2.391428571428571459e+01 3.315670382335512478e+00
2.395714285714285907e+01 3.471982817479131178e+00
2.400000000000000000e+01 3.512893493482152962e+00
2.404285714285714448e+01 3.422008317647283970e+00
2.408571428571428541e+01 3.185643493623935729e+00
2.412857142857142989e+01 2.796852931890547289e+00
2.417142857142857082e+01 2.260230436315514346e+00
2.421428571428571530e+01 1.596403727156880947e+00
2.425714285714285623e+01 8.446062692073494915e-01
2.430000000000000071e+01 6.204483896851894359e-02
2.434285714285714164e+01 -6.807276212386426106e-01
2.438571428571428612e+01 -1.308443550302247349e+00
2.442857142857142705e+01 -1.752550424054251099e+00
2.447142857142857153e+01 -1.963312493194913300e+00
2.451428571428571601e+01 -1.919915744133959823e+00
2.455714285714285694e+01 -1.636155511751341107e+00
2.460000000000000142e+01 -1.160111901949831603e+00
2.464285714285714235e+01 -5.675055615004926945e-01
2.468571428571428683e+01 5.007631718375710195e-02
2.472857142857142776e+01 5.997119363277592097e-01
2.477142857142857224e+01 1.001556066518969335e+00
2.481428571428571317e+01 1.200308035857028610e+00
2.485714285714285765e+01 1.171630303705854859e+00
2.489999999999999858e+01 9.226253288573618150e-01
2.494285714285714306e+01 4.868523231415727848e-01
2.498571428571428754e+01 -8.453483475635684141e-02
2.502857142857142847e+01 -7.332558294175499647e-01
2.507142857142857295e+01 -1.403621090430760665e+00
2.511428571428571388e+01 -2.049684497591123922e+00
2.515714285714285836e+01 -2.638663610018493699e+00
2.519999999999999929e+01 -3.150687734712820820e+00
2.524285714285714377e+01 -3.575654362347645332e+00
2.528571428571428470e+01 -3.908590861031333130e+00
2.532857142857142918e+01 -4.146154064459653732e+00
2.537142857142857011e+01 -4.287386681487975082e+00
2.541428571428571459e+01 -4.333698841022923354e+00
2.545714285714285907e+01 -4.287433384614259602e+00
2.550000000000000000e+01 -4.150479787731016224e+00
2.554285714285714448e+01 -3.924302246402413097e+00
2.558571428571428541e+01 -3.611516817747418173e+00
2.562857142857142989e+01 -3.216750851220305574e+00
2.567142857142857082e+01 -2.747175333789006579e+00
2.571428571428571530e+01 -2.212757709608756951e+00
2.575714285714285623e+01 -1.626167611945812608e+00
2.580000000000000071e+01 -1.002377973756070295e+00
2.584285714285714164e+01 -3.579806669739356018e-01
2.588571428571428612e+01 2.896729954090028203e-01
2.592857142857142705e+01 9.234387064962368274e-01
2.597142857142857153e+01 1.527338270266446196e+00
2.601428571428571601e+01 2.087406761897913743e+00
2.605714285714285694e+01 2.592336843379832167e+00
2.610000000000000142e+01 3.033831066821031541e+00
2.614285714285714235e+01 3.406598674039326369e+00
2.618571428571428683e+01 3.707985696104221685e+00
2.622857142857142776e+01 3.937285493130072034e+00
2.627142857142857224e+01 4.094862804829278780e+00
2.631428571428571317e+01 4.181626587800597150e+00
2.635714285714285765e+01 4.198887367834672979e+00
2.639999999999999858e+01 4.147811127644340345e+00
2.644285714285714306e+01 4.026621715213431152e+00
2.648571428571428754e+01 3.829772404637879823e+00
2.652857142857142847e+01 3.552803383633157175e+00
2.657142857142857295e+01 3.198469875689500697e+00
2.661428571428571388e+01 2.781960782852671787e+00
2.665714285714285836e+01 2.332633751297461089e+00
2.669999999999999929e+01 1.891351754937264262e+00
2.674285714285714377e+01 1.504141238460168895e+00
2.678571428571428470e+01 1.213415707488444184e+00
2.682857142857142918e+01 1.049128205539540559e+00
2.687142857142857011e+01 1.022036354417234394e+00
2.691428571428571459e+01 1.120993980744090956e+00
2.695714285714285907e+01 1.314934483241180008e+00
2.700000000000000000e+01 1.559018474291446132e+00
2.704285714285714448e+01 1.803484032122055991e+00
2.708571428571428541e+01 2.003028859979962384e+00
2.712857142857142989e+01 2.124431871020314055e+00
2.717142857142857082e+01 2.150752057605921141e+00
2.721428571428571530e+01 2.081431743002524648e+00
2.725714285714285623e+01 1.928766303681969108e+00
2.730000000000000071e+01 1.712098397299541386e+00
2.734285714285714164e+01 1.451623884917693008e+00
2.738571428571428612e+01 1.163583856563485508e+00
2.742857142857143060e+01 8.579970512908143832e-01
2.747142857142857153e+01 5.394886607928790490e-01
2.751428571428571601e+01 2.104431332792688347e-01
2.755714285714285694e+01 -1.251561100001158389e-01
2.760000000000000142e+01 -4.587482857716460027e-01
2.764285714285714235e+01 -7.760954469618719376e-01
2.768571428571428683e+01 -1.058842066280142102e+00
2.772857142857142776e+01 -1.288117686570327658e+00
2.777142857142857224e+01 -1.449098806127810279e+00
2.781428571428571317e+01 -1.534940268248247586e+00
2.785714285714285765e+01 -1.548267611309672942e+00
2.789999999999999858e+01 -1.497893058153689783e+00
2.794285714285714306e+01 -1.394744173272028487e+00
2.798571428571428754e+01 -1.248891975197249149e+00
2.802857142857142847e+01 -1.068159594816299851e+00
2.807142857142857295e+01 -8.590770845210287110e-01
2.811428571428571388e+01 -6.270188715523096201e-01
2.815714285714285836e+01 -3.761179633714258896e-01
2.819999999999999929e+01 -1.094313715018764982e-01
2.824285714285714377e+01 1.706999547763790592e-01
2.828571428571428470e+01 4.621798384693008299e-01
2.832857142857142918e+01 7.626689501719347009e-01
2.837142857142857011e+01 1.069172316052778848e+00
2.841428571428571459e+01 1.377779838558486514e+00
2.845714285714285907e+01 1.683607391758587868e+00
2.850000000000000000e+01 1.980953640542365335e+00
2.854285714285714448e+01 2.263650185715096796e+00
2.858571428571428541e+01 2.525550115995069955e+00
2.862857142857142989e+01 2.761064193546815204e+00
2.867142857142857082e+01 2.965657377828411878e+00
2.871428571428571530e+01 3.136239282806277284e+00
2.875714285714285623e+01 3.271348944819426841e+00
2.880000000000000071e+01 3.371146824493283845e+00
2.884285714285714164e+01 3.437175926794437064e+00
2.888571428571428612e+01 3.471966171189014183e+00
2.892857142857143060e+01 3.478507927047215897e+00
2.897142857142857153e+01 3.459699495328537378e+00
2.901428571428571601e+01 3.417899236614501124e+00
2.905714285714285694e+01 3.355295098196203973e+00
2.910000000000000142e+01 3.274583219872698514e+00
2.914285714285714235e+01 3.178883472877012117e+00
2.918571428571428683e+01 3.071511399744554005e+00
2.922857142857142776e+01 2.955733432250743586e+00
2.927142857142857224e+01 2.834556323513136800e+00
2.931428571428571317e+01 2.710556916665735727e+00
2.935714285714285765e+01 2.585776040601859727e+00
2.939999999999999858e+01 2.461676266119695811e+00
2.944285714285714306e+01 2.339194049468694026e+00
2.948571428571428754e+01 2.218982501418965914e+00
2.952857142857142847e+01 2.101560407130548924e+00
2.957142857142857295e+01 1.987351218209328696e+00
2.961428571428571388e+01 1.876705129384190540e+00
2.965714285714285836e+01 1.769907912210823442e+00
2.969999999999999929e+01 1.667180463517084821e+00
2.974285714285714377e+01 1.568674904034740525e+00
2.978571428571428470e+01 1.474472810620004015e+00
2.982857142857142918e+01 1.384589220917276098e+00
2.987142857142857011e+01 1.298983272457770566e+00
2.991428571428571459e+01 1.217573709367797852e+00
2.995714285714285907e+01 1.140255824878669388e+00
3.000000000000000000e+01 1.066916109627801701e+00
3.004285714285714448e+01 9.974418414651017306e-01
3.008571428571428541e+01 9.317245929692002937e-01
3.012857142857142989e+01 8.696584743984420163e-01
3.017142857142857082e+01 8.111352841793044721e-01
3.021428571428571530e+01 7.560392488622555973e-01
3.025714285714285623e+01 7.042436500008916189e-01
3.030000000000000071e+01 6.556105872549633506e-01
3.034285714285714164e+01 6.099938337608070693e-01
3.038571428571428612e+01 5.672436604320958420e-01
3.042857142857143060e+01 5.272119759296302055e-01
3.047142857142857153e+01 4.897562480056937839e-01
3.051428571428571601e+01 4.547412970379084429e-01
3.055714285714285694e+01 4.220388913683366106e-01
3.060000000000000142e+01 3.915258149884293659e-01
3.064285714285714235e+01 3.630814922441233383e-01
3.068571428571428683e+01 3.365862481069305523e-01
3.072857142857142776e+01 3.119209042213064720e-01
3.077142857142857224e+01 2.889678283957916038e-01
3.081428571428571317e+01 2.676129962228752657e-01
3.085714285714285765e+01 2.477482893259657648e-01
3.089999999999999858e+01 2.292732412941856368e-01
3.094285714285714306e+01 2.120957113310570907e-01
3.098571428571428754e+01 1.961313814801081690e-01
3.102857142857142847e+01 1.813023729714770549e-01
3.107142857142857295e+01 1.675355308967075019e-01
3.111428571428571388e+01 1.547609678679553180e-01
3.115714285714285836e+01 1.429112923320447204e-01
3.119999999999999929e+01 1.319216490433359479e-01
3.124285714285714377e+01 1.217303862389999825e-01
3.128571428571428470e+01 1.122799550944389158e-01
3.132857142857142918e+01 1.035176098117649018e-01
3.137142857142857011e+01 9.539560209595171481e-02
3.141428571428571459e+01 8.787078167815737251e-02
3.145714285714285907e+01 8.090373471617401391e-02
3.150000000000000000e+01 7.445774107697820943e-02
3.154285714285714448e+01 6.849786929618083275e-02
3.158571428571428541e+01 6.299045098575002666e-02
3.162857142857142989e+01 5.790301841793773358e-02
3.167142857142857082e+01 5.320461367765820515e-02
3.171428571428571530e+01 4.886625519206334867e-02
3.175714285714285623e+01 4.486132103607892024e-02
3.180000000000000071e+01 4.116567524065723599e-02
3.184285714285714164e+01 3.775748280095248682e-02
3.188571428571428612e+01 3.461677969572491548e-02
3.192857142857143060e+01 3.172494627356955976e-02
3.197142857142857153e+01 2.906425483986396080e-02
3.201428571428571246e+01 2.661762225471569002e-02
3.205714285714285694e+01 2.436861199959355212e-02
3.210000000000000142e+01 2.230163206913676407e-02
3.214285714285714590e+01 2.040220611449244589e-02
3.218571428571428328e+01 1.865718180579967883e-02
3.222857142857142776e+01 1.705478068259452112e-02
3.227142857142857224e+01 1.558446362016606412e-02
3.231428571428571672e+01 1.423665596185604877e-02
3.235714285714285410e+01 1.300242414629649082e-02
3.239999999999999858e+01 1.187320827631080031e-02
3.244285714285714306e+01 1.084068872907812883e-02
3.248571428571428754e+01 9.896809057168916637e-03
3.252857142857143202e+01 9.033916197834905917e-03
3.257142857142856940e+01 8.244940190387043885e-03
3.261428571428571388e+01 7.523533067883947378e-03
3.265714285714285836e+01 6.864112977668421385e-03
3.270000000000000284e+01 6.261797197597030254e-03
3.274285714285714022e+01 5.712243929112176613e-03
3.278571428571428470e+01 5.211452456191451900e-03
3.282857142857142918e+01 4.755587587000986369e-03
3.287142857142857366e+01 4.340886076412185136e-03
3.291428571428571104e+01 3.963666793082389062e-03
3.295714285714285552e+01 3.620419573872140501e-03
3.300000000000000000e+01 3.307918100894106841e-03
3.304285714285714448e+01 3.023304874760710144e-03
3.308571428571428896e+01 2.764120527305300671e-03
3.312857142857142634e+01 2.528273062293237561e-03
3.317142857142857082e+01 2.313955709347034154e-03
3.321428571428571530e+01 2.119532892130122741e-03
3.325714285714285978e+01 1.943428297975474239e-03
3.329999999999999716e+01 1.784056308392260523e-03
3.334285714285714164e+01 1.639822124156932112e-03
3.338571428571428612e+01 1.509180300416580658e-03
3.342857142857143060e+01 1.390712123144702663e-03
3.347142857142857508e+01 1.283181997351773209e-03
3.351428571428571246e+01 1.185556203683516604e-03
3.355714285714285694e+01 1.096988307872321300e-03
3.360000000000000142e+01 1.016779139634305410e-03
3.364285714285714590e+01 9.443162795313009414e-04
3.368571428571428328e+01 8.790052436697451659e-04
3.372857142857142776e+01 8.202184452365982948e-04
3.377142857142857224e+01 7.672873372321072170e-04
3.381428571428571672e+01 7.195388811187967753e-04
3.385714285714285410e+01 6.763492394934497286e-04
3.389999999999999858e+01 6.371827895839186733e-04
3.394285714285714306e+01 6.016051056793023967e-04
3.398571428571428754e+01 5.692787423195596556e-04
3.402857142857143202e+01 5.399496350276796006e-04
3.407142857142856940e+01 5.134195181169247824e-04
3.411428571428571388e+01 4.895010669303076923e-04
3.415714285714285836e+01 4.679719984586715588e-04
3.420000000000000284e+01 4.485572500777189851e-04
3.424285714285714022e+01 4.309525448101170675e-04
3.428571428571428470e+01 4.148701906345188218e-04
3.432857142857142918e+01 4.000732873301689652e-04
3.437142857142857366e+01 3.863825763904541930e-04
3.441428571428571814e+01 3.736677562829470193e-04
3.445714285714285552e+01 3.618401840334426649e-04
3.450000000000000000e+01 3.508456933811906456e-04
3.454285714285714448e+01 3.406442500232671452e-04
3.458571428571428896e+01 3.311767764430467676e-04
3.462857142857142634e+01 3.223414890444414134e-04
3.467142857142857082e+01 3.140011372745339212e-04
3.471428571428571530e+01 3.060154154792098236e-04
3.475714285714285978e+01 2.982705380750758713e-04
3.479999999999999716e+01 2.906865562733235890e-04
3.484285714285714164e+01 2.832100757010324590e-04
3.488571428571428612e+01 2.758110808116643730e-04
3.492857142857143060e+01 2.684859914540635981e-04
3.497142857142857508e+01 2.612506520917059713e-04
3.501428571428571246e+01 2.541146620180293175e-04
3.505714285714285694e+01 2.470540355407851280e-04
3.510000000000000142e+01 2.400080921766516162e-04
3.514285714285714590e+01 2.329039402344052693e-04
3.518571428571428328e+01 2.256840467247931727e-04
3.522857142857142776e+01 2.183134305823884107e-04
3.527142857142857224e+01 2.107706871608263852e-04
3.531428571428571672e+01 2.030450140501248652e-04
3.535714285714285410e+01 1.951467834539593867e-04
3.539999999999999858e+01 1.871128813769365701e-04
3.544285714285714306e+01 1.789875620357292895e-04
3.548571428571428754e+01 1.707887835426815618e-04
3.552857142857143202e+01 1.624922739097727680e-04
3.557142857142856940e+01 1.540503629822500013e-04
3.561428571428571388e+01 1.454260869569046081e-04
3.565714285714285836e+01 1.366090041991826337e-04
3.570000000000000284e+01 1.276039423182976696e-04
3.574285714285714022e+01 1.184158131664231236e-04
3.578571428571428470e+01 1.090533276287233600e-04
3.582857142857142918e+01 9.954451755566060846e-05
3.587142857142857366e+01 8.993748657162823376e-05
3.591428571428571814e+01 8.027632689809697250e-05
3.595714285714285552e+01 7.057359772381804918e-05
