# coord_A   integrated_rho_e_per_A2
0.000000000000000000e+00 2.606029990939228526e-06
4.285714285714285754e-02 4.789376131448715032e-06
8.571428571428571508e-02 6.545127176349935282e-06
1.285714285714285587e-01 7.868520134905106911e-06
1.714285714285714302e-01 8.755534311048374812e-06
2.142857142857143016e-01 9.203238084695921330e-06
2.571428571428571175e-01 9.210190267718257559e-06
2.999999999999999889e-01 8.776739513000270039e-06
3.428571428571428603e-01 7.904760340547089078e-06
3.857142857142857317e-01 6.596776796985606894e-06
4.285714285714286031e-01 4.855052403955900116e-06
4.714285714285714191e-01 2.681233783021717600e-06
5.142857142857142350e-01 7.653856252398517637e-08
5.571428571428571619e-01 -2.957910509820172250e-06
5.999999999999999778e-01 -6.420748268954027994e-06
6.428571428571429047e-01 -1.030981450900920552e-05
6.857142857142857206e-01 -1.462139615885990545e-05
7.285714285714285365e-01 -1.934981406138928944e-05
7.714285714285714635e-01 -2.448787558342573807e-05
8.142857142857142794e-01 -3.002793184203015288e-05
8.571428571428572063e-01 -3.596268189852873046e-05
9.000000000000000222e-01 -4.228528348811203967e-05
9.428571428571428381e-01 -4.898922647304371615e-05
9.857142857142857650e-01 -5.606851698862171167e-05
1.028571428571428470e+00 -6.351780233893088504e-05
1.071428571428571397e+00 -7.133151519244119716e-05
1.114285714285714324e+00 -7.950208438882860613e-05
1.157142857142857251e+00 -8.801882995596702649e-05
1.199999999999999956e+00 -9.686915884822352584e-05
1.242857142857142883e+00 -1.060415195028259808e-04
1.285714285714285809e+00 -1.155274803845017566e-04
1.328571428571428514e+00 -1.253209103428091641e-04
1.371428571428571441e+00 -1.354152294277611896e-04
1.414285714285714368e+00 -1.458017563088532002e-04
1.457142857142857073e+00 -1.564708136042923341e-04
1.500000000000000000e+00 -1.674139650073267784e-04
1.542857142857142927e+00 -1.786244592480340542e-04
1.585714285714285632e+00 -1.900952744653630502e-04
1.628571428571428559e+00 -2.018173177714487174e-04
1.671428571428571486e+00 -2.137804188121608445e-04
1.714285714285714413e+00 -2.259765164174485101e-04
1.757142857142857117e+00 -2.384017329702236697e-04
1.800000000000000044e+00 -2.510551816668352490e-04
1.842857142857142971e+00 -2.639360411146343633e-04
1.885714285714285676e+00 -2.770422500366633792e-04
1.928571428571428603e+00 -2.903719924751821044e-04
1.971428571428571530e+00 -3.039257188998794874e-04
2.014285714285714235e+00 -3.177060240874195153e-04
2.057142857142856940e+00 -3.317157620649800807e-04
2.100000000000000089e+00 -3.459574389448662212e-04
2.142857142857142794e+00 -3.604357302795194607e-04
2.185714285714285943e+00 -3.751611913738383207e-04
2.228571428571428648e+00 -3.901513830457470702e-04
2.271428571428571352e+00 -4.054280444023463238e-04
2.314285714285714501e+00 -4.210129605857204096e-04
2.357142857142857206e+00 -4.369263511971343324e-04
2.399999999999999911e+00 -4.531888773101327831e-04
2.442857142857143060e+00 -4.698250301669188171e-04
2.485714285714285765e+00 -4.868652752158600383e-04
2.528571428571428470e+00 -5.043466520754637467e-04
2.571428571428571619e+00 -5.223133304947170409e-04
2.614285714285714324e+00 -5.408178421302413776e-04
2.657142857142857029e+00 -5.599218042075701203e-04
2.700000000000000178e+00 -5.796947087691980190e-04
2.742857142857142883e+00 -6.002112841277388233e-04
2.785714285714285587e+00 -6.215497662194066023e-04
2.828571428571428736e+00 -6.437930097215816471e-04
2.871428571428571441e+00 -6.670322379237417091e-04
2.914285714285714146e+00 -6.913716619429660214e-04
2.957142857142857295e+00 -7.169324197045798871e-04
3.000000000000000000e+00 -7.438553249789304567e-04
3.042857142857142705e+00 -7.723022967560430174e-04
3.085714285714285854e+00 -8.024560561678549834e-04
3.128571428571428559e+00 -8.345179296279871175e-04
3.171428571428571264e+00 -8.687048578276620765e-04
3.214285714285714413e+00 -9.052478832651225833e-04
3.257142857142857117e+00 -9.443941177855690429e-04
3.299999999999999822e+00 -9.864125343046761200e-04
3.342857142857142971e+00 -1.031602232915950369e-03
3.385714285714285676e+00 -1.080301145086082562e-03
3.428571428571428825e+00 -1.132893282783242620e-03
3.471428571428571530e+00 -1.189812987690763973e-03
3.514285714285714235e+00 -1.251545247159741633e-03
3.557142857142857384e+00 -1.318622554370289020e-03
3.600000000000000089e+00 -1.391620807023438841e-03
3.642857142857142794e+00 -1.471158058172181453e-03
3.685714285714285943e+00 -1.557899318107317573e-03
3.728571428571428648e+00 -1.652568244947399262e-03
3.771428571428571352e+00 -1.755963903070550123e-03
3.814285714285714501e+00 -1.868979116309758695e-03
3.857142857142857206e+00 -1.992616552372911305e-03
3.899999999999999911e+00 -2.127999267653324627e-03
3.942857142857143060e+00 -2.276374057011424507e-03
3.985714285714285765e+00 -2.439108740076440830e-03
4.028571428571428470e+00 -2.617687749758830160e-03
4.071428571428571175e+00 -2.813712313942858586e-03
4.114285714285713880e+00 -3.028910643602623128e-03
4.157142857142857473e+00 -3.265160041885759642e-03
4.200000000000000178e+00 -3.524518478860799026e-03
4.242857142857142883e+00 -3.809259813961937517e-03
4.285714285714285587e+00 -4.121905429512976761e-03
4.328571428571428292e+00 -4.465245822407665037e-03
4.371428571428571885e+00 -4.842348888201075847e-03
4.414285714285714590e+00 -5.256557010793430629e-03
4.457142857142857295e+00 -5.711481016281590682e-03
4.500000000000000000e+00 -6.211002595360148523e-03
4.542857142857142705e+00 -6.759295474894276047e-03
4.585714285714285410e+00 -7.360869481702113012e-03
4.628571428571429003e+00 -8.020633390984291053e-03
4.671428571428571708e+00 -8.743965557595378968e-03
4.714285714285714413e+00 -9.536778148757042370e-03
4.757142857142857117e+00 -1.040556225467828382e-02
4.799999999999999822e+00 -1.135740730543174405e-02
4.842857142857142527e+00 -1.239999810440080286e-02
4.885714285714286120e+00 -1.354160347809042417e-02
4.928571428571428825e+00 -1.479107728168740747e-02
4.971428571428571530e+00 -1.615789099694501033e-02
5.014285714285714235e+00 -1.765220667939494670e-02
5.057142857142856940e+00 -1.928498338386678418e-02
5.099999999999999645e+00 -2.106809577803243558e-02
5.142857142857143238e+00 -2.301443607081886389e-02
5.185714285714285943e+00 -2.513797256349198372e-02
5.228571428571428648e+00 -2.745375002345750229e-02
5.271428571428571352e+00 -2.997783574371119808e-02
5.314285714285714057e+00 -3.272723456076706561e-02
5.357142857142856762e+00 -3.571980800030992442e-02
5.400000000000000355e+00 -3.897422980369445733e-02
5.442857142857143060e+00 -4.250999039510590383e-02
5.485714285714285765e+00 -4.634743205838572772e-02
5.528571428571428470e+00 -5.050776615405511843e-02
5.571428571428571175e+00 -5.501300600484194253e-02
5.614285714285714768e+00 -5.988575257079172681e-02
5.657142857142857473e+00 -6.514879647688154307e-02
5.700000000000000178e+00 -7.082454320998725350e-02
5.742857142857142883e+00 -7.693431484771151574e-02
5.785714285714285587e+00 -8.349761312524869861e-02
5.828571428571428292e+00 -9.053142821022232278e-02
5.871428571428571885e+00 -9.804963801973928805e-02
5.914285714285714590e+00 -1.060624722774991119e-01
5.957142857142857295e+00 -1.145759359339422329e-01
6.000000000000000000e+00 -1.235910267204712171e-01
6.042857142857142705e+00 -1.331025677073604807e-01
6.085714285714285410e+00 -1.430977242860095033e-01
6.128571428571429003e+00 -1.535549367752844507e-01
6.171428571428571708e+00 -1.644423967564095090e-01
6.214285714285714413e+00 -1.757153378334043170e-01
6.257142857142857117e+00 -1.873125992496522119e-01
6.299999999999999822e+00 -1.991534826438556560e-01
6.342857142857142527e+00 -2.111361219884991813e-01
6.385714285714286120e+00 -2.231384211708960785e-01
6.428571428571428825e+00 -2.350220718439416934e-01
6.471428571428571530e+00 -2.466394895611631055e-01
6.514285714285714235e+00 -2.578428335665507443e-01
6.557142857142856940e+00 -2.684938389338045184e-01
6.599999999999999645e+00 -2.784730429476197644e-01
6.642857142857143238e+00 -2.876871263129593959e-01
6.685714285714285943e+00 -2.960734446775435957e-01
6.728571428571428648e+00 -3.036013031182828170e-01
6.771428571428571352e+00 -3.102700428539736932e-01
6.814285714285714057e+00 -3.161045012821616096e-01
6.857142857142857650e+00 -3.211488369149936295e-01
6.900000000000000355e+00 -3.254600492033902226e-01
6.942857142857143060e+00 -3.291026430720281892e-01
6.985714285714285765e+00 -3.321457517792861247e-01
7.028571428571428470e+00 -3.346623304463449688e-01
7.071428571428571175e+00 -3.367299291902529634e-01
7.114285714285714768e+00 -3.384359468097262735e-01
7.157142857142857473e+00 -3.398858658750215089e-01
7.200000000000000178e+00 -3.412113300725647114e-01
7.242857142857142883e+00 -3.425749096681311445e-01
7.285714285714285587e+00 -3.441677202062715102e-01
7.328571428571428292e+00 -3.461972335647386934e-01
7.371428571428571885e+00 -3.488650298429535335e-01
7.414285714285714590e+00 -3.523373986350817333e-01
7.457142857142857295e+00 -3.567139999028782205e-01
7.500000000000000000e+00 -3.620010217379941997e-01
7.542857142857142705e+00 -3.680950111203566966e-01
7.585714285714285410e+00 -3.747817699237577238e-01
7.628571428571429003e+00 -3.817518024854571479e-01
7.671428571428571708e+00 -3.886304337075209281e-01
7.714285714285714413e+00 -3.950176907355337219e-01
7.757142857142857117e+00 -4.005310508892951371e-01
7.799999999999999822e+00 -4.048437187231916368e-01
7.842857142857142527e+00 -4.077122963769870267e-01
7.885714285714286120e+00 -4.089903130650662244e-01
7.928571428571428825e+00 -4.086273879413674925e-01
7.971428571428571530e+00 -4.066569637519183433e-01
8.014285714285714235e+00 -4.031776976660610412e-01
8.057142857142856940e+00 -3.983341481094769265e-01
8.099999999999999645e+00 -3.923013006973301020e-01
8.142857142857142350e+00 -3.852751951531966368e-01
8.185714285714285054e+00 -3.774692726176029356e-01
8.228571428571427759e+00 -3.691139313770713803e-01
8.271428571428572241e+00 -3.604558511930840425e-01
8.314285714285714946e+00 -3.517540454671883587e-01
8.357142857142857650e+00 -3.432710894177245509e-01
8.400000000000000355e+00 -3.352603094164702813e-01
8.442857142857143060e+00 -3.279544491633983316e-01
8.485714285714285765e+00 -3.215578056912608562e-01
8.528571428571428470e+00 -3.162395189721141642e-01
8.571428571428571175e+00 -3.121281500649443208e-01
8.614285714285713880e+00 -3.093078935920358652e-01
8.657142857142856585e+00 -3.078166895971625183e-01
8.699999999999999289e+00 -3.076464036472862373e-01
8.742857142857143771e+00 -3.087451189551997932e-01
8.785714285714286476e+00 -3.110214254105600484e-01
8.828571428571429180e+00 -3.143504212323170455e-01
8.871428571428571885e+00 -3.185809702495350781e-01
8.914285714285714590e+00 -3.235436513876592812e-01
8.957142857142857295e+00 -3.290587771964363917e-01
9.000000000000000000e+00 -3.349439138855464515e-01
9.042857142857142705e+00 -3.410204398253615654e-01
9.085714285714285410e+00 -3.471188165692197236e-01
9.128571428571428115e+00 -3.530823903829295451e-01
9.171428571428570820e+00 -3.587696358055530443e-01
9.214285714285713524e+00 -3.640548401782419119e-01
9.257142857142858006e+00 -3.688273259214543964e-01
9.300000000000000711e+00 -3.729899237122053512e-01
9.342857142857143415e+00 -3.764587295621516505e-01
9.385714285714286120e+00 -3.791634687387883118e-01
9.428571428571428825e+00 -3.810478898418420135e-01
9.471428571428571530e+00 -3.820706946625871958e-01
9.514285714285714235e+00 -3.822078584976348337e-01
9.557142857142856940e+00 -3.814567448928088966e-01
9.599999999999999645e+00 -3.798412295622303758e-01
9.642857142857142350e+00 -3.774171295762056566e-01
9.685714285714285054e+00 -3.742770693771234614e-01
9.728571428571429536e+00 -3.705537826759764397e-01
9.771428571428572241e+00 -3.664207845679791076e-01
9.814285714285714946e+00 -3.620895574532180250e-01
9.857142857142857650e+00 -3.578029009763081802e-01
9.900000000000000355e+00 -3.538243716846440345e-01
9.942857142857143060e+00 -3.504236937605310076e-01
9.985714285714285765e+00 -3.478588543296116664e-01
1.002857142857142847e+01 -3.463562363741431449e-01
1.007142857142857117e+01 -3.460906340552408200e-01
1.011428571428571388e+01 -3.471673449916916065e-01
1.015714285714285658e+01 -3.496086398752644153e-01
1.019999999999999929e+01 -3.533466658605244337e-01
1.024285714285714377e+01 -3.582241955168185554e-01
1.028571428571428648e+01 -3.640036317192349435e-01
1.032857142857142918e+01 -3.703835466720906688e-01
1.037142857142857189e+01 -3.770209847849113616e-01
1.041428571428571459e+01 -3.835570287187657912e-01
1.045714285714285730e+01 -3.896428752881765378e-01
1.050000000000000000e+01 -3.949638568211193412e-01
1.054285714285714270e+01 -3.992592949388309997e-01
1.058571428571428541e+01 -4.023367158885107209e-01
1.062857142857142811e+01 -4.040795950497386713e-01
1.067142857142857082e+01 -4.044484403939091477e-01
1.071428571428571352e+01 -4.034756018550691992e-01
1.075714285714285801e+01 -4.012547840036908009e-01
1.080000000000000071e+01 -3.979267146385304099e-01
1.084285714285714342e+01 -3.936627723795613210e-01
1.088571428571428612e+01 -3.886487775547757817e-01
1.092857142857142883e+01 -3.830724870142326322e-01
1.097142857142857153e+01 -3.771153982684740669e-01
1.101428571428571423e+01 -3.709477734754880185e-01
1.105714285714285694e+01 -3.647266845605466323e-01
1.109999999999999964e+01 -3.585966030398349269e-01
1.114285714285714235e+01 -3.526917448714049219e-01
1.118571428571428505e+01 -3.471391842718973275e-01
1.122857142857142954e+01 -3.420617290426423707e-01
1.127142857142857224e+01 -3.375797252131990112e-01
1.131428571428571495e+01 -3.338113020055034075e-01
1.135714285714285765e+01 -3.308709927392964323e-01
1.140000000000000036e+01 -3.288670714793615613e-01
1.144285714285714306e+01 -3.278981976424868994e-01
1.148571428571428577e+01 -3.280500268442649858e-01
1.152857142857142847e+01 -3.293923442902353393e-01
1.157142857142857117e+01 -3.319770036305412231e-01
1.161428571428571388e+01 -3.358366994341085432e-01
1.165714285714285658e+01 -3.409843616464588445e-01
1.169999999999999929e+01 -3.474128638019967630e-01
1.174285714285714377e+01 -3.550947339057350938e-01
1.178571428571428648e+01 -3.639816576987850993e-01
1.182857142857142918e+01 -3.740033137383881323e-01
1.187142857142857189e+01 -3.850650488123956161e-01
1.191428571428571459e+01 -3.970454144731749291e-01
1.195714285714285730e+01 -4.097942401840165561e-01
1.200000000000000000e+01 -4.231314320018156883e-01
1.204285714285714270e+01 -4.368446825825358371e-01
1.208571428571428541e+01 -4.506861226842111545e-01
1.212857142857142811e+01 -4.643709743742187035e-01
1.217142857142857082e+01 -4.775788338631091201e-01
1.221428571428571352e+01 -4.899575609886860916e-01
1.225714285714285801e+01 -5.011293950162629685e-01
1.230000000000000071e+01 -5.106991177270211457e-01
1.234285714285714342e+01 -5.182642843676336097e-01
1.238571428571428612e+01 -5.234283977808363852e-01
1.242857142857142883e+01 -5.258166786598905684e-01
1.247142857142857153e+01 -5.250935516019873406e-01
1.251428571428571423e+01 -5.209814786948896437e-01
1.255714285714285694e+01 -5.132806424504222642e-01
1.259999999999999964e+01 -5.018887405712408878e-01
1.264285714285714235e+01 -4.868200944253701090e-01
1.268571428571428505e+01 -4.682233236017344091e-01
1.272857142857142954e+01 -4.463968745226614687e-01
1.277142857142857224e+01 -4.218014720759762914e-01
1.281428571428571495e+01 -3.950682133942053365e-01
1.285714285714285765e+01 -3.670005302758838073e-01
1.290000000000000036e+01 -3.385678476609922938e-01
1.294285714285714306e+01 -3.108886213185234615e-01
1.298571428571428577e+01 -2.852007433379679102e-01
1.302857142857142847e+01 -2.628179332392995837e-01
1.307142857142857117e+01 -2.450718361240070142e-01
1.311428571428571388e+01 -2.332411454004665596e-01
1.315714285714285658e+01 -2.284710221339194547e-01
1.319999999999999929e+01 -2.316884898295921702e-01
1.324285714285714377e+01 -2.435217012729733455e-01
1.328571428571428648e+01 -2.642323271117897887e-01
1.332857142857142918e+01 -2.936705437214476855e-01
1.337142857142857189e+01 -3.312602886020117321e-01
1.341428571428571459e+01 -3.760198431945412367e-01
1.345714285714285730e+01 -4.266201882614564789e-01
1.350000000000000000e+01 -4.814746557105572533e-01
1.354285714285714270e+01 -5.388490647696045910e-01
1.358571428571428541e+01 -5.969806810004623099e-01
1.362857142857142811e+01 -6.541935842681828595e-01
1.367142857142857082e+01 -7.089988042044970129e-01
1.371428571428571530e+01 -7.601697993072036308e-01
1.375714285714285801e+01 -8.067872706708976160e-01
1.380000000000000071e+01 -8.482515309630155320e-01
1.384285714285714342e+01 -8.842650045675721771e-01
1.388571428571428612e+01 -9.147912572182695934e-01
1.392857142857142883e+01 -9.399994382523215730e-01
1.397142857142857153e+01 -9.602036885813826084e-01
1.401428571428571423e+01 -9.758059262438416592e-01
1.405714285714285694e+01 -9.872480269893760818e-01
1.409999999999999964e+01 -9.949762783143161204e-01
1.414285714285714235e+01 -9.994181932445267424e-01
1.418571428571428505e+01 -1.000969658226379178e+00
1.422857142857142954e+01 -9.999894574362008237e-01
1.427142857142857224e+01 -9.967983521858800877e-01
1.431428571428571495e+01 -9.916802637622933458e-01
1.435714285714285765e+01 -9.848776172339934742e-01
1.440000000000000036e+01 -9.765803940506421199e-01
1.444285714285714306e+01 -9.669217338184106225e-01
1.448571428571428577e+01 -9.559858836062483656e-01
1.452857142857142847e+01 -9.438130858006806845e-01
1.457142857142857117e+01 -9.303568153934999030e-01
1.461428571428571388e+01 -9.154577375508603510e-01
1.465714285714285658e+01 -8.988838850905981337e-01
1.469999999999999929e+01 -8.804248831642905726e-01
1.474285714285714377e+01 -8.600005069378857669e-01
1.478571428571428648e+01 -8.377341422086882483e-01
1.482857142857142918e+01 -8.139452982502436429e-01
1.487142857142857189e+01 -7.890466513787930403e-01
1.491428571428571459e+01 -7.633700328775026023e-01
1.495714285714285730e+01 -7.369479327789373313e-01
1.500000000000000000e+01 -7.093014568407908227e-01
1.504285714285714270e+01 -6.793058474365759603e-01
1.508571428571428541e+01 -6.451928750707789373e-01
1.512857142857142811e+01 -6.047188620426087180e-01
1.517142857142857082e+01 -5.554878242574292635e-01
1.521428571428571530e+01 -4.953809265487504887e-01
1.525714285714285801e+01 -4.230153819874442056e-01
1.530000000000000071e+01 -3.381459192282009196e-01
1.534285714285714342e+01 -2.419312755066044540e-01
1.538571428571428612e+01 -1.370154365949456110e-01
1.542857142857142883e+01 -2.741174271000146670e-02
1.547142857142857153e+01 8.178332810578309298e-02
1.551428571428571423e+01 1.847905079308835019e-01
1.555714285714285694e+01 2.755942163877177498e-01
1.559999999999999964e+01 3.483739075045536038e-01
1.564285714285714235e+01 3.978801066930580665e-01
1.568571428571428505e+01 4.197425459529349756e-01
1.572857142857142954e+01 4.107165799765591374e-01
1.577142857142857224e+01 3.688847629915101844e-01
1.581428571428571495e+01 2.938240103450305285e-01
1.585714285714285765e+01 1.867342936244192897e-01
1.590000000000000036e+01 5.050527911472064285e-02
1.594285714285714306e+01 -1.103502760139022099e-01
1.598571428571428577e+01 -2.899535229068669895e-01
1.602857142857142847e+01 -4.814438678131442440e-01
1.607142857142857295e+01 -6.774437213308481809e-01
1.611428571428571388e+01 -8.705612372549579314e-01
1.615714285714285836e+01 -1.053883057010886581e+00
1.619999999999999929e+01 -1.221409277541972260e+00
1.624285714285714377e+01 -1.368389428770432570e+00
1.628571428571428470e+01 -1.491530934208253001e+00
1.632857142857142918e+01 -1.589069194522453543e+00
1.637142857142857011e+01 -1.660708155100416583e+00
1.641428571428571459e+01 -1.707457807974151143e+00
1.645714285714285552e+01 -1.731406816887117728e+00
1.650000000000000000e+01 -1.735472216323443062e+00
1.654285714285714448e+01 -1.723162253206528494e+00
1.658571428571428541e+01 -1.698376293684950911e+00
1.662857142857142989e+01 -1.665251282272026234e+00
1.667142857142857082e+01 -1.628049124480195342e+00
1.671428571428571530e+01 -1.591071216904378360e+00
1.675714285714285623e+01 -1.558582740653042809e+00
1.680000000000000071e+01 -1.534733343747546552e+00
1.684285714285714164e+01 -1.523460747299536289e+00
1.688571428571428612e+01 -1.528353226667122700e+00
1.692857142857142705e+01 -1.552500487477174174e+00
1.697142857142857153e+01 -1.598381568807391684e+00
1.701428571428571601e+01 -1.667788090958166158e+00
1.705714285714285694e+01 -1.761673675194115551e+00
1.710000000000000142e+01 -1.879850991228533719e+00
1.714285714285714235e+01 -2.020739592323977263e+00
1.718571428571428683e+01 -2.181448327302397239e+00
1.722857142857142776e+01 -2.358126224657081771e+00
1.727142857142857224e+01 -2.546357509526249618e+00
1.731428571428571317e+01 -2.741346159566736329e+00
1.735714285714285765e+01 -2.937705077493564243e+00
1.739999999999999858e+01 -3.128762212046844571e+00
1.744285714285714306e+01 -3.305476054355938942e+00
1.748571428571428754e+01 -3.455263149872863426e+00
1.752857142857142847e+01 -3.561117755396051354e+00
1.757142857142857295e+01 -3.601426075487758283e+00
1.761428571428571388e+01 -3.550801309574024955e+00
1.765714285714285836e+01 -3.382053228919580157e+00
1.769999999999999929e+01 -3.069152573990741484e+00
1.774285714285714377e+01 -2.590800661540339167e+00
1.778571428571428470e+01 -1.934053796704202854e+00
1.782857142857142918e+01 -1.097404248245730463e+00
1.787142857142857011e+01 -9.279001036113605771e-02
1.791428571428571459e+01 1.053796532650758788e+00
1.795714285714285907e+01 2.303175346767290854e+00
1.800000000000000000e+01 3.605135352798987114e+00
1.804285714285714448e+01 4.901493025498510292e+00
1.808571428571428541e+01 6.129574419692508158e+00
1.812857142857142989e+01 7.225676918748401789e+00
1.817142857142857082e+01 8.128208341528363690e+00
1.821428571428571530e+01 8.780390781588355509e+00
1.825714285714285623e+01 9.132574276621161502e+00
1.830000000000000071e+01 9.144288654635797542e+00
1.834285714285714164e+01 8.786130760914918625e+00
1.838571428571428612e+01 8.041472149882100240e+00
1.842857142857142705e+01 6.907783805239889219e+00
1.847142857142857153e+01 5.397214028769152350e+00
1.851428571428571601e+01 3.536131017357192263e+00
1.855714285714285694e+01 1.363785428147021195e+00
1.860000000000000142e+01 -1.069650680372580265e+00
1.864285714285714235e+01 -3.705456208485533143e+00
1.868571428571428683e+01 -6.478935686910447522e+00
1.872857142857142776e+01 -9.322028800470535614e+00
1.877142857142857224e+01 -1.216584507214477995e+01
1.881428571428571317e+01 -1.494305403901276996e+01
1.885714285714285765e+01 -1.759007421916297886e+01
1.889999999999999858e+01 -2.004899538245202351e+01
1.894285714285714306e+01 -2.226916624821808455e+01
1.898571428571428754e+01 -2.420843448239719820e+01
1.902857142857142847e+01 -2.583409349722766279e+01
1.907142857142857295e+01 -2.712366341895451782e+01
1.911428571428571388e+01 -2.806572036493509259e+01
1.915714285714285836e+01 -2.866094886301933187e+01
1.919999999999999929e+01 -2.892347870858694492e+01
1.924285714285714377e+01 -2.888235601374875827e+01
1.928571428571428470e+01 -2.858303802522610226e+01
1.932857142857142918e+01 -2.808981687545375650e+01
1.937142857142857011e+01 -2.748663623877912343e+01
1.941428571428571459e+01 -2.687159773125546636e+01
1.945714285714285907e+01 -2.634407803747154020e+01
1.950000000000000000e+01 -2.598605029797267107e+01
1.954285714285714448e+01 -2.584127772026074155e+01
1.958571428571428541e+01 -2.589769954814758890e+01
1.962857142857142989e+01 -2.607834006240536340e+01
1.967142857142857082e+01 -2.624487129140921482e+01
1.971428571428571530e+01 -2.621518746545672585e+01
1.975714285714285623e+01 -2.579293604915325844e+01
1.980000000000000071e+01 -2.480367511120742208e+01
1.984285714285714164e+01 -2.313011553801074527e+01
1.988571428571428612e+01 -2.073857876002291789e+01
1.992857142857142705e+01 -1.769048725000503808e+01
1.997142857142857153e+01 -1.413603389417667344e+01
2.001428571428571601e+01 -1.029128894180559861e+01
2.005714285714285694e+01 -6.403825577045461515e+00
2.010000000000000142e+01 -2.714447324972163678e+00
2.014285714285714235e+01 5.768487073337977833e-01
2.018571428571428683e+01 3.334046162134657099e+00
2.022857142857142776e+01 5.493847681627524793e+00
2.027142857142857224e+01 7.060145702146874314e+00
2.031428571428571317e+01 8.087717108684682188e+00
2.035714285714285765e+01 8.660589201283883654e+00
2.039999999999999858e+01 8.870940229906011609e+00
2.044285714285714306e+01 8.803039770218564541e+00
2.048571428571428754e+01 8.524465871858167176e+00
2.052857142857142847e+01 8.084434432709580065e+00
2.057142857142857295e+01 7.517106876743614663e+00
2.061428571428571388e+01 6.846943586451852859e+00
2.065714285714285836e+01 6.093369796406027383e+00
2.069999999999999929e+01 5.273136719297766284e+00
2.074285714285714377e+01 4.400590184738043753e+00
2.078571428571428470e+01 3.488067996565191287e+00
2.082857142857142918e+01 2.546882533625867584e+00
2.087142857142857011e+01 1.588132459623553538e+00
2.091428571428571459e+01 6.231942869451057021e-01
2.095714285714285907e+01 -3.360829593109584956e-01
2.100000000000000000e+01 -1.277429005636814718e+00
2.104285714285714448e+01 -2.188392014503211858e+00
2.108571428571428541e+01 -3.056713594413293489e+00
2.112857142857142989e+01 -3.870788642533886215e+00
2.117142857142857082e+01 -4.620161604581187298e+00
2.121428571428571530e+01 -5.296015542561311129e+00
2.125714285714285623e+01 -5.891598829540920512e+00
2.130000000000000071e+01 -6.402543217776075046e+00
2.134285714285714164e+01 -6.827030755610810964e+00
2.138571428571428612e+01 -7.165780513952848096e+00
2.142857142857142705e+01 -7.421846739031843221e+00
2.147142857142857153e+01 -7.600253060283507445e+00
2.151428571428571601e+01 -7.707514540892149491e+00
2.155714285714285694e+01 -7.751119709726139284e+00
2.160000000000000142e+01 -7.739053864520766268e+00
2.164285714285714235e+01 -7.679435849488609911e+00
2.168571428571428683e+01 -7.580314655750240327e+00
2.172857142857142776e+01 -7.449635369651533168e+00
2.177142857142857224e+01 -7.295347199460485044e+00
2.181428571428571317e+01 -7.125557260968698792e+00
2.185714285714285765e+01 -6.948582126130540715e+00
2.189999999999999858e+01 -6.772985544681340286e+00
2.194285714285714306e+01 -6.607590474909515343e+00
2.198571428571428754e+01 -6.461141026256647990e+00
2.202857142857142847e+01 -6.341543165384862846e+00
2.207142857142857295e+01 -6.254778743346153469e+00
2.211428571428571388e+01 -6.203710673665434605e+00
2.215714285714285836e+01 -6.187078080115536949e+00
2.219999999999999929e+01 -6.198986345263589826e+00
2.224285714285714377e+01 -6.229132593480491309e+00
2.228571428571428470e+01 -6.263861985953192324e+00
2.232857142857142918e+01 -6.287968602748644109e+00
2.237142857142857011e+01 -6.286971315267406268e+00
2.241428571428571459e+01 -6.249459012903076705e+00
2.245714285714285907e+01 -6.169050923433863076e+00
2.250000000000000000e+01 -6.045573528070041114e+00
2.254285714285714448e+01 -5.885208872795623769e+00
2.258571428571428541e+01 -5.699585580641846505e+00
2.262857142857142989e+01 -5.503999893896692086e+00
2.267142857142857082e+01 -5.315126804165067220e+00
2.271428571428571530e+01 -5.148671065588186657e+00
2.275714285714285623e+01 -5.017391618074109161e+00
2.280000000000000071e+01 -4.929814352501602492e+00
2.284285714285714164e+01 -4.889769098526197233e+00
2.288571428571428612e+01 -4.896714365206253028e+00
2.292857142857142705e+01 -4.946636168286127067e+00
2.297142857142857153e+01 -5.033211421756886850e+00
2.301428571428571601e+01 -5.148951522031704364e+00
2.305714285714285694e+01 -5.286111282908605880e+00
2.310000000000000142e+01 -5.437264519638013383e+00
2.314285714285714235e+01 -5.595582142822946636e+00
2.318571428571428683e+01 -5.754949255680680942e+00
2.322857142857142776e+01 -5.909988717759540933e+00
2.327142857142857224e+01 -6.056051455790455229e+00
2.331428571428571317e+01 -6.189231068858226159e+00
2.335714285714285765e+01 -6.306360350240204582e+00
2.339999999999999858e+01 -6.404941373263770998e+00
2.344285714285714306e+01 -6.483067490629708551e+00
2.348571428571428754e+01 -6.539353008671512590e+00
2.352857142857142847e+01 -6.572876236112470849e+00
2.357142857142857295e+01 -6.583138374967036022e+00
2.361428571428571388e+01 -6.570039415672473737e+00
2.365714285714285836e+01 -6.533872367036971163e+00
2.369999999999999929e+01 -6.475337727482337158e+00
2.374285714285714377e+01 -6.395579862187100950e+00
2.378571428571428470e+01 -6.296244932968283692e+00
2.382857142857142918e+01 -6.179556016628368731e+00
2.387142857142857011e+01 -6.048387904703887763e+00
2.391428571428571459e+01 -5.906287745460924832e+00
2.395714285714285907e+01 -5.757488481854649898e+00
2.400000000000000000e+01 -5.606935903562536794e+00
2.404285714285714448e+01 -5.460278404234849781e+00
2.408571428571428541e+01 -5.323750825936684805e+00
2.412857142857142989e+01 -5.203885700284249793e+00
2.417142857142857082e+01 -5.107018681584981401e+00
2.421428571428571530e+01 -5.038601378992551005e+00
2.425714285714285623e+01 -5.002403967455083311e+00
2.430000000000000071e+01 -4.999744902927864665e+00
2.434285714285714164e+01 -5.028918943838180056e+00
2.438571428571428612e+01 -5.084995095993918746e+00
2.442857142857142705e+01 -5.160104399881986659e+00
2.447142857142857153e+01 -5.244246363876118089e+00
2.451428571428571601e+01 -5.326528467196130379e+00
2.455714285714285694e+01 -5.396649417699776130e+00
2.460000000000000142e+01 -5.446368499211970082e+00
2.464285714285714235e+01 -5.470690166133469923e+00
2.468571428571428683e+01 -5.468544038254180784e+00
2.472857142857142776e+01 -5.442842098126013717e+00
2.477142857142857224e+01 -5.399918266703719993e+00
2.481428571428571317e+01 -5.348476493738469451e+00
2.485714285714285765e+01 -5.298263766436776656e+00
2.489999999999999858e+01 -5.258722680914422298e+00
2.494285714285714306e+01 -5.237857581351229364e+00
2.498571428571428754e+01 -5.241480502840682121e+00
2.502857142857142847e+01 -5.272905752672875757e+00
2.507142857142857295e+01 -5.333060942262797255e+00
2.511428571428571388e+01 -5.420904563588119451e+00
2.515714285714285836e+01 -5.533990146874586458e+00
2.519999999999999929e+01 -5.669019621219396399e+00
2.524285714285714377e+01 -5.822261951034219507e+00
2.528571428571428470e+01 -5.989772987935499948e+00
2.532857142857142918e+01 -6.167465304983743124e+00
2.537142857142857011e+01 -6.351210448476070525e+00
2.541428571428571459e+01 -6.536940398805679564e+00
2.545714285714285907e+01 -6.720687543860615953e+00
2.550000000000000000e+01 -6.898565249049045001e+00
2.554285714285714448e+01 -7.066749631037654744e+00
2.558571428571428541e+01 -7.221528923226805396e+00
2.562857142857142989e+01 -7.359389673993314673e+00
2.567142857142857082e+01 -7.477125759727129228e+00
2.571428571428571530e+01 -7.571958232996103710e+00
2.575714285714285623e+01 -7.641651130650932267e+00
2.580000000000000071e+01 -7.684610186669035947e+00
2.584285714285714164e+01 -7.699952215253643928e+00
2.588571428571428612e+01 -7.687537658307546096e+00
2.592857142857142705e+01 -7.647961713743419487e+00
2.597142857142857153e+01 -7.582504359303452013e+00
2.601428571428571601e+01 -7.493044069507832639e+00
2.605714285714285694e+01 -7.381943919077230021e+00
2.610000000000000142e+01 -7.251922587642028795e+00
2.614285714285714235e+01 -7.105925501611776163e+00
2.618571428571428683e+01 -6.947011828921594301e+00
2.622857142857142776e+01 -6.778271022073064422e+00
2.627142857142857224e+01 -6.602776901866175940e+00
2.631428571428571317e+01 -6.423564333817613381e+00
2.635714285714285765e+01 -6.243612018053267043e+00
2.639999999999999858e+01 -6.065848684011380776e+00
2.644285714285714306e+01 -5.893279181930851429e+00
2.648571428571428754e+01 -5.729146078875023029e+00
2.652857142857142847e+01 -5.576883076719271415e+00
2.657142857142857295e+01 -5.439805796332536580e+00
2.661428571428571388e+01 -5.320578905638787326e+00
2.665714285714285836e+01 -5.220608887725970426e+00
2.669999999999999929e+01 -5.139550955371499086e+00
2.674285714285714377e+01 -5.075087759437509227e+00
2.678571428571428470e+01 -5.023084229116657973e+00
2.682857142857142918e+01 -4.978121591736383245e+00
2.687142857142857011e+01 -4.934320033689941987e+00
2.691428571428571459e+01 -4.886277434515173823e+00
2.695714285714285907e+01 -4.829923099519185747e+00
2.700000000000000000e+01 -4.763108022049500789e+00
2.704285714285714448e+01 -4.685815849244312048e+00
2.708571428571428541e+01 -4.599971755245220173e+00
2.712857142857142989e+01 -4.508924675058567644e+00
2.717142857142857082e+01 -4.416749586875465816e+00
2.721428571428571530e+01 -4.327545369318133162e+00
2.725714285714285623e+01 -4.244883956303265649e+00
2.730000000000000071e+01 -4.171508310704729716e+00
2.734285714285714164e+01 -4.109295858493918097e+00
2.738571428571428612e+01 -4.059427978926836822e+00
2.742857142857143060e+01 -4.022656676728629144e+00
2.747142857142857153e+01 -3.999535734123211839e+00
2.751428571428571601e+01 -3.990516742696856411e+00
2.755714285714285694e+01 -3.995880575982667882e+00
2.760000000000000142e+01 -4.015541216801443269e+00
2.764285714285714235e+01 -4.048802450242668272e+00
2.768571428571428683e+01 -4.094181395940396762e+00
2.772857142857142776e+01 -4.149386439650541547e+00
2.777142857142857224e+01 -4.211490674198827833e+00
2.781428571428571317e+01 -4.277273828552314860e+00
2.785714285714285765e+01 -4.343628154751286274e+00
2.789999999999999858e+01 -4.407823571529279505e+00
2.794285714285714306e+01 -4.467598321812367601e+00
2.798571428571428754e+01 -4.521122263606528691e+00
2.802857142857142847e+01 -4.566900531955813136e+00
2.807142857142857295e+01 -4.603718121292431853e+00
2.811428571428571388e+01 -4.630590358644669280e+00
2.815714285714285836e+01 -4.646709699931983906e+00
2.819999999999999929e+01 -4.651399615853487823e+00
2.824285714285714377e+01 -4.644083903505933364e+00
2.828571428571428470e+01 -4.624276196142927731e+00
2.832857142857142918e+01 -4.591590383992705249e+00
2.837142857142857011e+01 -4.545768713304728870e+00
2.841428571428571459e+01 -4.486721005937899243e+00
2.845714285714285907e+01 -4.414566403433994424e+00
2.850000000000000000e+01 -4.329668390267920941e+00
2.854285714285714448e+01 -4.232654810880059237e+00
2.858571428571428541e+01 -4.124416948766010727e+00
2.862857142857142989e+01 -4.006085626185397430e+00
2.867142857142857082e+01 -3.878986024278433753e+00
2.871428571428571530e+01 -3.744575769301021317e+00
2.875714285714285623e+01 -3.604375100237356300e+00
2.880000000000000071e+01 -3.459897379187597544e+00
2.884285714285714164e+01 -3.312589839467741104e+00
2.888571428571428612e+01 -3.163791289273909513e+00
2.892857142857143060e+01 -3.014712378114683400e+00
2.897142857142857153e+01 -2.866439542600568657e+00
2.901428571428571601e+01 -2.719958146745624195e+00
2.905714285714285694e+01 -2.576159785394279478e+00
2.910000000000000142e+01 -2.435820504542627329e+00
2.914285714285714235e+01 -2.299582641419306572e+00
2.918571428571428683e+01 -2.167946438573110868e+00
2.922857142857142776e+01 -2.041272148619495574e+00
2.927142857142857224e+01 -1.919791163326029393e+00
2.931428571428571317e+01 -1.803624438326046908e+00
2.935714285714285765e+01 -1.692805465157400269e+00
2.939999999999999858e+01 -1.587305053752321227e+00
2.944285714285714306e+01 -1.487053880203659029e+00
2.948571428571428754e+01 -1.391954630142838933e+00
2.952857142857142847e+01 -1.301887755551526915e+00
2.957142857142857295e+01 -1.216715560485404524e+00
2.961428571428571388e+01 -1.136285340654639597e+00
2.965714285714285836e+01 -1.060432144417029043e+00
2.969999999999999929e+01 -9.889815531234372736e-01
2.974285714285714377e+01 -9.217526286648036749e-01
2.978571428571428470e+01 -8.585609367810912440e-01
2.982857142857142918e+01 -7.992213987417846610e-01
2.987142857142857011e+01 -7.435506870650161471e-01
2.991428571428571459e+01 -6.913689566635400352e-01
2.995714285714285907e+01 -6.425008498830449000e-01
3.000000000000000000e+01 -5.967758737561478233e-01
3.004285714285714448e+01 -5.540283662647823570e-01
3.008571428571428541e+01 -5.140973122803806916e-01
3.012857142857142989e+01 -4.768262348061566014e-01
3.017142857142857082e+01 -4.420632940556131207e-01
3.021428571428571530e+01 -4.096616119615192342e-01
3.025714285714285623e+01 -3.794797412471963005e-01
3.030000000000000071e+01 -3.513821446505592250e-01
3.034285714285714164e+01 -3.252395517750897302e-01
3.038571428571428612e+01 -3.009291091851432065e-01
3.042857142857143060e+01 -2.783343102167300520e-01
3.047142857142857153e+01 -2.573447567307738937e-01
3.051428571428571601e+01 -2.378558440005748287e-01
3.055714285714285694e+01 -2.197684629419313362e-01
3.060000000000000142e+01 -2.029887851567127866e-01
3.064285714285714235e+01 -1.874281497748211678e-01
3.068571428571428683e+01 -1.730030248559509265e-01
3.072857142857142776e+01 -1.596349861036111817e-01
3.077142857142857224e+01 -1.472506506009336191e-01
3.081428571428571317e+01 -1.357815221913813708e-01
3.085714285714285765e+01 -1.251637383631264422e-01
3.089999999999999858e+01 -1.153377423076632491e-01
3.094285714285714306e+01 -1.062479261077605291e-01
3.098571428571428754e+01 -9.784229547289928497e-02
3.102857142857142847e+01 -9.007219377412147010e-02
3.107142857142857295e+01 -8.289209959283162787e-02
3.111428571428571388e+01 -7.625948668420527710e-02
3.115714285714285836e+01 -7.013471701283126303e-02
3.119999999999999929e+01 -6.448093205383077786e-02
3.124285714285714377e+01 -5.926391550072851455e-02
3.128571428571428470e+01 -5.445191742525294643e-02
3.132857142857142918e+01 -5.001544843332051543e-02
3.137142857142857011e+01 -4.592706548635155234e-02
3.141428571428571459e+01 -4.216117484300206664e-02
3.145714285714285907e+01 -3.869387192659571456e-02
3.150000000000000000e+01 -3.550282588043901510e-02
3.154285714285714448e+01 -3.256720291060254818e-02
3.158571428571428541e+01 -2.986761215407017153e-02
3.162857142857142989e+01 -2.738605422187274235e-02
3.167142857142857082e+01 -2.510585649283015794e-02
3.171428571428571530e+01 -2.301158841317028220e-02
3.175714285714285623e+01 -2.108896036876680216e-02
3.180000000000000071e+01 -1.932471714416739844e-02
3.184285714285714164e+01 -1.770653930984092059e-02
3.188571428571428612e+01 -1.622296303716695004e-02
3.192857142857143060e+01 -1.486332248258527902e-02
3.197142857142857153e+01 -1.361771156087676626e-02
3.201428571428571246e+01 -1.247695632138912970e-02
3.205714285714285694e+01 -1.143258723569236419e-02
3.210000000000000142e+01 -1.047680300415796024e-02
3.214285714285714590e+01 -9.602422742108301240e-03
3.218571428571428328e+01 -8.802829236145478034e-03
3.222857142857142776e+01 -8.071910064034317628e-03
3.227142857142857224e+01 -7.404004480312851612e-03
3.231428571428571672e+01 -6.793862081947692026e-03
3.235714285714285410e+01 -6.236615332820707666e-03
3.239999999999999858e+01 -5.727763549550405481e-03
3.244285714285714306e+01 -5.263162604018463767e-03
3.248571428571428754e+01 -4.839013644425555101e-03
3.252857142857143202e+01 -4.451845807375462774e-03
3.257142857142856940e+01 -4.098491227787409708e-03
3.261428571428571388e+01 -3.776054096306622442e-03
3.265714285714285836e+01 -3.481877825835118581e-03
3.270000000000000284e+01 -3.213515088795237777e-03
3.274285714285714022e+01 -2.968704634690429948e-03
3.278571428571428470e+01 -2.745356672282216019e-03
3.282857142857142918e+01 -2.541545775696447702e-03
3.287142857142857366e+01 -2.355507800993055911e-03
3.291428571428571104e+01 -2.185636367003825683e-03
3.295714285714285552e+01 -2.030475528123607681e-03
3.300000000000000000e+01 -1.888707609513873720e-03
3.304285714285714448e+01 -1.759137400595585160e-03
3.308571428571428896e+01 -1.640675092282502245e-03
3.312857142857142634e+01 -1.532320532469940095e-03
3.317142857142857082e+01 -1.433151002069343524e-03
3.321428571428571530e+01 -1.342313878120911632e-03
3.325714285714285978e+01 -1.259024093921962953e-03
3.329999999999999716e+01 -1.182564537848015572e-03
3.334285714285714164e+01 -1.112286446812742711e-03
3.338571428571428612e+01 -1.047607291080601992e-03
3.342857142857143060e+01 -9.880053429458458998e-04
3.347142857142857508e+01 -9.330118287736277171e-04
3.351428571428571246e+01 -8.822022771871838040e-04
3.355714285714285694e+01 -8.351884925640801812e-04
3.360000000000000142e+01 -7.916122437226204506e-04
3.364285714285714590e+01 -7.511415460284221130e-04
3.368571428571428328e+01 -7.134698927282913513e-04
3.372857142857142776e+01 -6.783176736467260793e-04
3.377142857142857224e+01 -6.454339306224914476e-04
3.381428571428571672e+01 -6.145965500031144724e-04
3.385714285714285410e+01 -5.856101540248237914e-04
3.389999999999999858e+01 -5.583023201855129725e-04
3.394285714285714306e+01 -5.325192442278285686e-04
3.398571428571428754e+01 -5.081215838427042674e-04
3.402857142857143202e+01 -4.849808851986606097e-04
3.407142857142856940e+01 -4.629771915650788996e-04
3.411428571428571388e+01 -4.419985744109233188e-04
3.415714285714285836e+01 -4.219426316198372361e-04
3.420000000000000284e+01 -4.027187494736476827e-04
3.424285714285714022e+01 -3.842493546960710983e-04
3.428571428571428470e+01 -3.664692036688770829e-04
3.432857142857142918e+01 -3.493232056404416488e-04
3.437142857142857366e+01 -3.327639523665639463e-04
3.441428571428571814e+01 -3.167496199544355111e-04
3.445714285714285552e+01 -3.012421834958617481e-04
3.450000000000000000e+01 -2.862059394938096680e-04
3.454285714285714448e+01 -2.716069002070992133e-04
3.458571428571428896e+01 -2.574136097881114002e-04
3.462857142857142634e+01 -2.435989745433495641e-04
3.467142857142857082e+01 -2.301417829458688683e-04
3.471428571428571530e+01 -2.170268365681899845e-04
3.475714285714285978e+01 -2.042438135078308717e-04
3.479999999999999716e+01 -1.917858182389735734e-04
3.484285714285714164e+01 -1.796482435660716882e-04
3.488571428571428612e+01 -1.678277686741447663e-04
3.492857142857143060e+01 -1.563212261832559453e-04
3.497142857142857508e+01 -1.451247696650410663e-04
3.501428571428571246e+01 -1.342341412928386513e-04
3.505714285714285694e+01 -1.236461111982324135e-04
3.510000000000000142e+01 -1.133600501049460428e-04
3.514285714285714590e+01 -1.033784526663280039e-04
3.518571428571428328e+01 -9.370627923526499712e-05
3.522857142857142776e+01 -8.434998935316173445e-05
3.527142857142857224e+01 -7.531695990341158073e-05
3.531428571428571672e+01 -6.661503072983417583e-05
3.535714285714285410e+01 -5.825159715323790437e-05
3.539999999999999858e+01 -5.023247366565405199e-05
3.544285714285714306e+01 -4.256157814983930408e-05
3.548571428571428754e+01 -3.524205885515461529e-05
3.552857142857143202e+01 -2.827810425902151361e-05
3.557142857142856940e+01 -2.167594584549612798e-05
3.561428571428571388e+01 -1.544339926162876440e-05
3.565714285714285836e+01 -9.588727653091920470e-06
3.570000000000000284e+01 -4.119987268021099933e-06
3.574285714285714022e+01 9.549761533972855178e-07
3.578571428571428470e+01 5.628690194628261914e-06
3.582857142857142918e+01 9.894883804154541189e-06
3.587142857142857366e+01 1.374934751436733617e-05
3.591428571428571814e+01 1.718976152428571599e-05
3.595714285714285552e+01 2.021434428387800086e-05
