     #Energy           s           p           d       tot  
   -17.86575     0.00000     0.00000     0.00000     0.00000
   -17.78675     0.00000     0.00000     0.00000     0.00000
   -17.70875     0.00000     0.00000     0.00000     0.00000
   -17.62975     0.00000     0.00000     0.00000     0.00000
   -17.55175     0.00000     0.00000     0.00000     0.00000
   -17.47275     0.00000     0.00000     0.00000     0.00000
   -17.39475     0.00000     0.00000     0.00000     0.00000
   -17.31575     0.00000     0.00000     0.00000     0.00000
   -17.23775     0.00000     0.00000     0.00000     0.00000
   -17.15975     0.00000     0.00000     0.00000     0.00000
   -17.08075     0.00000     0.00000     0.00000     0.00000
   -17.00275     0.00000     0.00000     0.00000     0.00000
   -16.92375     0.00000     0.00000     0.00000     0.00000
   -16.84575     0.00001     0.00000     0.00000     0.00002
   -16.76675     0.00015     0.00001     0.00000     0.00017
   -16.68875     0.00031     0.00003     0.00000     0.00034
   -16.61075     0.00035     0.00003     0.00000     0.00039
   -16.53175     0.00047     0.00005     0.00000     0.00051
   -16.45375     0.00096     0.00009     0.00000     0.00106
   -16.37475     0.00140     0.00014     0.00000     0.00154
   -16.29675     0.00178     0.00017     0.00000     0.00195
   -16.21775     0.00249     0.00024     0.00000     0.00273
   -16.13975     0.00294     0.00029     0.00000     0.00323
   -16.06175     0.00333     0.00032     0.00000     0.00366
   -15.98275     0.00575     0.00056     0.00000     0.00631
   -15.90475     0.00929     0.00090     0.00000     0.01018
   -15.82575     0.01078     0.00104     0.00000     0.01182
   -15.74775     0.01094     0.00105     0.00000     0.01200
   -15.66875     0.01197     0.00115     0.00000     0.01312
   -15.59075     0.01364     0.00132     0.00000     0.01496
   -15.51275     0.01644     0.00158     0.00000     0.01802
   -15.43375     0.02100     0.00201     0.00000     0.02301
   -15.35575     0.02422     0.00231     0.00000     0.02653
   -15.27675     0.02672     0.00255     0.00000     0.02927
   -15.19875     0.03065     0.00291     0.00000     0.03356
   -15.11975     0.03384     0.00321     0.00000     0.03705
   -15.04175     0.03495     0.00331     0.00000     0.03826
   -14.96375     0.03516     0.00333     0.00000     0.03849
   -14.88475     0.03660     0.00347     0.00000     0.04006
   -14.80675     0.04276     0.00403     0.00000     0.04679
   -14.72775     0.05203     0.00488     0.00000     0.05691
   -14.64975     0.05851     0.00548     0.00000     0.06399
   -14.57075     0.06186     0.00580     0.00000     0.06765
   -14.49275     0.06770     0.00634     0.00000     0.07404
   -14.41475     0.07637     0.00713     0.00000     0.08350
   -14.33575     0.08175     0.00762     0.00000     0.08938
   -14.25775     0.08418     0.00785     0.00000     0.09203
   -14.17875     0.08895     0.00829     0.00000     0.09724
   -14.10075     0.09769     0.00908     0.00000     0.10677
   -14.02175     0.11026     0.01022     0.00000     0.12048
   -13.94375     0.12565     0.01159     0.00000     0.13724
   -13.86475     0.13678     0.01259     0.00000     0.14937
   -13.78675     0.14350     0.01321     0.00000     0.15671
   -13.70875     0.15067     0.01385     0.00000     0.16452
   -13.62975     0.15752     0.01444     0.00000     0.17196
   -13.55175     0.16585     0.01518     0.00000     0.18103
   -13.47275     0.17772     0.01624     0.00000     0.19396
   -13.39475     0.19708     0.01795     0.00000     0.21503
   -13.31575     0.21654     0.01966     0.00000     0.23621
   -13.23775     0.23013     0.02085     0.00000     0.25098
   -13.15975     0.24048     0.02174     0.00000     0.26222
   -13.08075     0.24688     0.02230     0.00000     0.26918
   -13.00275     0.25606     0.02311     0.00000     0.27917
   -12.92375     0.27512     0.02477     0.00000     0.29989
   -12.84575     0.30356     0.02724     0.00000     0.33080
   -12.76675     0.33051     0.02957     0.00000     0.36008
   -12.68875     0.35675     0.03180     0.00000     0.38855
   -12.61075     0.38022     0.03379     0.00000     0.41401
   -12.53175     0.39207     0.03480     0.00000     0.42687
   -12.45375     0.39617     0.03515     0.00000     0.43132
   -12.37475     0.40771     0.03612     0.00000     0.44383
   -12.29675     0.43399     0.03832     0.00000     0.47231
   -12.21775     0.45401     0.03999     0.00000     0.49400
   -12.13975     0.46190     0.04064     0.00000     0.50254
   -12.06175     0.47123     0.04140     0.00000     0.51263
   -11.98275     0.47870     0.04201     0.00000     0.52071
   -11.90475     0.48242     0.04232     0.00000     0.52474
   -11.82575     0.48626     0.04263     0.00000     0.52890
   -11.74775     0.48832     0.04280     0.00000     0.53112
   -11.66875     0.48878     0.04283     0.00000     0.53162
   -11.59075     0.48879     0.04283     0.00000     0.53162
   -11.51275     0.48879     0.04283     0.00000     0.53162
   -11.43375     0.48879     0.04283     0.00000     0.53162
   -11.35575     0.48879     0.04283     0.00000     0.53162
   -11.27675     0.48879     0.04283     0.00000     0.53162
   -11.19875     0.48879     0.04283     0.00000     0.53162
   -11.11975     0.48879     0.04283     0.00000     0.53162
   -11.04175     0.48879     0.04283     0.00000     0.53162
   -10.96375     0.48879     0.04283     0.00000     0.53162
   -10.88475     0.48879     0.04283     0.00000     0.53162
   -10.80675     0.48879     0.04283     0.00000     0.53162
   -10.72775     0.48879     0.04283     0.00000     0.53162
   -10.64975     0.48879     0.04283     0.00000     0.53162
   -10.57075     0.48879     0.04283     0.00000     0.53162
   -10.49275     0.48879     0.04283     0.00000     0.53162
   -10.41375     0.48879     0.04283     0.00000     0.53162
   -10.33575     0.48879     0.04283     0.00000     0.53162
   -10.25775     0.48879     0.04283     0.00000     0.53162
   -10.17875     0.48879     0.04283     0.00000     0.53162
   -10.10075     0.48879     0.04283     0.00000     0.53162
   -10.02175     0.48879     0.04283     0.00000     0.53162
    -9.94375     0.48879     0.04283     0.00000     0.53162
    -9.86475     0.48881     0.04284     0.00000     0.53165
    -9.78675     0.48972     0.04289     0.00000     0.53261
    -9.70875     0.49355     0.04309     0.00000     0.53664
    -9.62975     0.49687     0.04326     0.00000     0.54014
    -9.55175     0.49750     0.04330     0.00000     0.54080
    -9.47275     0.49802     0.04334     0.00000     0.54136
    -9.39475     0.49953     0.04344     0.00000     0.54298
    -9.31575     0.51121     0.04415     0.00000     0.55536
    -9.23775     0.52990     0.04523     0.00000     0.57513
    -9.15975     0.53939     0.04577     0.00000     0.58516
    -9.08075     0.54648     0.04622     0.00000     0.59269
    -9.00275     0.55810     0.04703     0.00000     0.60513
    -8.92375     0.56506     0.04767     0.00000     0.61273
    -8.84575     0.57003     0.04822     0.00000     0.61826
    -8.76675     0.58513     0.04927     0.00000     0.63440
    -8.68875     0.59895     0.05019     0.00000     0.64914
    -8.61075     0.60600     0.05077     0.00000     0.65677
    -8.53175     0.61644     0.05156     0.00000     0.66800
    -8.45375     0.64323     0.05324     0.00000     0.69646
    -8.37475     0.68638     0.05578     0.00000     0.74216
    -8.29675     0.71744     0.05762     0.00000     0.77507
    -8.21775     0.74235     0.05920     0.00000     0.80154
    -8.13975     0.76973     0.06112     0.00000     0.83086
    -8.06175     0.79922     0.06316     0.00000     0.86239
    -7.98275     0.82887     0.06507     0.00000     0.89393
    -7.90475     0.84967     0.06640     0.00000     0.91607
    -7.82575     0.86558     0.06734     0.00000     0.93292
    -7.74775     0.88372     0.06827     0.00000     0.95199
    -7.66875     0.90948     0.06956     0.00000     0.97904
    -7.59075     0.93410     0.07079     0.00000     1.00489
    -7.51275     0.95064     0.07162     0.00000     1.02225
    -7.43375     0.96237     0.07218     0.00000     1.03456
    -7.35575     0.97712     0.07281     0.00000     1.04992
    -7.27675     0.98980     0.07335     0.00000     1.06315
    -7.19875     0.99548     0.07362     0.00000     1.06910
    -7.11975     1.01560     0.07444     0.00000     1.09003
    -7.04175     1.05418     0.07601     0.00000     1.13019
    -6.96275     1.07840     0.07702     0.00000     1.15542
    -6.88475     1.08632     0.07743     0.00000     1.16375
    -6.80675     1.09496     0.07791     0.00000     1.17287
    -6.72775     1.10764     0.07865     0.00000     1.18629
    -6.64975     1.13366     0.08022     0.00000     1.21388
    -6.57075     1.16670     0.08219     0.00000     1.24889
    -6.49275     1.19010     0.08345     0.00000     1.27356
    -6.41375     1.21212     0.08464     0.00000     1.29676
    -6.33575     1.23660     0.08606     0.00000     1.32266
    -6.25775     1.24875     0.08679     0.00000     1.33555
    -6.17875     1.27262     0.08787     0.00000     1.36048
    -6.10075     1.32774     0.09016     0.00000     1.41791
    -6.02175     1.37705     0.09227     0.00000     1.46932
    -5.94375     1.40746     0.09397     0.00000     1.50143
    -5.86475     1.42944     0.09542     0.00000     1.52485
    -5.78675     1.43839     0.09599     0.00000     1.53438
    -5.70875     1.44101     0.09609     0.00000     1.53710
    -5.62975     1.45460     0.09645     0.00000     1.55105
    -5.55175     1.47404     0.09731     0.00000     1.57135
    -5.47275     1.48471     0.09813     0.00000     1.58284
    -5.39475     1.49339     0.09871     0.00000     1.59210
    -5.31575     1.50772     0.09948     0.00000     1.60719
    -5.23775     1.52615     0.10041     0.00000     1.62655
    -5.15975     1.53982     0.10104     0.00000     1.64086
    -5.08075     1.55302     0.10159     0.00000     1.65461
    -5.00275     1.57091     0.10248     0.00000     1.67338
    -4.92375     1.58682     0.10339     0.00000     1.69021
    -4.84575     1.59613     0.10418     0.00000     1.70031
    -4.76675     1.60153     0.10514     0.00000     1.70666
    -4.68875     1.61130     0.10655     0.00000     1.71785
    -4.61075     1.62646     0.10809     0.00000     1.73454
    -4.53175     1.64407     0.10926     0.00000     1.75333
    -4.45375     1.65999     0.11008     0.00000     1.77007
    -4.37475     1.67450     0.11068     0.00000     1.78517
    -4.29675     1.68956     0.11129     0.00000     1.80085
    -4.21775     1.70254     0.11200     0.00000     1.81455
    -4.13975     1.71320     0.11295     0.00000     1.82616
    -4.06175     1.73145     0.11452     0.00000     1.84596
    -3.98275     1.75222     0.11609     0.00000     1.86831
    -3.90475     1.76828     0.11744     0.00000     1.88572
    -3.82575     1.78069     0.11873     0.00000     1.89942
    -3.74775     1.78511     0.11935     0.00000     1.90446
    -3.66875     1.78686     0.11999     0.00000     1.90685
    -3.59075     1.78942     0.12105     0.00000     1.91047
    -3.51175     1.79101     0.12189     0.00000     1.91291
    -3.43375     1.79319     0.12280     0.00000     1.91599
    -3.35575     1.79827     0.12430     0.00000     1.92258
    -3.27675     1.80479     0.12572     0.00000     1.93050
    -3.19875     1.81211     0.12677     0.00000     1.93888
    -3.11975     1.81831     0.12769     0.00000     1.94601
    -3.04175     1.82176     0.12869     0.00000     1.95045
    -2.96275     1.82558     0.12981     0.00000     1.95539
    -2.88475     1.82956     0.13070     0.00000     1.96026
    -2.80675     1.83304     0.13174     0.00000     1.96478
    -2.72775     1.83562     0.13295     0.00000     1.96857
    -2.64975     1.83659     0.13393     0.00000     1.97052
    -2.57075     1.83687     0.13467     0.00000     1.97153
    -2.49275     1.83703     0.13510     0.00000     1.97213
    -2.41375     1.83731     0.13536     0.00000     1.97266
    -2.33575     1.83846     0.13587     0.00000     1.97433
    -2.25775     1.84111     0.13661     0.00000     1.97771
    -2.17875     1.84496     0.13754     0.00000     1.98250
    -2.10075     1.84776     0.13833     0.00000     1.98609
    -2.02175     1.84872     0.13867     0.00000     1.98739
    -1.94375     1.84913     0.13904     0.00000     1.98817
    -1.86475     1.84921     0.13961     0.00000     1.98883
    -1.78675     1.84925     0.14011     0.00000     1.98936
    -1.70875     1.84926     0.14037     0.00000     1.98963
    -1.62975     1.84926     0.14055     0.00000     1.98981
    -1.55175     1.84926     0.14094     0.00000     1.99020
    -1.47275     1.84926     0.14129     0.00000     1.99055
    -1.39475     1.84926     0.14148     0.00000     1.99074
    -1.31575     1.84926     0.14165     0.00000     1.99091
    -1.23775     1.84926     0.14171     0.00000     1.99097
    -1.15975     1.84926     0.14171     0.00000     1.99097
    -1.08075     1.84926     0.14171     0.00000     1.99097
    -1.00275     1.84926     0.14171     0.00000     1.99097
    -0.92375     1.84926     0.14171     0.00000     1.99097
    -0.84575     1.84926     0.14171     0.00000     1.99097
    -0.76675     1.84926     0.14171     0.00000     1.99097
    -0.68875     1.84926     0.14171     0.00000     1.99097
    -0.60975     1.84926     0.14171     0.00000     1.99097
    -0.53175     1.84926     0.14171     0.00000     1.99097
    -0.45375     1.84926     0.14171     0.00000     1.99097
    -0.37475     1.84927     0.14171     0.00000     1.99097
    -0.29675     1.84927     0.14171     0.00000     1.99098
    -0.21775     1.84928     0.14171     0.00000     1.99099
    -0.13975     1.84928     0.14171     0.00000     1.99099
    -0.06075     1.84928     0.14171     0.00000     1.99099
     0.01725     1.84930     0.14171     0.00000     1.99101
     0.09525     1.84932     0.14171     0.00000     1.99103
     0.17425     1.84934     0.14171     0.00000     1.99105
     0.25225     1.84934     0.14171     0.00000     1.99106
     0.33125     1.84934     0.14171     0.00000     1.99106
     0.40925     1.84934     0.14171     0.00000     1.99106
     0.48825     1.84934     0.14171     0.00000     1.99106
     0.56625     1.84934     0.14171     0.00000     1.99106
     0.64425     1.84934     0.14171     0.00000     1.99106
     0.72325     1.84934     0.14171     0.00000     1.99106
     0.80125     1.84934     0.14171     0.00000     1.99106
     0.88025     1.84934     0.14171     0.00000     1.99106
     0.95825     1.84934     0.14171     0.00000     1.99106
     1.03725     1.84942     0.14171     0.00000     1.99113
     1.11525     1.84983     0.14171     0.00000     1.99154
     1.19325     1.85022     0.14171     0.00000     1.99194
     1.27225     1.85035     0.14172     0.00000     1.99207
     1.35025     1.85110     0.14173     0.00000     1.99283
     1.42925     1.85202     0.14174     0.00000     1.99377
     1.50725     1.85298     0.14176     0.00000     1.99474
     1.58625     1.85403     0.14179     0.00000     1.99582
     1.66425     1.85442     0.14181     0.00000     1.99623
     1.74225     1.85483     0.14184     0.00000     1.99667
     1.82125     1.85533     0.14190     0.00000     1.99722
     1.89925     1.85555     0.14262     0.00000     1.99817
     1.97825     1.85573     0.14395     0.00000     1.99967
     2.05625     1.85581     0.14461     0.00000     2.00042
     2.13525     1.85606     0.14470     0.00000     2.00076
     2.21325     1.85850     0.14541     0.00000     2.00390
     2.29125     1.86173     0.14637     0.00000     2.00810
     2.37025     1.86296     0.14850     0.00000     2.01145
     2.44825     1.86343     0.15365     0.00000     2.01708
     2.52725     1.86400     0.15812     0.00000     2.02212
     2.60525     1.86566     0.16001     0.00000     2.02566
     2.68425     1.86872     0.16305     0.00000     2.03177
     2.76225     1.87086     0.16594     0.00000     2.03680
     2.84125     1.87145     0.16665     0.00000     2.03810
     2.91925     1.87200     0.16736     0.00000     2.03936
     2.99725     1.87306     0.16977     0.00000     2.04283
     3.07625     1.87493     0.17236     0.00000     2.04728
     3.15425     1.87788     0.17397     0.00000     2.05185
     3.23325     1.88122     0.17551     0.00000     2.05673
     3.31125     1.88407     0.17698     0.00000     2.06105
     3.39025     1.88663     0.17888     0.00000     2.06551
     3.46825     1.88939     0.18147     0.00000     2.07086
     3.54625     1.89152     0.18364     0.00000     2.07516
     3.62525     1.89345     0.18535     0.00000     2.07881
     3.70325     1.89793     0.18669     0.00000     2.08462
     3.78225     1.90551     0.18892     0.00000     2.09443
     3.86025     1.91166     0.19431     0.00000     2.10597
     3.93925     1.91601     0.19972     0.00000     2.11574
     4.01725     1.92481     0.20389     0.00000     2.12870
     4.09525     1.93740     0.20865     0.00000     2.14604
     4.17425     1.94856     0.21295     0.00000     2.16151
     4.25225     1.95425     0.21610     0.00000     2.17036
     4.33125     1.95651     0.21877     0.00000     2.17528
     4.40925     1.95920     0.22181     0.00000     2.18100
     4.48825     1.96192     0.22458     0.00000     2.18650
     4.56625     1.96386     0.22605     0.00000     2.18991
     4.64425     1.96445     0.22669     0.00000     2.19114
     4.72325     1.96449     0.22699     0.00000     2.19148
     4.80125     1.96449     0.22702     0.00000     2.19151
     4.88025     1.96449     0.22702     0.00000     2.19151
     4.95825     1.96449     0.22702     0.00000     2.19151
     5.03725     1.96449     0.22702     0.00000     2.19151
     5.11525     1.96449     0.22702     0.00000     2.19151
     5.19325     1.96449     0.22702     0.00000     2.19151
     5.27225     1.96449     0.22702     0.00000     2.19151
     5.35025     1.96449     0.22702     0.00000     2.19151
     5.42925     1.96449     0.22702     0.00000     2.19151
     5.50725     1.96449     0.22702     0.00000     2.19151
     5.58625     1.96449     0.22702     0.00000     2.19151
     5.66425     1.96449     0.22702     0.00000     2.19151
