     #Energy           s           p           d       tot  
   -17.86575     0.00000     0.00000     0.00000     0.00000
   -17.78675     0.00000     0.00000     0.00000     0.00000
   -17.70875     0.00000     0.00000     0.00000     0.00000
   -17.62975     0.00000     0.00000     0.00000     0.00000
   -17.55175     0.00000     0.00000     0.00000     0.00000
   -17.47275     0.00000     0.00000     0.00000     0.00000
   -17.39475     0.00000     0.00000     0.00000     0.00000
   -17.31575     0.00000     0.00000     0.00000     0.00000
   -17.23775     0.00000     0.00000     0.00000     0.00000
   -17.15975     0.00000     0.00000     0.00000     0.00000
   -17.08075     0.00000     0.00000     0.00000     0.00000
   -17.00275     0.00000     0.00000     0.00000     0.00000
   -16.92375     0.00000     0.00000     0.00000     0.00000
   -16.84575     0.00035     0.00003     0.00000     0.00039
   -16.76675     0.00317     0.00031     0.00000     0.00349
   -16.68875     0.00093     0.00009     0.00000     0.00102
   -16.61075     0.00002     0.00000     0.00000     0.00003
   -16.53175     0.00296     0.00028     0.00000     0.00325
   -16.45375     0.00968     0.00093     0.00000     0.01061
   -16.37475     0.00155     0.00015     0.00000     0.00170
   -16.29675     0.00792     0.00078     0.00000     0.00870
   -16.21775     0.01024     0.00101     0.00000     0.01125
   -16.13975     0.00139     0.00014     0.00000     0.00153
   -16.06175     0.00855     0.00082     0.00000     0.00938
   -15.98275     0.05313     0.00508     0.00000     0.05821
   -15.90475     0.03706     0.00356     0.00000     0.04062
   -15.82575     0.00107     0.00010     0.00000     0.00117
   -15.74775     0.00297     0.00029     0.00000     0.00325
   -15.66875     0.02319     0.00224     0.00000     0.02543
   -15.59075     0.01949     0.00188     0.00000     0.02137
   -15.51275     0.05177     0.00487     0.00000     0.05664
   -15.43375     0.06464     0.00606     0.00000     0.07070
   -15.35575     0.01747     0.00166     0.00000     0.01913
   -15.27675     0.04631     0.00432     0.00000     0.05063
   -15.19875     0.05375     0.00497     0.00000     0.05872
   -15.11975     0.02772     0.00260     0.00000     0.03032
   -15.04175     0.00060     0.00006     0.00000     0.00065
   -14.96375     0.00476     0.00046     0.00000     0.00522
   -14.88475     0.03181     0.00298     0.00000     0.03480
   -14.80675     0.12532     0.01148     0.00000     0.13680
   -14.72775     0.11113     0.01014     0.00000     0.12128
   -14.64975     0.05410     0.00515     0.00000     0.05924
   -14.57075     0.03119     0.00296     0.00000     0.03415
   -14.49275     0.11784     0.01080     0.00000     0.12864
   -14.41475     0.10335     0.00938     0.00000     0.11273
   -14.33575     0.03382     0.00317     0.00000     0.03700
   -14.25775     0.02817     0.00261     0.00000     0.03078
   -14.17875     0.09343     0.00852     0.00000     0.10195
   -14.10075     0.12927     0.01180     0.00000     0.14107
   -14.02175     0.19136     0.01722     0.00000     0.20858
   -13.94375     0.20100     0.01780     0.00000     0.21880
   -13.86475     0.08289     0.00759     0.00000     0.09048
   -13.78675     0.08851     0.00816     0.00000     0.09667
   -13.70875     0.09427     0.00817     0.00000     0.10243
   -13.62975     0.08031     0.00696     0.00000     0.08727
   -13.55175     0.13233     0.01184     0.00000     0.14417
   -13.47275     0.17017     0.01522     0.00000     0.18539
   -13.39475     0.32351     0.02848     0.00000     0.35199
   -13.31575     0.17287     0.01513     0.00000     0.18800
   -13.23775     0.17355     0.01508     0.00000     0.18863
   -13.15975     0.09047     0.00766     0.00000     0.09813
   -13.08075     0.07266     0.00649     0.00000     0.07915
   -13.00275     0.16155     0.01425     0.00000     0.17580
   -12.92375     0.32430     0.02818     0.00000     0.35248
   -12.84575     0.40100     0.03476     0.00000     0.43576
   -12.76675     0.28621     0.02453     0.00000     0.31074
   -12.68875     0.38290     0.03250     0.00000     0.41540
   -12.61075     0.21555     0.01819     0.00000     0.23374
   -12.53175     0.08663     0.00744     0.00000     0.09407
   -12.45375     0.01805     0.00153     0.00000     0.01958
   -12.37475     0.27615     0.02322     0.00000     0.29937
   -12.29675     0.39390     0.03298     0.00000     0.42688
   -12.21775     0.11654     0.00962     0.00000     0.12616
   -12.13975     0.08478     0.00693     0.00000     0.09171
   -12.06175     0.15300     0.01248     0.00000     0.16548
   -11.98275     0.03754     0.00305     0.00000     0.04059
   -11.90475     0.05734     0.00472     0.00000     0.06206
   -11.82575     0.04070     0.00329     0.00000     0.04399
   -11.74775     0.01169     0.00093     0.00000     0.01261
   -11.66875     0.00013     0.00001     0.00000     0.00014
   -11.59075     0.00000     0.00000     0.00000     0.00000
   -11.51275     0.00000     0.00000     0.00000     0.00000
   -11.43375     0.00000     0.00000     0.00000     0.00000
   -11.35575     0.00000     0.00000     0.00000     0.00000
   -11.27675     0.00000     0.00000     0.00000     0.00000
   -11.19875     0.00000     0.00000     0.00000     0.00000
   -11.11975     0.00000     0.00000     0.00000     0.00000
   -11.04175     0.00000     0.00000     0.00000     0.00000
   -10.96375     0.00000     0.00000     0.00000     0.00000
   -10.88475     0.00000     0.00000     0.00000     0.00000
   -10.80675     0.00000     0.00000     0.00000     0.00000
   -10.72775     0.00000     0.00000     0.00000     0.00000
   -10.64975     0.00000     0.00000     0.00000     0.00000
   -10.57075     0.00000     0.00000     0.00000     0.00000
   -10.49275     0.00000     0.00000     0.00000     0.00000
   -10.41375     0.00000     0.00000     0.00000     0.00000
   -10.33575     0.00000     0.00000     0.00000     0.00000
   -10.25775     0.00000     0.00000     0.00000     0.00000
   -10.17875     0.00000     0.00000     0.00000     0.00000
   -10.10075     0.00000     0.00000     0.00000     0.00000
   -10.02175     0.00000     0.00000     0.00000     0.00000
    -9.94375     0.00000     0.00000     0.00000     0.00000
    -9.86475     0.00064     0.00004     0.00000     0.00069
    -9.78675     0.02261     0.00126     0.00000     0.02387
    -9.70875     0.07493     0.00390     0.00000     0.07883
    -9.62975     0.00987     0.00051     0.00000     0.01038
    -9.55175     0.00621     0.00040     0.00000     0.00661
    -9.47275     0.00707     0.00059     0.00000     0.00765
    -9.39475     0.03136     0.00215     0.00000     0.03351
    -9.31575     0.26633     0.01583     0.00000     0.28216
    -9.23775     0.21031     0.01173     0.00000     0.22204
    -9.15975     0.03172     0.00201     0.00000     0.03373
    -9.08075     0.14902     0.00940     0.00000     0.15842
    -9.00275     0.14732     0.01134     0.00000     0.15866
    -8.92375     0.03016     0.00504     0.00000     0.03520
    -8.84575     0.09665     0.00906     0.00000     0.10571
    -8.76675     0.28844     0.01750     0.00000     0.30594
    -8.68875     0.06402     0.00592     0.00000     0.06994
    -8.61075     0.11564     0.00889     0.00000     0.12453
    -8.53175     0.15055     0.01136     0.00000     0.16191
    -8.45375     0.53260     0.03135     0.00000     0.56395
    -8.37475     0.56780     0.03356     0.00000     0.60136
    -8.29675     0.22422     0.01345     0.00000     0.23767
    -8.21775     0.41080     0.02667     0.00000     0.43746
    -8.13975     0.28762     0.02241     0.00000     0.31003
    -8.06175     0.46430     0.02964     0.00000     0.49394
    -7.98275     0.29162     0.01885     0.00000     0.31047
    -7.90475     0.23891     0.01523     0.00000     0.25414
    -7.82575     0.16677     0.00871     0.00000     0.17548
    -7.74775     0.29585     0.01492     0.00000     0.31077
    -7.66875     0.36090     0.01804     0.00000     0.37894
    -7.59075     0.26703     0.01324     0.00000     0.28026
    -7.51275     0.15460     0.00789     0.00000     0.16249
    -7.43375     0.14469     0.00657     0.00000     0.15126
    -7.35575     0.23129     0.00932     0.00000     0.24061
    -7.27675     0.09215     0.00450     0.00000     0.09665
    -7.19875     0.05263     0.00246     0.00000     0.05509
    -7.11975     0.46030     0.01841     0.00000     0.47871
    -7.04175     0.52360     0.02159     0.00000     0.54519
    -6.96275     0.09406     0.00421     0.00000     0.09827
    -6.88475     0.10791     0.00616     0.00000     0.11407
    -6.80675     0.11231     0.00626     0.00000     0.11857
    -6.72775     0.21103     0.01248     0.00000     0.22351
    -6.64975     0.45250     0.02763     0.00000     0.48013
    -6.57075     0.39000     0.02255     0.00000     0.41255
    -6.49275     0.20682     0.00968     0.00000     0.21650
    -6.41375     0.35460     0.02058     0.00000     0.37519
    -6.33575     0.26966     0.01563     0.00000     0.28529
    -6.25775     0.04022     0.00303     0.00000     0.04325
    -6.17875     0.56830     0.02439     0.00000     0.59269
    -6.10075     0.83740     0.03420     0.00000     0.87160
    -6.02175     0.41990     0.01958     0.00000     0.43948
    -5.94375     0.35550     0.02375     0.00000     0.37925
    -5.86475     0.20503     0.01304     0.00000     0.21807
    -5.78675     0.02320     0.00162     0.00000     0.02481
    -5.70875     0.04358     0.00105     0.00000     0.04463
    -5.62975     0.30295     0.00811     0.00000     0.31106
    -5.55175     0.19282     0.01379     0.00000     0.20661
    -5.47275     0.07926     0.00703     0.00000     0.08629
    -5.39475     0.14221     0.00776     0.00000     0.14997
    -5.31575     0.22297     0.01179     0.00000     0.23476
    -5.23775     0.24706     0.01196     0.00000     0.25902
    -5.15975     0.10158     0.00422     0.00000     0.10581
    -5.08075     0.23498     0.00972     0.00000     0.24470
    -5.00275     0.22111     0.01299     0.00000     0.23410
    -4.92375     0.18484     0.01018     0.00000     0.19502
    -4.84575     0.05241     0.01015     0.00000     0.06256
    -4.76675     0.08520     0.01417     0.00000     0.09937
    -4.68875     0.16399     0.02178     0.00000     0.18577
    -4.61075     0.22258     0.01746     0.00000     0.24004
    -4.53175     0.22646     0.01241     0.00000     0.23887
    -4.45375     0.17965     0.00855     0.00000     0.18820
    -4.37475     0.19026     0.00663     0.00000     0.19689
    -4.29675     0.19379     0.00909     0.00000     0.20288
    -4.21775     0.13727     0.00906     0.00000     0.14633
    -4.13975     0.13457     0.01510     0.00000     0.14967
    -4.06175     0.33060     0.02484     0.00000     0.35544
    -3.98275     0.19922     0.01522     0.00000     0.21444
    -3.90475     0.21016     0.01926     0.00000     0.22943
    -3.82575     0.10635     0.01361     0.00000     0.11996
    -3.74775     0.00649     0.00210     0.00000     0.00859
    -3.66875     0.03800     0.01419     0.00000     0.05219
    -3.59075     0.02724     0.01299     0.00000     0.04024
    -3.51175     0.01347     0.00840     0.00000     0.02187
    -3.43375     0.04192     0.01489     0.00000     0.05681
    -3.35575     0.08777     0.02336     0.00000     0.11113
    -3.27675     0.07830     0.01266     0.00000     0.09096
    -3.19875     0.10855     0.01415     0.00000     0.12270
    -3.11975     0.04958     0.00940     0.00000     0.05898
    -3.04175     0.03821     0.01601     0.00000     0.05422
    -2.96275     0.05931     0.01248     0.00000     0.07179
    -2.88475     0.04206     0.01031     0.00000     0.05237
    -2.80675     0.04676     0.01635     0.00000     0.06311
    -2.72775     0.01905     0.01431     0.00000     0.03336
    -2.64975     0.00560     0.01079     0.00000     0.01639
    -2.57075     0.00153     0.00801     0.00000     0.00954
    -2.49275     0.00267     0.00307     0.00000     0.00574
    -2.41375     0.00436     0.00343     0.00000     0.00779
    -2.33575     0.02513     0.00966     0.00000     0.03478
    -2.25775     0.04228     0.00915     0.00000     0.05143
    -2.17875     0.05590     0.01458     0.00000     0.07048
    -2.10075     0.01557     0.00562     0.00000     0.02119
    -2.02175     0.00895     0.00292     0.00000     0.01187
    -1.94375     0.00139     0.00673     0.00000     0.00813
    -1.86475     0.00076     0.00781     0.00000     0.00857
    -1.78675     0.00024     0.00479     0.00000     0.00503
    -1.70875     0.00000     0.00175     0.00000     0.00175
    -1.62975     0.00000     0.00305     0.00000     0.00305
    -1.55175     0.00000     0.00693     0.00000     0.00693
    -1.47275     0.00000     0.00177     0.00000     0.00177
    -1.39475     0.00000     0.00307     0.00000     0.00307
    -1.31575     0.00000     0.00141     0.00000     0.00141
    -1.23775     0.00000     0.00001     0.00000     0.00001
    -1.15975     0.00000     0.00000     0.00000     0.00000
    -1.08075     0.00000     0.00000     0.00000     0.00000
    -1.00275     0.00000     0.00000     0.00000     0.00000
    -0.92375     0.00000     0.00000     0.00000     0.00000
    -0.84575     0.00000     0.00000     0.00000     0.00000
    -0.76675     0.00000     0.00000     0.00000     0.00000
    -0.68875     0.00000     0.00000     0.00000     0.00000
    -0.60975     0.00000     0.00000     0.00000     0.00000
    -0.53175     0.00000     0.00000     0.00000     0.00000
    -0.45375     0.00002     0.00000     0.00000     0.00002
    -0.37475     0.00012     0.00001     0.00000     0.00013
    -0.29675     0.00005     0.00002     0.00000     0.00007
    -0.21775     0.00004     0.00002     0.00000     0.00006
    -0.13975     0.00002     0.00000     0.00000     0.00003
    -0.06075     0.00009     0.00001     0.00000     0.00010
     0.01725     0.00031     0.00001     0.00000     0.00032
     0.09525     0.00028     0.00001     0.00000     0.00029
     0.17425     0.00013     0.00000     0.00000     0.00013
     0.25225     0.00001     0.00000     0.00000     0.00001
     0.33125     0.00000     0.00000     0.00000     0.00000
     0.40925     0.00000     0.00000     0.00000     0.00000
     0.48825     0.00000     0.00000     0.00000     0.00000
     0.56625     0.00000     0.00000     0.00000     0.00000
     0.64425     0.00000     0.00000     0.00000     0.00000
     0.72325     0.00000     0.00000     0.00000     0.00000
     0.80125     0.00000     0.00000     0.00000     0.00000
     0.88025     0.00000     0.00000     0.00000     0.00000
     0.95825     0.00001     0.00000     0.00000     0.00001
     1.03725     0.00185     0.00000     0.00000     0.00185
     1.11525     0.00868     0.00001     0.00000     0.00869
     1.19325     0.00135     0.00000     0.00000     0.00135
     1.27225     0.00198     0.00003     0.00000     0.00200
     1.35025     0.01718     0.00026     0.00000     0.01744
     1.42925     0.00629     0.00011     0.00000     0.00640
     1.50725     0.01806     0.00038     0.00000     0.01845
     1.58625     0.00876     0.00043     0.00000     0.00919
     1.66425     0.00117     0.00010     0.00000     0.00127
     1.74225     0.00928     0.00060     0.00000     0.00988
     1.82125     0.00333     0.00082     0.00000     0.00415
     1.89925     0.00247     0.01756     0.00000     0.02003
     1.97825     0.00199     0.01633     0.00000     0.01833
     2.05625     0.00009     0.00055     0.00000     0.00064
     2.13525     0.00632     0.00182     0.00000     0.00815
     2.21325     0.05582     0.01612     0.00000     0.07194
     2.29125     0.02652     0.00855     0.00000     0.03507
     2.37025     0.00483     0.04560     0.00000     0.05043
     2.44825     0.00721     0.08574     0.00000     0.09295
     2.52725     0.00734     0.02823     0.00000     0.03557
     2.60525     0.03489     0.01998     0.00000     0.05488
     2.68425     0.04330     0.05768     0.00000     0.10098
     2.76225     0.01132     0.01594     0.00000     0.02727
     2.84125     0.00358     0.00228     0.00000     0.00586
     2.91925     0.01040     0.01581     0.00000     0.02621
     2.99725     0.01670     0.04566     0.00000     0.06236
     3.07625     0.03097     0.02017     0.00000     0.05114
     3.15425     0.04440     0.02098     0.00000     0.06538
     3.23325     0.04069     0.01838     0.00000     0.05908
     3.31125     0.03190     0.01898     0.00000     0.05088
     3.39025     0.03332     0.02960     0.00000     0.06293
     3.46825     0.03721     0.03624     0.00000     0.07345
     3.54625     0.01701     0.01917     0.00000     0.03618
     3.62525     0.03238     0.02452     0.00000     0.05689
     3.70325     0.08173     0.00962     0.00000     0.09135
     3.78225     0.11157     0.04724     0.00000     0.15881
     3.86025     0.04529     0.09013     0.00000     0.13542
     3.93925     0.06564     0.04799     0.00000     0.11363
     4.01725     0.15871     0.05837     0.00000     0.21708
     4.09525     0.16222     0.06286     0.00000     0.22508
     4.17425     0.12243     0.04685     0.00000     0.16928
     4.25225     0.02283     0.03351     0.00000     0.05634
     4.33125     0.03466     0.03443     0.00000     0.06909
     4.40925     0.03388     0.04306     0.00000     0.07694
     4.48825     0.03557     0.02776     0.00000     0.06334
     4.56625     0.01392     0.00964     0.00000     0.02355
     4.64425     0.00102     0.00680     0.00000     0.00782
     4.72325     0.00007     0.00073     0.00000     0.00080
     4.80125     0.00000     0.00000     0.00000     0.00000
     4.88025     0.00000     0.00000     0.00000     0.00000
     4.95825     0.00000     0.00000     0.00000     0.00000
     5.03725     0.00000     0.00000     0.00000     0.00000
     5.11525     0.00000     0.00000     0.00000     0.00000
     5.19325     0.00000     0.00000     0.00000     0.00000
     5.27225     0.00000     0.00000     0.00000     0.00000
     5.35025     0.00000     0.00000     0.00000     0.00000
     5.42925     0.00000     0.00000     0.00000     0.00000
     5.50725     0.00000     0.00000     0.00000     0.00000
     5.58625     0.00000     0.00000     0.00000     0.00000
     5.66425     0.00000     0.00000     0.00000     0.00000
