     #Energy           s           p           d       tot  
   -17.86575     0.00000     0.00000     0.00000     0.00000
   -17.78675     0.00000     0.00000     0.00000     0.00000
   -17.70875     0.00000     0.00000     0.00000     0.00000
   -17.62975     0.00000     0.00000     0.00000     0.00000
   -17.55175     0.00000     0.00000     0.00000     0.00000
   -17.47275     0.00000     0.00000     0.00000     0.00000
   -17.39475     0.00000     0.00000     0.00000     0.00000
   -17.31575     0.00000     0.00000     0.00000     0.00000
   -17.23775     0.00000     0.00000     0.00000     0.00000
   -17.15975     0.00000     0.00000     0.00000     0.00000
   -17.08075     0.00000     0.00000     0.00000     0.00000
   -17.00275     0.00000     0.00000     0.00000     0.00000
   -16.92375     0.00009     0.00000     0.00000     0.00009
   -16.84575     0.05128     0.00012     0.00000     0.05140
   -16.76675     0.46230     0.00104     0.00000     0.46333
   -16.68875     0.13567     0.00030     0.00000     0.13598
   -16.61075     0.00171     0.00001     0.00000     0.00172
   -16.53175     0.14350     0.00128     0.00000     0.14478
   -16.45375     0.46897     0.00418     0.00000     0.47315
   -16.37475     0.12379     0.00166     0.00000     0.12545
   -16.29675     1.06177     0.01766     0.00000     1.07943
   -16.21775     1.33745     0.02332     0.00000     1.36077
   -16.13975     0.17056     0.00307     0.00000     0.17363
   -16.06175     0.37780     0.00840     0.00000     0.38620
   -15.98275     2.36424     0.05355     0.00000     2.41779
   -15.90475     1.90562     0.04477     0.00000     1.95039
   -15.82575     0.06143     0.00148     0.00000     0.06291
   -15.74775     0.12869     0.00392     0.00000     0.13262
   -15.66875     1.03066     0.03158     0.00000     1.06224
   -15.59075     1.20485     0.03971     0.00000     1.24456
   -15.51275     1.54289     0.04953     0.00000     1.59242
   -15.43375     1.46494     0.04655     0.00000     1.51149
   -15.35575     0.54499     0.01971     0.00000     0.56470
   -15.27675     1.34599     0.04756     0.00000     1.39355
   -15.19875     1.16112     0.04105     0.00000     1.20217
   -15.11975     0.60488     0.02277     0.00000     0.62765
   -15.04175     0.01712     0.00069     0.00000     0.01780
   -14.96375     0.43003     0.01944     0.00000     0.44947
   -14.88475     1.34377     0.05957     0.00000     1.40334
   -14.80675     2.94753     0.12692     0.00000     3.07445
   -14.72775     3.37100     0.15011     0.00000     3.52111
   -14.64975     2.49418     0.11833     0.00000     2.61251
   -14.57075     1.34662     0.06499     0.00000     1.41161
   -14.49275     2.80984     0.13083     0.00000     2.94067
   -14.41475     2.51075     0.11246     0.00000     2.62321
   -14.33575     0.97832     0.04677     0.00000     1.02509
   -14.25775     0.53062     0.02558     0.00000     0.55620
   -14.17875     1.75915     0.08563     0.00000     1.84478
   -14.10075     3.05613     0.15477     0.00000     3.21090
   -14.02175     4.18910     0.19794     0.00000     4.38704
   -13.94375     4.06340     0.18486     0.00000     4.24826
   -13.86475     1.90266     0.09156     0.00000     1.99422
   -13.78675     2.60310     0.11353     0.00000     2.71662
   -13.70875     2.06104     0.08851     0.00000     2.14955
   -13.62975     1.83061     0.06582     0.00000     1.89643
   -13.55175     2.45924     0.10500     0.00000     2.56424
   -13.47275     2.75854     0.12520     0.00000     2.88374
   -13.39475     5.45420     0.23321     0.00000     5.68741
   -13.31575     2.92738     0.12268     0.00000     3.05007
   -13.23775     3.85900     0.12136     0.00000     3.98036
   -13.15975     2.63511     0.08167     0.00000     2.71678
   -13.08075     1.55875     0.05233     0.00000     1.61108
   -13.00275     2.99160     0.08659     0.00000     3.07819
   -12.92375     5.69620     0.18294     0.00000     5.87914
   -12.84575     6.27800     0.20045     0.00000     6.47845
   -12.76675     4.91880     0.15479     0.00000     5.07359
   -12.68875     7.29480     0.22855     0.00000     7.52335
   -12.61075     4.44500     0.12799     0.00000     4.57299
   -12.53175     1.74584     0.04087     0.00000     1.78671
   -12.45375     0.31627     0.00654     0.00000     0.32281
   -12.37475     4.40720     0.08707     0.00000     4.49427
   -12.29675     7.17140     0.14824     0.00000     7.31964
   -12.21775     3.05670     0.06377     0.00000     3.12047
   -12.13975     4.10538     0.08138     0.00000     4.18676
   -12.06175     7.84530     0.14756     0.00000     7.99286
   -11.98275     2.85088     0.04947     0.00000     2.90035
   -11.90475     7.24407     0.09880     0.00000     7.34287
   -11.82575     4.02400     0.05170     0.00000     4.07570
   -11.74775     0.73921     0.00786     0.00000     0.74707
   -11.66875     0.00781     0.00008     0.00000     0.00789
   -11.59075     0.00000     0.00000     0.00000     0.00000
   -11.51275     0.00000     0.00000     0.00000     0.00000
   -11.43375     0.00000     0.00000     0.00000     0.00000
   -11.35575     0.00000     0.00000     0.00000     0.00000
   -11.27675     0.00000     0.00000     0.00000     0.00000
   -11.19875     0.00000     0.00000     0.00000     0.00000
   -11.11975     0.00000     0.00000     0.00000     0.00000
   -11.04175     0.00000     0.00000     0.00000     0.00000
   -10.96375     0.00000     0.00000     0.00000     0.00000
   -10.88475     0.00000     0.00000     0.00000     0.00000
   -10.80675     0.00000     0.00000     0.00000     0.00000
   -10.72775     0.00000     0.00000     0.00000     0.00000
   -10.64975     0.00000     0.00000     0.00000     0.00000
   -10.57075     0.00000     0.00000     0.00000     0.00000
   -10.49275     0.00000     0.00000     0.00000     0.00000
   -10.41375     0.00000     0.00000     0.00000     0.00000
   -10.33575     0.00000     0.00000     0.00000     0.00000
   -10.25775     0.00000     0.00000     0.00000     0.00000
   -10.17875     0.00000     0.00000     0.00000     0.00000
   -10.10075     0.00000     0.00000     0.00000     0.00000
   -10.02175     0.00000     0.00000     0.00000     0.00000
    -9.94375     0.00001     0.00010     0.00000     0.00011
    -9.86475     0.00263     0.04367     0.00000     0.04630
    -9.78675     0.02777     0.39139     0.00000     0.41916
    -9.70875     0.04052     0.38864     0.00000     0.42916
    -9.62975     0.00590     0.04974     0.00000     0.05565
    -9.55175     0.03648     0.26138     0.00000     0.29785
    -9.47275     0.09751     0.72575     0.00000     0.82326
    -9.39475     0.12762     1.16911     0.00000     1.29673
    -9.31575     0.34156     3.34370     0.00000     3.68526
    -9.23775     0.24713     2.41228     0.00000     2.65941
    -9.15975     0.10949     1.12256     0.00000     1.23205
    -9.08075     0.23978     2.07009     0.00000     2.30987
    -9.00275     0.24643     1.99063     0.00000     2.23705
    -8.92375     0.18240     1.45111     0.00000     1.63351
    -8.84575     0.18293     1.43413     0.00000     1.61706
    -8.76675     0.26964     1.83683     0.00000     2.10647
    -8.68875     0.20740     1.24087     0.00000     1.44827
    -8.61075     0.47331     2.52724     0.00000     3.00055
    -8.53175     0.59515     2.90370     0.00000     3.49885
    -8.45375     1.04106     4.26200     0.00000     5.30306
    -8.37475     1.25965     4.80720     0.00000     6.06685
    -8.29675     0.53922     1.74759     0.00000     2.28681
    -8.21775     1.10695     3.55475     0.00000     4.66170
    -8.13975     0.98564     3.01260     0.00000     3.99824
    -8.06175     1.29434     3.55220     0.00000     4.84654
    -7.98275     1.00254     2.52970     0.00000     3.53224
    -7.90475     0.58138     1.40523     0.00000     1.98661
    -7.82575     0.25860     0.65671     0.00000     0.91531
    -7.74775     0.63187     1.47608     0.00000     2.10795
    -7.66875     0.81085     1.89155     0.00000     2.70240
    -7.59075     0.60194     1.36155     0.00000     1.96349
    -7.51275     0.59197     1.21518     0.00000     1.80715
    -7.43375     0.38393     0.80898     0.00000     1.19291
    -7.35575     0.43000     0.98787     0.00000     1.41787
    -7.27675     0.34906     0.81224     0.00000     1.16130
    -7.19875     0.20391     0.43929     0.00000     0.64320
    -7.11975     1.39704     2.94294     0.00000     4.33998
    -7.04175     1.59100     3.52001     0.00000     5.11101
    -6.96275     0.24958     1.25874     0.00000     1.50832
    -6.88475     0.49103     2.03922     0.00000     2.53025
    -6.80675     0.54439     2.09775     0.00000     2.64214
    -6.72775     0.26763     2.39324     0.00000     2.66087
    -6.64975     0.21349     3.84713     0.00000     4.06062
    -6.57075     0.29953     4.16140     0.00000     4.46094
    -6.49275     0.35674     1.85001     0.00000     2.20675
    -6.41375     0.51597     3.61281     0.00000     4.12878
    -6.33575     0.88132     3.51453     0.00000     4.39585
    -6.25775     0.26653     0.79571     0.00000     1.06224
    -6.17875     0.28660     2.20493     0.00000     2.49153
    -6.10075     0.19765     3.48338     0.00000     3.68102
    -6.02175     0.72082     4.08410     0.00000     4.80492
    -5.94375     0.96970     5.68680     0.00000     6.65650
    -5.86475     0.49782     3.12692     0.00000     3.62474
    -5.78675     0.04657     1.05304     0.00000     1.09961
    -5.70875     0.11945     0.35997     0.00000     0.47942
    -5.62975     0.86798     2.34890     0.00000     3.21688
    -5.55175     0.43589     4.66500     0.00000     5.10089
    -5.47275     0.19257     3.23520     0.00000     3.42777
    -5.39475     0.43229     3.27280     0.00000     3.70509
    -5.31575     0.45446     4.12270     0.00000     4.57716
    -5.23775     0.28596     4.48020     0.00000     4.76616
    -5.15975     0.21408     2.34278     0.00000     2.55686
    -5.08075     0.46687     5.08420     0.00000     5.55107
    -5.00275     0.24007     4.51690     0.00000     4.75697
    -4.92375     0.19125     4.10530     0.00000     4.29655
    -4.84575     0.24343     3.70660     0.00000     3.95004
    -4.76675     0.55219     5.24450     0.00000     5.79669
    -4.68875     0.45087     7.11190     0.00000     7.56277
    -4.61075     0.50451     7.13250     0.00000     7.63701
    -4.53175     0.55428     6.32840     0.00000     6.88268
    -4.45375     0.28554     5.03150     0.00000     5.31704
    -4.37475     0.13689     5.36270     0.00000     5.49959
    -4.29675     0.15005     4.94030     0.00000     5.09035
    -4.21775     0.31893     4.60640     0.00000     4.92533
    -4.13975     0.53846     7.26070     0.00000     7.79916
    -4.06175     0.52467     9.15100     0.00000     9.67567
    -3.98275     0.21881     6.19920     0.00000     6.41801
    -3.90475     0.36072     8.09790     0.00000     8.45862
    -3.82575     0.30834     5.97220     0.00000     6.28054
    -3.74775     0.06108     1.05106     0.00000     1.11214
    -3.66875     0.29030     4.88110     0.00000     5.17140
    -3.59075     0.15732     5.96370     0.00000     6.12102
    -3.51175     0.15868     5.28180     0.00000     5.44048
    -3.43375     0.24981     9.12970     0.00000     9.37951
    -3.35575     0.39571    12.04470     0.00000    12.44041
    -3.27675     0.24411     6.73740     0.00000     6.98151
    -3.19875     0.20676     7.33900     0.00000     7.54575
    -3.11975     0.07433     5.32250     0.00000     5.39683
    -3.04175     0.07946     9.03920     0.00000     9.11866
    -2.96275     0.09459     7.19330     0.00000     7.28789
    -2.88475     0.20042     6.41830     0.00000     6.61872
    -2.80675     0.21584     7.74510     0.00000     7.96094
    -2.72775     0.06967     6.13190     0.00000     6.20157
    -2.64975     0.01196     5.34200     0.00000     5.35396
    -2.57075     0.01112     4.26650     0.00000     4.27762
    -2.49275     0.03626     3.50815     0.00000     3.54441
    -2.41375     0.04303     3.71860     0.00000     3.76163
    -2.33575     0.02866     5.48180     0.00000     5.51046
    -2.25775     0.07916     5.46713     0.00000     5.54629
    -2.17875     0.06288     6.21620     0.00000     6.27908
    -2.10075     0.01298     2.58737     0.00000     2.60035
    -2.02175     0.01153     1.80895     0.00000     1.82048
    -1.94375     0.00609     2.69697     0.00000     2.70306
    -1.86475     0.01728     3.82499     0.00000     3.84227
    -1.78675     0.00527     2.32604     0.00000     2.33131
    -1.70875     0.00006     1.05170     0.00000     1.05176
    -1.62975     0.00001     1.68483     0.00000     1.68484
    -1.55175     0.00008     1.83405     0.00000     1.83414
    -1.47275     0.00002     0.50796     0.00000     0.50798
    -1.39475     0.00002     1.59446     0.00000     1.59448
    -1.31575     0.00001     0.73515     0.00000     0.73516
    -1.23775     0.00000     0.00771     0.00000     0.00771
    -1.15975     0.00000     0.00000     0.00000     0.00000
    -1.08075     0.00000     0.00000     0.00000     0.00000
    -1.00275     0.00000     0.00000     0.00000     0.00000
    -0.92375     0.00000     0.00000     0.00000     0.00000
    -0.84575     0.00000     0.00000     0.00000     0.00000
    -0.76675     0.00000     0.00000     0.00000     0.00000
    -0.68875     0.00000     0.00000     0.00000     0.00000
    -0.60975     0.00000     0.00000     0.00000     0.00000
    -0.53175     0.00003     0.00006     0.00000     0.00009
    -0.45375     0.00842     0.01989     0.00000     0.02832
    -0.37475     0.05011     0.12044     0.00000     0.17055
    -0.29675     0.10499     0.33996     0.00000     0.44495
    -0.21775     0.11422     0.38340     0.00000     0.49763
    -0.13975     0.03911     0.19767     0.00000     0.23678
    -0.06075     0.13218     0.74109     0.00000     0.87327
     0.01725     0.37977     2.37056     0.00000     2.75033
     0.09525     0.36110     2.32898     0.00000     2.69007
     0.17425     0.20754     1.34010     0.00000     1.54764
     0.25225     0.01115     0.07245     0.00000     0.08360
     0.33125     0.00001     0.00006     0.00000     0.00007
     0.40925     0.00000     0.00000     0.00000     0.00000
     0.48825     0.00000     0.00000     0.00000     0.00000
     0.56625     0.00000     0.00000     0.00000     0.00000
     0.64425     0.00000     0.00000     0.00000     0.00000
     0.72325     0.00000     0.00000     0.00000     0.00000
     0.80125     0.00000     0.00000     0.00000     0.00000
     0.88025     0.00000     0.00000     0.00000     0.00000
     0.95825     0.00012     0.00004     0.00000     0.00016
     1.03725     0.02999     0.01058     0.00000     0.04057
     1.11525     0.14054     0.04959     0.00000     0.19014
     1.19325     0.02182     0.00771     0.00000     0.02953
     1.27225     0.03920     0.01998     0.00000     0.05918
     1.35025     0.36331     0.18859     0.00000     0.55189
     1.42925     0.13093     0.07509     0.00000     0.20603
     1.50725     0.28895     0.23704     0.00000     0.52599
     1.58625     0.31580     0.23813     0.00000     0.55392
     1.66425     0.06726     0.04580     0.00000     0.11306
     1.74225     0.40150     0.28055     0.00000     0.68205
     1.82125     0.16857     0.12604     0.00000     0.29460
     1.89925     0.22595     0.16752     0.00000     0.39348
     1.97825     0.27967     0.16596     0.00000     0.44563
     2.05625     0.01656     0.00748     0.00000     0.02404
     2.13525     0.07695     0.14723     0.00000     0.22418
     2.21325     0.70612     1.33455     0.00000     2.04067
     2.29125     0.30644     0.71148     0.00000     1.01793
     2.37025     0.30045     0.54048     0.00000     0.84093
     2.44825     0.53818     1.20792     0.00000     1.74610
     2.52725     0.39004     0.95924     0.00000     1.34928
     2.60525     0.48108     0.58382     0.00000     1.06490
     2.68425     0.60644     0.95571     0.00000     1.56215
     2.76225     0.23597     0.52081     0.00000     0.75678
     2.84125     0.24398     0.48997     0.00000     0.73395
     2.91925     0.59961     1.21695     0.00000     1.81656
     2.99725     0.61767     1.10598     0.00000     1.72365
     3.07625     0.38754     0.53758     0.00000     0.92512
     3.15425     0.41988     0.68343     0.00000     1.10332
     3.23325     0.54177     0.97525     0.00000     1.51702
     3.31125     0.35430     0.93981     0.00000     1.29411
     3.39025     0.50189     0.96538     0.00000     1.46727
     3.46825     0.71442     1.32837     0.00000     2.04279
     3.54625     0.47284     1.02842     0.00000     1.50126
     3.62525     0.44330     0.67865     0.00000     1.12195
     3.70325     0.52377     0.44981     0.00000     0.97358
     3.78225     1.14871     1.33525     0.00000     2.48396
     3.86025     0.81727     1.20728     0.00000     2.02455
     3.93925     0.74286     1.05052     0.00000     1.79338
     4.01725     0.73271     1.44897     0.00000     2.18168
     4.09525     0.61336     1.29951     0.00000     1.91287
     4.17425     0.41245     1.00159     0.00000     1.41404
     4.25225     0.15620     0.50814     0.00000     0.66434
     4.33125     0.25527     0.79099     0.00000     1.04626
     4.40925     0.45878     1.20239     0.00000     1.66117
     4.48825     0.44556     1.34267     0.00000     1.78823
     4.56625     0.21255     0.65436     0.00000     0.86691
     4.64425     0.11293     0.11616     0.00000     0.22909
     4.72325     0.01189     0.01063     0.00000     0.02251
     4.80125     0.00002     0.00002     0.00000     0.00004
     4.88025     0.00000     0.00000     0.00000     0.00000
     4.95825     0.00000     0.00000     0.00000     0.00000
     5.03725     0.00000     0.00000     0.00000     0.00000
     5.11525     0.00000     0.00000     0.00000     0.00000
     5.19325     0.00000     0.00000     0.00000     0.00000
     5.27225     0.00000     0.00000     0.00000     0.00000
     5.35025     0.00000     0.00000     0.00000     0.00000
     5.42925     0.00000     0.00000     0.00000     0.00000
     5.50725     0.00000     0.00000     0.00000     0.00000
     5.58625     0.00000     0.00000     0.00000     0.00000
     5.66425     0.00000     0.00000     0.00000     0.00000
