# freq_THz  kappa_Wm-1K-1THz-1  kappa_err  G_Wm-2K-1THz-1  G_err  lambda_m  lambda_err_m
1.2732395400e-01 1.5742289500e+00 4.5474293300e-01 2.9803628977e+05 9.2794273369e+04 5.2820042527e-06 2.2433563563e-06
1.5915494300e-01 1.5788677700e+00 4.5416088100e-01 3.1863118778e+05 8.2760417588e+04 4.9551576573e-06 1.9204407038e-06
1.9098593200e-01 1.5844960400e+00 4.5346230400e-01 3.4387519197e+05 7.3943014139e+04 4.6077649014e-06 1.6494277145e-06
2.2281692000e-01 1.5911096500e+00 4.5267682400e-01 3.7415347465e+05 6.9086031101e+04 4.2525587968e-06 1.4423427842e-06
2.5464790900e-01 1.5986694200e+00 4.5180407000e-01 4.0897257843e+05 6.9950855416e+04 3.9089892680e-06 1.2912966080e-06
2.8647889800e-01 1.6071656300e+00 4.5087774000e-01 4.4845913750e+05 7.7065548202e+04 3.5837504370e-06 1.1790194866e-06
3.1830988600e-01 1.6165510600e+00 4.4990060900e-01 4.9191565655e+05 8.8013996818e+04 3.2862362449e-06 1.0872852038e-06
3.5014087500e-01 1.6268095600e+00 4.4890867400e-01 5.3921765465e+05 1.0042954883e+05 3.0169812616e-06 1.0044076088e-06
3.8197186300e-01 1.6378920800e+00 4.4791458300e-01 5.8961963580e+05 1.1212614609e+05 2.7778791284e-06 9.2528553708e-07
4.1380285200e-01 1.6497691100e+00 4.4695111300e-01 6.4293870120e+05 1.2139461533e+05 2.5659819621e-06 8.4734240550e-07
4.4563384100e-01 1.6623945400e+00 4.4603784300e-01 6.9865817317e+05 1.2733335850e+05 2.3794104239e-06 7.7177702614e-07
4.7746482900e-01 1.6757179900e+00 4.4519827300e-01 7.5687279711e+05 1.2889644491e+05 2.2140021367e-06 6.9867940823e-07
5.0929581800e-01 1.6897074900e+00 4.4447146800e-01 8.1755004818e+05 1.2604413574e+05 2.0667939458e-06 6.3016109574e-07
5.4112680700e-01 1.7043005000e+00 4.4387629100e-01 8.8139795185e+05 1.1838470213e+05 1.9336333791e-06 5.6663033523e-07
5.7295779500e-01 1.7194558700e+00 4.4344615900e-01 9.4894212207e+05 1.0662434093e+05 1.8119712783e-06 5.0973110150e-07
6.0478878400e-01 1.7351123800e+00 4.4320356900e-01 1.0216540573e+06 9.1289173379e+04 1.6983365040e-06 4.5958691948e-07
6.3661977200e-01 1.7512165100e+00 4.4317790500e-01 1.1004335852e+06 7.4159373521e+04 1.5913877344e-06 4.1676517975e-07
6.6845076100e-01 1.7677134100e+00 4.4339640300e-01 1.1873527773e+06 5.8468137158e+04 1.4887853415e-06 3.8056086942e-07
7.0028175000e-01 1.7845446300e+00 4.4388401900e-01 1.2832517418e+06 5.0391231996e+04 1.3906426712e-06 3.5018963501e-07
7.3211273800e-01 1.8016514100e+00 4.4466610600e-01 1.3903439514e+06 5.7829111138e+04 1.2958314438e-06 3.2433428513e-07
7.6394372700e-01 1.8189763800e+00 4.4576561400e-01 1.5088761227e+06 7.7697480128e+04 1.2055173733e-06 3.0188030744e-07
7.9577471500e-01 1.8364519200e+00 4.4719666000e-01 1.6405819394e+06 1.0490432316e+05 1.1193905503e-06 2.8182526433e-07
8.2760570400e-01 1.8540196500e+00 4.4897731000e-01 1.7847090257e+06 1.3600637441e+05 1.0388358121e-06 2.6373125568e-07
8.5943669300e-01 1.8716110800e+00 4.5111826800e-01 1.9419783469e+06 1.7042481951e+05 9.6376516402e-07 2.4721653057e-07
8.9126768100e-01 1.8891757700e+00 4.5363641200e-01 2.1105570429e+06 2.0786710702e+05 8.9510765717e-07 2.3231389877e-07
9.2309867000e-01 1.9066439900e+00 4.5653712800e-01 2.2899390809e+06 2.4884042171e+05 8.3261777831e-07 2.1893664831e-07
9.5492965900e-01 1.9239439900e+00 4.5981446500e-01 2.4775518484e+06 2.9328291494e+05 7.7655044483e-07 2.0711035013e-07
9.8676064700e-01 1.9410328300e+00 4.6348372300e-01 2.6718946852e+06 3.4150224925e+05 7.2646307534e-07 1.9675344389e-07
1.0185916400e+00 1.9578336600e+00 4.6752892100e-01 2.8703349610e+06 3.9295771683e+05 6.8209239918e-07 1.8775200918e-07
1.0504226200e+00 1.9742965000e+00 4.7195146400e-01 3.0710264130e+06 4.4734059383e+05 6.4287838478e-07 1.7996249533e-07
1.0822536100e+00 1.9903521000e+00 4.7673662600e-01 3.2720595975e+06 5.0366123678e+05 6.0828723949e-07 1.7319149041e-07
1.1140846000e+00 2.0059497200e+00 4.8186958800e-01 3.4720999570e+06 5.6106277754e+05 5.7773386274e-07 1.6726131841e-07
1.1459155900e+00 2.0210294600e+00 4.8734062500e-01 3.6705547797e+06 6.1842210977e+05 5.5060599319e-07 1.6196819106e-07
1.1777465800e+00 2.0355290700e+00 4.9311995000e-01 3.8673753869e+06 6.7460392506e+05 5.2633346039e-07 1.5712229002e-07
1.2095775700e+00 2.0494080000e+00 4.9919889800e-01 4.0634702888e+06 7.2867507477e+05 5.0434920261e-07 1.5255129591e-07
1.2414085600e+00 2.0626018600e+00 5.0554384800e-01 4.2604745888e+06 7.7947037326e+05 4.8412490605e-07 1.4807113991e-07
1.2732395400e+00 2.0750647600e+00 5.1213201100e-01 4.4605021557e+06 8.2642450788e+05 4.6520877864e-07 1.4356716197e-07
1.3050705300e+00 2.0867454100e+00 5.1893346800e-01 4.6667614059e+06 8.6848678851e+05 4.4715065299e-07 1.3888727969e-07
1.3369015200e+00 2.0976083500e+00 5.2592376500e-01 4.8818632794e+06 9.0549374517e+05 4.2967371882e-07 1.3400483188e-07
1.3687325100e+00 2.1075988700e+00 5.3306640900e-01 5.1100842718e+06 9.3658945363e+05 4.1243916105e-07 1.2882636926e-07
1.4005635000e+00 2.1166918800e+00 5.4034009700e-01 5.3536399892e+06 9.6195655944e+05 3.9537434050e-07 1.2342494172e-07
1.4323944900e+00 2.1248312100e+00 5.4770240000e-01 5.6171012168e+06 9.8098371695e+05 3.7827896062e-07 1.1777884091e-07
1.4642254800e+00 2.1320003600e+00 5.5513259300e-01 5.9015990029e+06 9.9416718428e+05 3.6125808598e-07 1.1203437636e-07
1.4960564700e+00 2.1381466300e+00 5.6258313700e-01 6.2111907491e+06 1.0012186843e+06 3.4424101857e-07 1.0622208316e-07
1.5278874500e+00 2.1432603000e+00 5.7003349300e-01 6.5455208281e+06 1.0029851069e+06 3.2743923001e-07 1.0050721890e-07
1.5597184400e+00 2.1472965700e+00 5.7744332600e-01 6.9076383901e+06 9.9969970524e+05 3.1085827728e-07 9.4931977777e-08
1.5915494300e+00 2.1502539200e+00 5.8478749300e-01 7.2956560114e+06 9.9262572583e+05 2.9473071601e-07 8.9626683055e-08
1.6233804200e+00 2.1520955700e+00 5.9202659800e-01 7.7113341378e+06 9.8272618215e+05 2.7908213177e-07 8.4611585612e-08
1.6552114100e+00 2.1528140700e+00 5.9913292700e-01 8.1515711803e+06 9.7172699018e+05 2.6409805207e-07 7.9957843075e-08
1.6870424000e+00 2.1524010800e+00 6.0607849700e-01 8.6167708439e+06 9.6145610509e+05 2.4979207629e-07 7.5658025688e-08
1.7188733900e+00 2.1508302500e+00 6.1282197600e-01 9.1030367303e+06 9.5379024936e+05 2.3627612562e-07 7.1728242128e-08
1.7507043700e+00 2.1481090300e+00 6.1934256000e-01 9.6094703717e+06 9.5100878237e+05 2.2354083492e-07 6.8142413586e-08
1.7825353600e+00 2.1442230900e+00 6.2560598300e-01 1.0131725607e+07 9.5431012431e+05 2.1163454018e-07 6.4885139947e-08
1.8143663500e+00 2.1391839100e+00 6.3158960800e-01 1.0667676481e+07 9.6515650529e+05 2.0052950741e-07 6.1923380799e-08
1.8461973400e+00 2.1329835500e+00 6.3726021500e-01 1.1212788441e+07 9.8285126232e+05 1.9022775301e-07 5.9228889484e-08
1.8780283300e+00 2.1256470800e+00 6.4260018500e-01 1.1763758208e+07 1.0065313863e+06 1.8069455717e-07 5.6771173787e-08
1.9098593200e+00 2.1171631900e+00 6.4757542500e-01 1.2316150010e+07 1.0333097146e+06 1.7190138057e-07 5.4521494799e-08
1.9416903100e+00 2.1075495200e+00 6.5216519900e-01 1.2865597126e+07 1.0597240913e+06 1.6381280241e-07 5.2455720868e-08
1.9735212900e+00 2.0968365200e+00 6.5635463500e-01 1.3408144576e+07 1.0817663501e+06 1.5638528568e-07 5.0551795962e-08
2.0053522800e+00 2.0850157200e+00 6.6010811000e-01 1.3938776190e+07 1.0943848241e+06 1.4958384377e-07 4.8792216339e-08
2.0371832700e+00 2.0721345800e+00 6.6342090500e-01 1.4454504508e+07 1.0940770762e+06 1.4335562861e-07 4.7162370303e-08
2.0690142600e+00 2.0582105400e+00 6.6626928900e-01 1.4950386712e+07 1.0756275235e+06 1.3766938472e-07 4.5652781204e-08
2.1008452500e+00 2.0432646300e+00 6.6863586700e-01 1.5425063087e+07 1.0373140987e+06 1.3246393991e-07 4.4253214105e-08
2.1326762400e+00 2.0273259300e+00 6.7050432200e-01 1.5874511999e+07 9.7517893236e+05 1.2770949621e-07 4.2960202983e-08
2.1645072300e+00 2.0104269100e+00 6.7186203100e-01 1.6299521807e+07 8.9015540727e+05 1.2334269274e-07 4.1766506256e-08
2.1963382100e+00 1.9926046600e+00 6.7270131600e-01 1.6697882395e+07 7.8105881448e+05 1.1933277603e-07 4.0671485295e-08
2.2281692000e+00 1.9738932300e+00 6.7300785700e-01 1.7072584113e+07 6.5239292596e+05 1.1561771885e-07 3.9667194774e-08
2.2600001900e+00 1.9543371300e+00 6.7277910000e-01 1.7423726013e+07 5.0915484358e+05 1.1216528133e-07 3.8751679509e-08
2.2918311800e+00 1.9339670900e+00 6.7200114000e-01 1.7755915350e+07 3.6622420281e+05 1.0891959394e-07 3.7913222802e-08
2.3236621700e+00 1.9128282200e+00 6.7067698400e-01 1.8071397398e+07 2.6642834922e+05 1.0584838449e-07 3.7145419002e-08
2.3554931600e+00 1.8909648100e+00 6.6880226800e-01 1.8375323550e+07 2.8086662941e+05 1.0290783751e-07 3.6430734298e-08
2.3873241500e+00 1.8684264700e+00 6.6637573100e-01 1.8671076804e+07 4.0838478700e+05 1.0007063276e-07 3.5757322003e-08
2.4191551300e+00 1.8452489800e+00 6.6339677600e-01 1.8963039117e+07 5.7095858507e+05 9.7307660898e-08 3.5106144642e-08
2.4509861200e+00 1.8214833000e+00 6.5986941900e-01 1.9254377707e+07 7.3637027235e+05 9.4600995562e-08 3.4461578572e-08
2.4828171100e+00 1.7971722500e+00 6.5579628700e-01 1.9547529456e+07 8.9038641713e+05 9.1938587637e-08 3.3809170083e-08
2.5146481000e+00 1.7723814000e+00 6.5119615000e-01 1.9844117350e+07 1.0234884072e+06 8.9315204539e-08 3.3137326898e-08
2.5464790900e+00 1.7471406100e+00 6.4606413900e-01 2.0144195912e+07 1.1319711777e+06 8.6731712582e-08 3.2440175762e-08
2.5783100800e+00 1.7215057500e+00 6.4041358400e-01 2.0447204111e+07 1.2101253646e+06 8.4192720953e-08 3.1714228989e-08
2.6101410700e+00 1.6955312300e+00 6.3426347300e-01 2.0751293845e+07 1.2585326555e+06 8.1707253663e-08 3.0964106168e-08
2.6419720600e+00 1.6692576700e+00 6.2761877900e-01 2.1054039766e+07 1.2746075219e+06 7.9284436079e-08 3.0193852377e-08
2.6738030400e+00 1.6427471300e+00 6.2050586400e-01 2.1352994252e+07 1.2623368644e+06 7.6932869957e-08 2.9413187428e-08
2.7056340300e+00 1.6160333100e+00 6.1293142100e-01 2.1645239768e+07 1.2226670142e+06 7.4659986553e-08 2.8629466085e-08
2.7374650200e+00 1.5891771200e+00 6.0492393600e-01 2.1929407015e+07 1.1622106293e+06 7.2467856469e-08 2.7851137380e-08
2.7692960100e+00 1.5622205400e+00 5.9649596900e-01 2.2203861734e+07 1.0855775272e+06 7.0358055670e-08 2.7083852724e-08
2.8011270000e+00 1.5352164800e+00 5.8767700300e-01 2.2469719278e+07 1.0010263268e+06 6.8323794392e-08 2.6330701155e-08
2.8329579900e+00 1.5082072200e+00 5.7848749700e-01 2.2728277293e+07 9.1652835430e+05 6.6358184588e-08 2.5592604658e-08
2.8647889800e+00 1.4812343200e+00 5.6894680300e-01 2.2983492802e+07 8.4047437168e+05 6.4447746596e-08 2.4866519004e-08
2.8966199600e+00 1.4543547200e+00 5.5909305700e-01 2.3240374226e+07 7.8199395848e+05 6.2578799543e-08 2.4148949096e-08
2.9284509500e+00 1.4275987500e+00 5.4893977400e-01 2.3504888790e+07 7.4531732113e+05 6.0736247798e-08 2.3433554519e-08
2.9602819400e+00 1.4010107000e+00 5.3851956300e-01 2.3785238320e+07 7.3383617349e+05 5.8902529425e-08 2.2713731585e-08
2.9921129300e+00 1.3746386800e+00 5.2786845700e-01 2.4087576611e+07 7.4274808396e+05 5.7068367740e-08 2.1985090872e-08
3.0239439200e+00 1.3485154600e+00 5.1700847400e-01 2.4421581991e+07 7.6741602543e+05 5.5218186132e-08 2.1241136696e-08
3.0557749100e+00 1.3226764400e+00 5.0597118600e-01 2.4791392233e+07 8.0024297146e+05 5.3352245311e-08 2.0481678335e-08
3.0876059000e+00 1.2971597400e+00 4.9478863300e-01 2.5205803984e+07 8.3630602731e+05 5.1462740121e-08 1.9704070406e-08
3.1194368800e+00 1.2719978400e+00 4.8349043800e-01 2.5665228178e+07 8.7183702543e+05 4.9561135058e-08 1.8913425804e-08
3.1512678700e+00 1.2472208400e+00 4.7210933300e-01 2.6175472014e+07 9.0473262866e+05 4.7648456513e-08 1.8111361305e-08
3.1830988600e+00 1.2228604200e+00 4.6067561000e-01 2.6732525389e+07 9.3434350407e+05 4.5744290978e-08 1.7306785510e-08
3.2149298500e+00 1.1989405500e+00 4.4922108500e-01 2.7338002329e+07 9.6013012038e+05 4.3856187280e-08 1.6504140993e-08
3.2467608400e+00 1.1754896600e+00 4.3777719000e-01 2.7984214748e+07 9.8220981083e+05 4.2005454524e-08 1.5713039560e-08
3.2785918300e+00 1.1525285900e+00 4.2637511100e-01 2.8668575491e+07 9.9978467916e+05 4.0201808784e-08 1.4938494847e-08
3.3104228200e+00 1.1300778200e+00 4.1504495200e-01 2.9381507958e+07 1.0122724764e+06 3.8462213091e-08 1.4188077425e-08
3.3422538000e+00 1.1081587600e+00 4.0381525700e-01 3.0117410406e+07 1.0175681576e+06 3.6794622946e-08 1.3465542703e-08
3.3740847900e+00 1.0867854000e+00 3.9271708700e-01 3.0866901753e+07 1.0141512745e+06 3.5208762081e-08 1.2775400754e-08
3.4059157800e+00 1.0659713600e+00 3.8177720600e-01 3.1622965829e+07 9.9874741199e+05 3.3708772471e-08 1.2119633396e-08
3.4377467700e+00 1.0457301900e+00 3.7102195700e-01 3.2378128564e+07 9.6998217619e+05 3.2297425342e-08 1.1499806822e-08
3.4695777600e+00 1.0260710900e+00 3.6047821700e-01 3.3125465682e+07 9.2487615924e+05 3.0975295558e-08 1.0916520038e-08
3.5014087500e+00 1.0070017800e+00 3.5016834600e-01 3.3860082751e+07 8.6415426014e+05 2.9740086207e-08 1.0369442600e-08
3.5332397400e+00 9.8852844600e-01 3.4011567000e-01 3.4575763269e+07 7.8831823067e+05 2.8590213275e-08 9.8583973338e-09
3.5650707300e+00 9.7065394200e-01 3.3034052600e-01 3.5269928094e+07 7.0364621848e+05 2.7520723587e-08 9.3821464768e-09
3.5969017100e+00 9.5337908300e-01 3.2086176500e-01 3.5936887560e+07 6.2148469191e+05 2.6529261373e-08 8.9402592893e-09
3.6287327000e+00 9.3670494400e-01 3.1169454800e-01 3.6575437069e+07 5.6107184895e+05 2.5610218744e-08 8.5310144703e-09
3.6605636900e+00 9.2062716600e-01 3.0285352000e-01 3.7179682534e+07 5.5178437489e+05 2.4761566083e-08 8.1539578206e-09
3.6923946800e+00 9.0514246200e-01 2.9435036900e-01 3.7748832713e+07 6.0512644768e+05 2.3978025198e-08 7.8070698634e-09
3.7242256700e+00 8.9024236500e-01 2.8619435800e-01 3.8276269361e+07 7.1638611043e+05 2.3258336820e-08 7.4897311967e-09
3.7560566600e+00 8.7592188400e-01 2.7839074900e-01 3.8761303184e+07 8.5921810561e+05 2.2597844036e-08 7.1996297776e-09
3.7878876500e+00 8.6217065600e-01 2.7094379400e-01 3.9196444913e+07 1.0147115177e+06 2.1996144240e-08 6.9358730177e-09
3.8197186300e+00 8.4897661300e-01 2.6385554500e-01 3.9581958030e+07 1.1672550931e+06 2.1448575443e-08 6.6959965202e-09
3.8515496200e+00 8.3632789900e-01 2.5712324500e-01 3.9910229780e+07 1.3051849155e+06 2.0955226357e-08 6.4788852707e-09
3.8833806100e+00 8.2421047600e-01 2.5074209000e-01 4.0183573073e+07 1.4224066032e+06 2.0511129623e-08 6.2820129395e-09
3.9152116000e+00 8.1260840700e-01 2.4470622500e-01 4.0396021005e+07 1.5119242680e+06 2.0116050710e-08 6.1042898169e-09
3.9470425900e+00 8.0150604100e-01 2.3900647900e-01 4.0552738739e+07 1.5735453539e+06 1.9764535416e-08 5.9434070563e-09
3.9788735800e+00 7.9088595100e-01 2.3363088000e-01 4.0650833849e+07 1.6046785062e+06 1.9455589864e-08 5.7983460938e-09
4.0107045700e+00 7.8072892100e-01 2.2856706600e-01 4.0698568821e+07 1.6093629475e+06 1.9183203331e-08 5.6670947241e-09
4.0425355500e+00 7.7101512400e-01 2.2380039300e-01 4.0697005275e+07 1.5890817009e+06 1.8945254541e-08 5.5487180938e-09
4.0743665400e+00 7.6172629200e-01 2.1931340900e-01 4.0656319197e+07 1.5501907710e+06 1.8735741628e-08 5.4414226589e-09
4.1061975300e+00 7.5283994300e-01 2.1509076000e-01 4.0580702754e+07 1.4967123110e+06 1.8551673379e-08 5.3443030599e-09
4.1380285200e+00 7.4433602200e-01 2.1111372800e-01 4.0480168525e+07 1.4343437159e+06 1.8387671028e-08 5.2557786181e-09
4.1698595100e+00 7.3619028000e-01 2.0736552400e-01 4.0360076511e+07 1.3666051010e+06 1.8240557096e-08 5.1748771913e-09
4.2016905000e+00 7.2838317700e-01 2.0382606600e-01 4.0227745273e+07 1.2963945220e+06 1.8106487750e-08 5.1002915503e-09
4.2335214900e+00 7.2089145700e-01 2.0047906100e-01 4.0086803600e+07 1.2242427091e+06 1.7983261130e-08 5.0311891092e-09
4.2653524700e+00 7.1369180700e-01 1.9730683800e-01 3.9940011324e+07 1.1497644942e+06 1.7869093757e-08 4.9667894349e-09
4.2971834600e+00 7.0676188300e-01 1.9429357400e-01 3.9786858743e+07 1.0712479482e+06 1.7763701517e-08 4.9067263134e-09
4.3290144500e+00 7.0008060100e-01 1.9142234900e-01 3.9625178906e+07 9.8753368566e+05 1.7667569468e-08 4.8508507385e-09
4.3608454400e+00 6.9362300200e-01 1.8867937700e-01 3.9449102502e+07 8.9747720505e+05 1.7582732128e-08 4.7995542448e-09
4.3926764300e+00 6.8736993900e-01 1.8605176200e-01 3.9252832898e+07 8.0160635159e+05 1.7511346016e-08 4.7533014899e-09
4.4245074200e+00 6.8129740200e-01 1.8352790400e-01 3.9026181729e+07 7.0122770272e+05 1.7457444511e-08 4.7131364805e-09
4.4563384100e+00 6.7538390700e-01 1.8109698500e-01 3.8762927067e+07 5.9925198281e+05 1.7423449623e-08 4.6796703664e-09
4.4881694000e+00 6.6960797100e-01 1.7875098700e-01 3.8451067817e+07 4.9943267406e+05 1.7414548126e-08 4.6542908788e-09
4.5200003800e+00 6.6395158400e-01 1.7648035000e-01 3.8087163449e+07 4.0560636814e+05 1.7432424047e-08 4.6373087778e-09
4.5518313700e+00 6.5839383300e-01 1.7428066900e-01 3.7661870260e+07 3.2275044053e+05 1.7481708382e-08 4.6299340877e-09
4.5836623600e+00 6.5291456000e-01 1.7214580600e-01 3.7177272757e+07 2.5439550584e+05 1.7562196245e-08 4.6319635550e-09
4.6154933500e+00 6.4749531500e-01 1.7007323500e-01 3.6629803990e+07 2.0619093942e+05 1.7676734366e-08 4.6440948911e-09
4.6473243400e+00 6.4211796300e-01 1.6805850700e-01 3.6028724405e+07 1.8058188313e+05 1.7822389596e-08 4.6654252657e-09
4.6791553300e+00 6.3676917100e-01 1.6610087700e-01 3.5377955949e+07 1.8058626406e+05 1.7999037930e-08 4.6959376921e-09
4.7109863200e+00 6.3143030000e-01 1.6420053900e-01 3.4692486655e+07 2.0043013633e+05 1.8200779503e-08 4.7341967332e-09
4.7428173000e+00 6.2608624800e-01 1.6235558200e-01 3.3983966225e+07 2.3479221009e+05 1.8422989355e-08 4.7791123899e-09
4.7746482900e+00 6.2072368100e-01 1.6056820200e-01 3.3269319399e+07 2.7664833501e+05 1.8657540707e-08 4.8288075845e-09
4.8064792800e+00 6.1532952200e-01 1.5883909200e-01 3.2565018880e+07 3.2105155287e+05 1.8895414256e-08 4.8811546757e-09
4.8383102700e+00 6.0989113100e-01 1.5716974500e-01 3.1885640789e+07 3.6315316374e+05 1.9127454111e-08 4.9339816143e-09
4.8701412600e+00 6.0439833600e-01 1.5556044300e-01 3.1248077590e+07 3.9844996930e+05 1.9341936612e-08 4.9843460293e-09
4.9019722500e+00 5.9884165900e-01 1.5401413200e-01 3.0660370462e+07 4.2487617272e+05 1.9531455425e-08 5.0305176498e-09
4.9338032400e+00 5.9321016800e-01 1.5253170600e-01 3.0135024332e+07 4.4178654759e+05 1.9685073470e-08 5.0698291019e-09
4.9656342200e+00 5.8749754500e-01 1.5111528700e-01 2.9671089347e+07 4.5393769164e+05 1.9800336217e-08 5.1020152783e-09
4.9974652100e+00 5.8169747100e-01 1.4976571200e-01 2.9273068566e+07 4.7096984544e+05 1.9871421053e-08 5.1261398546e-09
5.0292962000e+00 5.7580381700e-01 1.4848291500e-01 2.8931138888e+07 5.0570233153e+05 1.9902563091e-08 5.1440643296e-09
5.0611271900e+00 5.6981190600e-01 1.4726824000e-01 2.8640451002e+07 5.7257377388e+05 1.9895353811e-08 5.1573267931e-09
5.0929581800e+00 5.6371649600e-01 1.4611956800e-01 2.8384975249e+07 6.7370895532e+05 1.9859678969e-08 5.1693140827e-09
5.1247891700e+00 5.5751733200e-01 1.4503749100e-01 2.8151911669e+07 8.0727333095e+05 1.9803888935e-08 5.1831629067e-09
5.1566201600e+00 5.5121106500e-01 1.4401873700e-01 2.7923604053e+07 9.6146769786e+05 1.9739968521e-08 5.2021916272e-09
5.1884511400e+00 5.4479725500e-01 1.4306110200e-01 2.7682946510e+07 1.1261979815e+06 1.9679886850e-08 5.2294915894e-09
5.2202821300e+00 5.3827678400e-01 1.4216138200e-01 2.7415666973e+07 1.2898656471e+06 1.9633911680e-08 5.2670436259e-09
5.2521131200e+00 5.3164972300e-01 1.4131466300e-01 2.7105370043e+07 1.4416054689e+06 1.9614184280e-08 5.3168723134e-09
5.2839441100e+00 5.2491814400e-01 1.4051731700e-01 2.6745197456e+07 1.5736037077e+06 1.9626631841e-08 5.3793347631e-09
5.3157751000e+00 5.1808547200e-01 1.3976218100e-01 2.6324175259e+07 1.6764376684e+06 1.9680976399e-08 5.4552080675e-09
5.3476060900e+00 5.1115360900e-01 1.3904393400e-01 2.5844846942e+07 1.7470127960e+06 1.9777776597e-08 5.5435681778e-09
5.3794370800e+00 5.0412862100e-01 1.3835523300e-01 2.5304863798e+07 1.7790952002e+06 1.9922202507e-08 5.6440931627e-09
5.4112680700e+00 4.9701439300e-01 1.3768770100e-01 2.4715454955e+07 1.7746007406e+06 2.0109457581e-08 5.7549888738e-09
5.4430990500e+00 4.8981637900e-01 1.3703427900e-01 2.4083770250e+07 1.7318756197e+06 2.0338027390e-08 5.8748562213e-09
5.4749300400e+00 4.8254141900e-01 1.3638679800e-01 2.3426612626e+07 1.6573907654e+06 2.0598002225e-08 6.0014884030e-09
5.5067610300e+00 4.7519426800e-01 1.3573535100e-01 2.2758958999e+07 1.5547562099e+06 2.0879437764e-08 6.1322325960e-09
5.5385920200e+00 4.6778421100e-01 1.3507238900e-01 2.2098681261e+07 1.4339376675e+06 2.1167969504e-08 6.2646688225e-09
5.5704230100e+00 4.6031804400e-01 1.3438841000e-01 2.1464983601e+07 1.3039618458e+06 2.1445068515e-08 6.3949227187e-09
5.6022540000e+00 4.5280276100e-01 1.3367390900e-01 2.0872107682e+07 1.1768118749e+06 2.1694156043e-08 6.5201854883e-09
5.6340849900e+00 4.4524781400e-01 1.3292112100e-01 2.0339015161e+07 1.0658405777e+06 2.1891316294e-08 6.6352014443e-09
5.6659159700e+00 4.3766118200e-01 1.3212139600e-01 1.9872877730e+07 9.8104218311e+05 2.2023040043e-08 6.7366335388e-09
5.6977469600e+00 4.3005237600e-01 1.3126639800e-01 1.9488338956e+07 9.3235908589e+05 2.2067164214e-08 6.8178733263e-09
5.7295779500e+00 4.2242967600e-01 1.3034877300e-01 1.9183983356e+07 9.1725706603e+05 2.2019914642e-08 6.8757542096e-09
5.7614089400e+00 4.1480152200e-01 1.2936071700e-01 1.8967596785e+07 9.3064280125e+05 2.1868955076e-08 6.9039808313e-09
5.7932399300e+00 4.0717958600e-01 1.2829664000e-01 1.8830025145e+07 9.5913703887e+05 2.1623953387e-08 6.9018633869e-09
5.8250709200e+00 3.9957095600e-01 1.2715028800e-01 1.8771748364e+07 9.9207357549e+05 2.1285761361e-08 6.8662710719e-09
5.8569019100e+00 3.9198456600e-01 1.2591686900e-01 1.8778620111e+07 1.0206816190e+06 2.0873981351e-08 6.8006411768e-09
5.8887328900e+00 3.8443186100e-01 1.2459272500e-01 1.8845368332e+07 1.0390325043e+06 2.0399275527e-08 6.7063024203e-09
5.9205638800e+00 3.7692020500e-01 1.2317470500e-01 1.8956626798e+07 1.0455492883e+06 1.9883295115e-08 6.5896074062e-09
5.9523948700e+00 3.6945933900e-01 1.2166058900e-01 1.9104357846e+07 1.0392647695e+06 1.9339008512e-08 6.4545241854e-09
5.9842258600e+00 3.6205796400e-01 1.2005020100e-01 1.9275659541e+07 1.0230133873e+06 1.8783168650e-08 6.3073485079e-09
6.0160568500e+00 3.5472483700e-01 1.1834371300e-01 1.9463118403e+07 9.9956088987e+05 1.8225488313e-08 6.1520293941e-09
6.0478878400e+00 3.4746931100e-01 1.1654387200e-01 1.9658813479e+07 9.7387340662e+05 1.7674988949e-08 5.9926396350e-09
6.0797188300e+00 3.4029851800e-01 1.1465276100e-01 1.9858755984e+07 9.5135196599e+05 1.7135943373e-08 5.8314812331e-09
6.1115498100e+00 3.3322050900e-01 1.1267549300e-01 2.0060716486e+07 9.3697039451e+05 1.6610598591e-08 5.6700517879e-09
6.1433808000e+00 3.2624364400e-01 1.1061854000e-01 2.0265456894e+07 9.3621845128e+05 1.6098509187e-08 5.5089098869e-09
6.1752117900e+00 3.1937564400e-01 1.0849044000e-01 2.0475316637e+07 9.5078188051e+05 1.5598080834e-08 5.3478726553e-09
6.2070427800e+00 3.1262221500e-01 1.0629940300e-01 2.0695344549e+07 9.8219937059e+05 1.5105919800e-08 5.1861841157e-09
6.2388737700e+00 3.0599111700e-01 1.0405815100e-01 2.0929918013e+07 1.0270111956e+06 1.4619795301e-08 5.0232311446e-09
6.2707047600e+00 2.9948883100e-01 1.0177937800e-01 2.1186236948e+07 1.0819657776e+06 1.4136008756e-08 4.8579721926e-09
6.3025357500e+00 2.9312067300e-01 9.9478248100e-02 2.1467660922e+07 1.1412819507e+06 1.3654057331e-08 4.6903754012e-09
6.3343667400e+00 2.8689251300e-01 9.7171859800e-02 2.1780525171e+07 1.1996889574e+06 1.3171974080e-08 4.5200183263e-09
6.3661977200e+00 2.8080915200e-01 9.4879024300e-02 2.2124538191e+07 1.2524204854e+06 1.2692203995e-08 4.3481770927e-09
6.3980287100e+00 2.7487581600e-01 9.2620245800e-02 2.2502091185e+07 1.2945263007e+06 1.2215567600e-08 4.1756334594e-09
6.4298597000e+00 2.6909672000e-01 9.0418288600e-02 2.2907876132e+07 1.3236001155e+06 1.1746908288e-08 4.0049707733e-09
6.4616906900e+00 2.6347521300e-01 8.8296776500e-02 2.3338256386e+07 1.3362464318e+06 1.1289412913e-08 3.8381691316e-09
6.4935216800e+00 2.5801590700e-01 8.6281206500e-02 2.3783232668e+07 1.3328137216e+06 1.0848647474e-08 3.6784055358e-09
6.5253526700e+00 2.5272101400e-01 8.4396999600e-02 2.4232655530e+07 1.3123762384e+06 1.0428944269e-08 3.5282796893e-09
6.5571836600e+00 2.4759337800e-01 8.2670324200e-02 2.4673810324e+07 1.2779217590e+06 1.0034663262e-08 3.3905983494e-09
6.5890146400e+00 2.4263526000e-01 8.1126503300e-02 2.5091285949e+07 1.2314510503e+06 9.6701006276e-09 3.2679006516e-09
6.6208456300e+00 2.3784868200e-01 7.9789649200e-02 2.5472793921e+07 1.1778970859e+06 9.3373613723e-09 3.1619661599e-09
6.6526766200e+00 2.3323504800e-01 7.8680950000e-02 2.5800487019e+07 1.1217546782e+06 9.0399474952e-09 3.0748152978e-09
6.6845076100e+00 2.2879538700e-01 7.7818508900e-02 2.6065850106e+07 1.0681345207e+06 8.7775916023e-09 3.0070481992e-09
6.7163386000e+00 2.2453041900e-01 7.7215757400e-02 2.6252194215e+07 1.0219923879e+06 8.5528248481e-09 2.9600925394e-09
6.7481695900e+00 2.2044098500e-01 7.6880969200e-02 2.6357457650e+07 9.8594207619e+05 8.3635147187e-09 2.9335878599e-09
6.7800005800e+00 2.1652605500e-01 7.6816047900e-02 2.6369580764e+07 9.6236116491e+05 8.2112058184e-09 2.9284283979e-09
6.8118315600e+00 2.1278621700e-01 7.7017465100e-02 2.6294176569e+07 9.4996867023e+05 8.0925225569e-09 2.9436248820e-09
6.8436625500e+00 2.0922107800e-01 7.7475422200e-02 2.6126276568e+07 9.4793712280e+05 8.0080710107e-09 2.9796220366e-09
6.8754935400e+00 2.0582887000e-01 7.8173879600e-02 2.5878551291e+07 9.5337782729e+05 7.9536473153e-09 3.0349760805e-09
6.9073245300e+00 2.0260865100e-01 7.9092574800e-02 2.5553984342e+07 9.6489015719e+05 7.9286520759e-09 3.1095621462e-09
6.9391555200e+00 1.9955848800e-01 8.0206927100e-02 2.5170012878e+07 9.8066430315e+05 7.9284221651e-09 3.2015438237e-09
6.9709865100e+00 1.9667788100e-01 8.1490239600e-02 2.4736596969e+07 1.0001539093e+06 7.9508867466e-09 3.3099669348e-09
7.0028175000e+00 1.9396310900e-01 8.2912448200e-02 2.4272639880e+07 1.0223760882e+06 7.9910182806e-09 3.4324237320e-09
7.0346484800e+00 1.9141337500e-01 8.4444105900e-02 2.3792649094e+07 1.0465363265e+06 8.0450635929e-09 3.5667653434e-09
7.0664794700e+00 1.8902555800e-01 8.6054440300e-02 2.3313434062e+07 1.0710618567e+06 8.1080100638e-09 3.7099430299e-09
7.0983104600e+00 1.8679664400e-01 8.7713414900e-02 2.2850958368e+07 1.0938838673e+06 8.1745649783e-09 3.8583956427e-09
7.1301414500e+00 1.8472457400e-01 8.9392246100e-02 2.2417085781e+07 1.1129090361e+06 8.2403473764e-09 4.0086133417e-09
7.1619724400e+00 1.8280532700e-01 9.1062853800e-02 2.2026254090e+07 1.1254557269e+06 8.2994287749e-09 4.1559790967e-09
7.1938034300e+00 1.8103741400e-01 9.2699964100e-02 2.1683939523e+07 1.1302291481e+06 8.3489171241e-09 4.2971432568e-09
7.2256344200e+00 1.7941533700e-01 9.4277929700e-02 2.1400977285e+07 1.1253929197e+06 8.3835113983e-09 4.4273136414e-09
7.2574654000e+00 1.7793795900e-01 9.5775429500e-02 2.1176621352e+07 1.1113450016e+06 8.4025660205e-09 4.5441427183e-09
7.2892963900e+00 1.7659933900e-01 9.7170024700e-02 2.1017329874e+07 1.0877897534e+06 8.4025582726e-09 4.6437374285e-09
7.3211273800e+00 1.7539726700e-01 9.8443975200e-02 2.0917585596e+07 1.0564889862e+06 8.3851583252e-09 4.7252952508e-09
7.3529583700e+00 1.7432820400e-01 9.9579725500e-02 2.0880018289e+07 1.0182702391e+06 8.3490446027e-09 4.7864889321e-09
7.3847893600e+00 1.7338728400e-01 1.0056117300e-01 2.0896489769e+07 9.7503417707e+05 8.2974358812e-09 4.8278962829e-09
7.4166203500e+00 1.7257134800e-01 1.0137503200e-01 2.0967019085e+07 9.2756342619e+05 8.2306095732e-09 4.8486670249e-09
7.4484513400e+00 1.7187660600e-01 1.0200928500e-01 2.1082873013e+07 8.7687028638e+05 8.1524280820e-09 4.8503569350e-09
7.4802823300e+00 1.7129781200e-01 1.0245224800e-01 2.1242776038e+07 8.2290323644e+05 8.0638148089e-09 4.8330273936e-09
7.5121133100e+00 1.7083256500e-01 1.0269600500e-01 2.1438715568e+07 7.6580696023e+05 7.9684141739e-09 4.7986618120e-09
7.5439443000e+00 1.7047543100e-01 1.0273190500e-01 2.1668885091e+07 7.0502521316e+05 7.8672912929e-09 4.7478922420e-09
7.5757752900e+00 1.7022337800e-01 1.0255460900e-01 2.1926238364e+07 6.4069447062e+05 7.7634555994e-09 4.6827530812e-09
7.6076062800e+00 1.7007109600e-01 1.0215816900e-01 2.2208296491e+07 5.7268813670e+05 7.6579982651e-09 4.6042371352e-09
7.6394372700e+00 1.7001593400e-01 1.0154006400e-01 2.2508519042e+07 5.0180570681e+05 7.5534038326e-09 4.5143255809e-09
7.6712682600e+00 1.7005195100e-01 1.0069663500e-01 2.2822963542e+07 4.2874871853e+05 7.4509145444e-09 4.4142950784e-09
7.7030992500e+00 1.7017649300e-01 9.9627948700e-02 2.3144869308e+07 3.5474965087e+05 7.3526659724e-09 4.3060121082e-09
7.7349302300e+00 1.7038437800e-01 9.8333143800e-02 2.3467944918e+07 2.8096828945e+05 7.2603024508e-09 4.1910061072e-09
7.7667612200e+00 1.7067232200e-01 9.6814070900e-02 2.3784936013e+07 2.0857753002e+05 7.1756477253e-09 4.0708807864e-09
7.7985922100e+00 1.7103533200e-01 9.5072265200e-02 2.4086905126e+07 1.3991991876e+05 7.1007599817e-09 3.9472674454e-09
7.8304232000e+00 1.7147006000e-01 9.3111520400e-02 2.4366785250e+07 8.2579892017e+04 7.0370407193e-09 3.8213220511e-09
7.8622541900e+00 1.7197157600e-01 9.0935420600e-02 2.4613765622e+07 7.5928266648e+04 6.9868048084e-09 3.6945573212e-09
7.8940851800e+00 1.7253583700e-01 8.8549418500e-02 2.4822532182e+07 1.2862451987e+05 6.9507750352e-09 3.5674817976e-09
7.9259161700e+00 1.7315943100e-01 8.5959595600e-02 2.4982421020e+07 2.0342021674e+05 6.9312510130e-09 3.4412660885e-09
7.9577471500e+00 1.7383775100e-01 8.3172826600e-02 2.5091741626e+07 2.8632541638e+05 6.9280862841e-09 3.3156916778e-09
7.9895781400e+00 1.7456660300e-01 8.0196487800e-02 2.5142586495e+07 3.7539294266e+05 6.9430646299e-09 3.1913514600e-09
8.0214091300e+00 1.7534250300e-01 7.7039372300e-02 2.5138387924e+07 4.6897905061e+05 6.9750893942e-09 3.0673720961e-09
8.0532401200e+00 1.7616065000e-01 7.3710100100e-02 2.5076326367e+07 5.6624625729e+05 7.0249783569e-09 2.9437070069e-09
8.0850711100e+00 1.7701766700e-01 7.0218868600e-02 2.4965099643e+07 6.6572897032e+05 7.0906052663e-09 2.8190295454e-09
8.1169021000e+00 1.7790926500e-01 6.6575765400e-02 2.4807980541e+07 7.6637291444e+05 7.1714529405e-09 2.6927719950e-09
8.1487330900e+00 1.7883082500e-01 6.2791328700e-02 2.4617386973e+07 8.6714111979e+05 7.2644113364e-09 2.5634934894e-09
8.1805640700e+00 1.7977932700e-01 5.8877562500e-02 2.4401812508e+07 9.6732041174e+05 7.3674579272e-09 2.4304469495e-09
8.2123950600e+00 1.8075022200e-01 5.4846073700e-02 2.4174284683e+07 1.0666265936e+06 7.4769625810e-09 2.2926374092e-09
8.2442260500e+00 1.8174011900e-01 5.0709409100e-02 2.3945686095e+07 1.1648977409e+06 7.5896810089e-09 2.1496303066e-09
8.2760570400e+00 1.8274454100e-01 4.6480300200e-02 2.3725998244e+07 1.2622066895e+06 7.7022909266e-09 2.0014389987e-09
8.3078880300e+00 1.8375989600e-01 4.2172060200e-02 2.3524514664e+07 1.3583286903e+06 7.8114213459e-09 1.8485557147e-09
8.3397190200e+00 1.8478207400e-01 3.7798535700e-02 2.3345095373e+07 1.4528583259e+06 7.9152417689e-09 1.6923961919e-09
8.3715500100e+00 1.8580760100e-01 3.3374511000e-02 2.3191717399e+07 1.5445117384e+06 8.0118086039e-09 1.5348018965e-09
8.4033810000e+00 1.8683224400e-01 2.8915652300e-02 2.3060847148e+07 1.6318146095e+06 8.1017077475e-09 1.3787261698e-09
8.4352119800e+00 1.8785246300e-01 2.4439686400e-02 2.2948831743e+07 1.7118617588e+06 8.1857091946e-09 1.2275969991e-09
8.4670429700e+00 1.8886465800e-01 1.9968761800e-02 2.2846028832e+07 1.7823545643e+06 8.2668484483e-09 1.0862473545e-09
8.4988739600e+00 1.8986465800e-01 1.5534785000e-02 2.2741414365e+07 1.8390812228e+06 8.3488500300e-09 9.6045888053e-10
8.5307049500e+00 1.9084917700e-01 1.1198963700e-02 2.2622599714e+07 1.8799388497e+06 8.4362177388e-09 8.5821331609e-10
8.5625359400e+00 1.9181417100e-01 7.1360964500e-03 2.2474054919e+07 1.9004418180e+06 8.5349160041e-09 7.8848669552e-10
8.5943669300e+00 1.9275648100e-01 4.1593681300e-03 2.2285265296e+07 1.8998273980e+06 8.6495035371e-09 7.6062798024e-10
8.6261979200e+00 1.9367192300e-01 4.8526115300e-03 2.2040795853e+07 1.8747138710e+06 8.7869750391e-09 7.7914311779e-10
8.6580289000e+00 1.9455770600e-01 8.2610229800e-03 2.1736379139e+07 1.8265281549e+06 8.9507872843e-09 8.4271049878e-10
8.6898598900e+00 1.9540962000e-01 1.2229643500e-02 2.1361611046e+07 1.7542464699e+06 9.1477004979e-09 9.4450933338e-10
8.7216908800e+00 1.9622488000e-01 1.6288699700e-02 2.0920930207e+07 1.6619024189e+06 9.3793573256e-09 1.0776472422e-09
8.7535218700e+00 1.9699984500e-01 2.0322301400e-02 2.0412670802e+07 1.5518732716e+06 9.6508608262e-09 1.2367258584e-09
8.7853528600e+00 1.9773114700e-01 2.4285077900e-02 1.9849788180e+07 1.4308488132e+06 9.9613731494e-09 1.4185955936e-09
8.8171838500e+00 1.9841588100e-01 2.8152477600e-02 1.9240516806e+07 1.3056399862e+06 1.0312398726e-08 1.6219185514e-09
8.8490148400e+00 1.9905019800e-01 3.1907542900e-02 1.8603377639e+07 1.1853962502e+06 1.0699680556e-08 1.8456848139e-09
8.8808458200e+00 1.9963172800e-01 3.5537715300e-02 1.7954834816e+07 1.0817360766e+06 1.1118549964e-08 2.0895658441e-09
8.9126768100e+00 2.0015711000e-01 3.9032071600e-02 1.7314220790e+07 1.0040076734e+06 1.1560272474e-08 2.3518930949e-09
8.9445078000e+00 2.0062355100e-01 4.2381394800e-02 1.6702207512e+07 9.6330895723e+05 1.2011798491e-08 2.6303462434e-09
8.9763387900e+00 2.0102736100e-01 4.5577066400e-02 1.6133852264e+07 9.5946606210e+05 1.2459972839e-08 2.9204979730e-09
9.0081697800e+00 2.0136759300e-01 4.8613401000e-02 1.5628995266e+07 9.9065583247e+05 1.2884231493e-08 3.2158882162e-09
9.0400007700e+00 2.0163977800e-01 5.1482755600e-02 1.5194612736e+07 1.0448757121e+06 1.3270478262e-08 3.5089642337e-09
9.0718317600e+00 2.0184236200e-01 5.4180780600e-02 1.4845224653e+07 1.1128891283e+06 1.3596450489e-08 3.7893678880e-09
9.1036627400e+00 2.0197294400e-01 5.6703054900e-02 1.4578215669e+07 1.1850773154e+06 1.3854435178e-08 4.0493464782e-09
9.1354937300e+00 2.0202842300e-01 5.9045703500e-02 1.4400110729e+07 1.2554219280e+06 1.4029643716e-08 4.2789042944e-09
9.1673247200e+00 2.0200753300e-01 6.1206716600e-02 1.4299919770e+07 1.3205960279e+06 1.4126480166e-08 4.4746125947e-09
9.1991557100e+00 2.0190707800e-01 6.3183837700e-02 1.4275928555e+07 1.3784672709e+06 1.4143183557e-08 4.6318023452e-09
9.2309867000e+00 2.0172624300e-01 6.4977430400e-02 1.4312120679e+07 1.4291889494e+06 1.4094783542e-08 4.7531959870e-09
9.2628176900e+00 2.0146181100e-01 6.6586731500e-02 1.4400539434e+07 1.4723663209e+06 1.3989879471e-08 4.8400913746e-09
9.2946486800e+00 2.0111372600e-01 6.8014793800e-02 1.4524446770e+07 1.5088048754e+06 1.3846567046e-08 4.8987128300e-09
9.3264796700e+00 2.0067885300e-01 6.9262735800e-02 1.4673076027e+07 1.5377744712e+06 1.3676672337e-08 4.9332171682e-09
9.3583106500e+00 2.0015628900e-01 7.0334955000e-02 1.4832791005e+07 1.5591314614e+06 1.3494175771e-08 4.9494569177e-09
9.3901416400e+00 1.9954496600e-01 7.1236783000e-02 1.4993598654e+07 1.5707518739e+06 1.3308677297e-08 4.9514936487e-09
9.4219726300e+00 1.9884365800e-01 7.1974290000e-02 1.5147451556e+07 1.5716448572e+06 1.3127202108e-08 4.9429361094e-09
9.4538036200e+00 1.9805089200e-01 7.2554711800e-02 1.5287765250e+07 1.5588568356e+06 1.2954862190e-08 4.9263434490e-09
9.4856346100e+00 1.9716628600e-01 7.2987430000e-02 1.5412473598e+07 1.5318717731e+06 1.2792643877e-08 4.9033303787e-09
9.5174656000e+00 1.9618802300e-01 7.3281877700e-02 1.5519486253e+07 1.4885901998e+06 1.2641399322e-08 4.8751230431e-09
9.5492965900e+00 1.9511655800e-01 7.3451103600e-02 1.5611362021e+07 1.4304506701e+06 1.2498368672e-08 4.8423464241e-09
9.5811275700e+00 1.9395123600e-01 7.3508309200e-02 1.5689900204e+07 1.3579008496e+06 1.2361534074e-08 4.8056698796e-09
9.6129585600e+00 1.9269113900e-01 7.3467898600e-02 1.5759856053e+07 1.2749376919e+06 1.2226706789e-08 4.7654903069e-09
9.6447895500e+00 1.9133653900e-01 7.3347309300e-02 1.5825030028e+07 1.1853611277e+06 1.2090753614e-08 4.7225443267e-09
9.6766205400e+00 1.8988693800e-01 7.3164368500e-02 1.5889806500e+07 1.0949934759e+06 1.1950236021e-08 4.6775472551e-09
9.7084515300e+00 1.8834277700e-01 7.2939272300e-02 1.5957782663e+07 1.0100754214e+06 1.1802565618e-08 4.6314140098e-09
9.7402825200e+00 1.8670415100e-01 7.2693530800e-02 1.6031011142e+07 9.3563928383e+05 1.1646436357e-08 4.5852205184e-09
9.7721135100e+00 1.8497128100e-01 7.2449777800e-02 1.6111034853e+07 8.7686116928e+05 1.1481030405e-08 4.5401107891e-09
9.8039444900e+00 1.8314530600e-01 7.2232474000e-02 1.6196898354e+07 8.3415842888e+05 1.1307430719e-08 4.4975094406e-09
9.8357754800e+00 1.8122630000e-01 7.2066178300e-02 1.6287119535e+07 8.0773867707e+05 1.1126970586e-08 4.4590120533e-09
9.8676064700e+00 1.7921466100e-01 7.1975981300e-02 1.6378336318e+07 7.9355544501e+05 1.0942177369e-08 4.4264486023e-09
9.8994374600e+00 1.7711217200e-01 7.1987838500e-02 1.6466298805e+07 7.8928749992e+05 1.0756040206e-08 4.4021249348e-09
9.9312684500e+00 1.7491887100e-01 7.2125275500e-02 1.6546648495e+07 7.9209874709e+05 1.0571256835e-08 4.3881825196e-09
9.9630994400e+00 1.7263665900e-01 7.2412396500e-02 1.6613540200e+07 8.0208151933e+05 1.0391322796e-08 4.3874141163e-09
9.9949304300e+00 1.7026675500e-01 7.2870473700e-02 1.6663405637e+07 8.1942232679e+05 1.0218004573e-08 4.4018564652e-09
1.0026761400e+01 1.6780986300e-01 7.3517144000e-02 1.6690487077e+07 8.4576400240e+05 1.0054222038e-08 4.4341004738e-09
1.0058592400e+01 1.6526870300e-01 7.4368890500e-02 1.6693418458e+07 8.8048494662e+05 9.9002312449e-09 4.4854815857e-09
1.0090423400e+01 1.6264342900e-01 7.5435647600e-02 1.6668053089e+07 9.2253171038e+05 9.7577940344e-09 4.5578720975e-09
1.0122254400e+01 1.5993729400e-01 7.6725862700e-02 1.6615848725e+07 9.6813858960e+05 9.6255867905e-09 4.6515658402e-09
1.0154085400e+01 1.5715098200e-01 7.8241744900e-02 1.6535228113e+07 1.0129076049e+06 9.5040105236e-09 4.7675025970e-09
1.0185916400e+01 1.5428699900e-01 7.9982350500e-02 1.6430113625e+07 1.0523105250e+06 9.3905010351e-09 4.9050467920e-09
1.0217747300e+01 1.5134746400e-01 8.1942741900e-02 1.6301501879e+07 1.0814159400e+06 9.2842650405e-09 5.0642905892e-09
1.0249578300e+01 1.4833430300e-01 8.4114430000e-02 1.6154644341e+07 1.0977983487e+06 9.1821460053e-09 5.2440814965e-09
1.0281409300e+01 1.4524984800e-01 8.6485575000e-02 1.5992217623e+07 1.0982929304e+06 9.0825332312e-09 5.4438323046e-09
1.0313240300e+01 1.4209592500e-01 8.9042288600e-02 1.5819286245e+07 1.0834004220e+06 8.9824485632e-09 5.6622340500e-09
1.0345071300e+01 1.3887528300e-01 9.1768992700e-02 1.5638750411e+07 1.0523898528e+06 8.8802032993e-09 5.8984008492e-09
1.0376902300e+01 1.3559129500e-01 9.4649036300e-02 1.5454095426e+07 1.0079512603e+06 8.7738098711e-09 6.1512037650e-09
1.0408733300e+01 1.3224606700e-01 9.7664025500e-02 1.5267029178e+07 9.5132789152e+05 8.6622004492e-09 6.4197864448e-09
1.0440564300e+01 1.2884200100e-01 1.0079549200e-01 1.5078614562e+07 8.8600261241e+05 8.5446842924e-09 6.7034939424e-09
1.0472395300e+01 1.2538237000e-01 1.0402517200e-01 1.4888408266e+07 8.1416120543e+05 8.4214758058e-09 7.0021511912e-09
1.0504226200e+01 1.2186931000e-01 1.0733398700e-01 1.4695245154e+07 7.3888391236e+05 8.2931117328e-09 7.3158872702e-09
1.0536057200e+01 1.1830606100e-01 1.1070409500e-01 1.4496448245e+07 6.6251011538e+05 8.1610377248e-09 7.6457382783e-09
1.0567888200e+01 1.1469609100e-01 1.1411810000e-01 1.4289680668e+07 5.8746354023e+05 8.0264978388e-09 7.9928640066e-09
1.0599719200e+01 1.1104209900e-01 1.1755859900e-01 1.4070976780e+07 5.1665903040e+05 7.8915700547e-09 8.3597098229e-09
1.0631550200e+01 1.0734653000e-01 1.2100845000e-01 1.3838434441e+07 4.5305853369e+05 7.7571296417e-09 8.7480613788e-09
1.0663381200e+01 1.0361417900e-01 1.2445301700e-01 1.3588506630e+07 4.0222516720e+05 7.6251336384e-09 9.1614778936e-09
1.0695212200e+01 9.9846810000e-02 1.2787615000e-01 1.3321382290e+07 3.6899360098e+05 7.4952289352e-09 9.6015602400e-09
1.0727043200e+01 9.6048699800e-02 1.3126417000e-01 1.3035919079e+07 3.6054526389e+05 7.3680036842e-09 1.0071483822e-08
1.0758874200e+01 9.2222567400e-02 1.3460281900e-01 1.2735444491e+07 3.7637395710e+05 7.2414093961e-09 1.0571316094e-08
1.0790705100e+01 8.8372012500e-02 1.3787944100e-01 1.2422746567e+07 4.1398738392e+05 7.1137257792e-09 1.1101481303e-08
1.0822536100e+01 8.4500795500e-02 1.4108166800e-01 1.2104346284e+07 4.6462678534e+05 6.9810292534e-09 1.1658535360e-08
1.0854367100e+01 8.0612897000e-02 1.4419900000e-01 1.1787615370e+07 5.2176383724e+05 6.8387790462e-09 1.2236838147e-08
1.0886198100e+01 7.6710415000e-02 1.4721888100e-01 1.1481086597e+07 5.7915314869e+05 6.6814594902e-09 1.2827159368e-08
1.0918029100e+01 7.2798386600e-02 1.5013276100e-01 1.1196098385e+07 6.3204073117e+05 6.5021210156e-09 1.3414404886e-08
1.0949860100e+01 6.8880037000e-02 1.5293070200e-01 1.0941182533e+07 6.7740948703e+05 6.2954837642e-09 1.3982963131e-08
1.0981691100e+01 6.4958899400e-02 1.5560381800e-01 1.0729814760e+07 7.1199348909e+05 6.0540559973e-09 1.4507567262e-08
1.1013522100e+01 6.1039478900e-02 1.5814481700e-01 1.0568165698e+07 7.3509834426e+05 5.7757874589e-09 1.4969655582e-08
1.1045353100e+01 5.7124927500e-02 1.6054569800e-01 1.0469355920e+07 7.4519337039e+05 5.4563936823e-09 1.5339738252e-08
1.1077184000e+01 5.3218693400e-02 1.6279948800e-01 1.0435160037e+07 7.4386618666e+05 5.0999403183e-09 1.5605288554e-08
1.1109015000e+01 4.9325967400e-02 1.6490131300e-01 1.0475757021e+07 7.3223489145e+05 4.7085826163e-09 1.5744671459e-08
1.1140846000e+01 4.5449347800e-02 1.6684442800e-01 1.0587456996e+07 7.1434626845e+05 4.2927539462e-09 1.5761349126e-08
1.1172677000e+01 4.1593889700e-02 1.6862474100e-01 1.0775570400e+07 6.9469427845e+05 3.8600174426e-09 1.5650778078e-08
1.1204508000e+01 3.7763030200e-02 1.7023851100e-01 1.1031076634e+07 6.7895820992e+05 3.4233313260e-09 1.5434067133e-08
1.1236339000e+01 3.3960371200e-02 1.7168121900e-01 1.1353494600e+07 6.7344685694e+05 2.9911822215e-09 1.5122483651e-08
1.1268170000e+01 3.0190620100e-02 1.7295100100e-01 1.1729839805e+07 6.8148864977e+05 2.5738305554e-09 1.4745290490e-08
1.1300001000e+01 2.6457252100e-02 1.7404407100e-01 1.2154086093e+07 7.0556884471e+05 2.1768195401e-09 1.4320356667e-08
1.1331831900e+01 2.2765296900e-02 1.7496005700e-01 1.2611413741e+07 7.4267001326e+05 1.8051344098e-09 1.3873559041e-08
1.1363662900e+01 1.9118286800e-02 1.7569779800e-01 1.3091455454e+07 7.8945767034e+05 1.4603637363e-09 1.3421088367e-08
1.1395493900e+01 1.5519488500e-02 1.7625576200e-01 1.3579842971e+07 8.4029008104e+05 1.1428326921e-09 1.2979412092e-08
1.1427324900e+01 1.1974216000e-02 1.7663446100e-01 1.4063584653e+07 8.9048286693e+05 8.5143413261e-10 1.2559819746e-08
1.1459155900e+01 8.4857360500e-03 1.7683380300e-01 1.4530729272e+07 9.3630014054e+05 5.8398555856e-10 1.2169702225e-08
1.1490986900e+01 5.0584276100e-03 1.7685569800e-01 1.4967374974e+07 9.7442299836e+05 3.3796357870e-10 1.1816100346e-08
1.1522817900e+01 1.6961577000e-03 1.7670052400e-01 1.5365292458e+07 1.0036112466e+06 1.1038889788e-10 1.1499980181e-08
1.1554648900e+01 -1.5971813600e-03 1.7637209800e-01 1.5711127577e+07 1.0219611025e+06 -1.0165924452e-10 -1.1225937014e-08
1.1586479900e+01 -4.8168631700e-03 1.7587174500e-01 1.6000894112e+07 1.0297265549e+06 -3.0103712557e-10 -1.0991386916e-08
1.1618310800e+01 -7.9597094200e-03 1.7520259000e-01 1.6222839614e+07 1.0257242054e+06 -4.9064834576e-10 -1.0799793192e-08
1.1650141800e+01 -1.1022731400e-02 1.7436770800e-01 1.6377155872e+07 1.0107001744e+06 -6.7305529032e-10 -1.0647088927e-08
1.1681972800e+01 -1.3999698700e-02 1.7337170100e-01 1.6454421332e+07 9.8363894663e+05 -8.5081683626e-10 -1.0536603957e-08
1.1713803800e+01 -1.6889196100e-02 1.7221846000e-01 1.6458631604e+07 9.4544292191e+05 -1.0261604067e-09 -1.0463882832e-08
1.1745634800e+01 -1.9686130700e-02 1.7091262600e-01 1.6383344681e+07 8.9532374011e+05 -1.2015941240e-09 -1.0432302755e-08
1.1777465800e+01 -2.2387153500e-02 1.6945959900e-01 1.6235866981e+07 8.3462720932e+05 -1.3788702215e-09 -1.0437601330e-08
1.1809296800e+01 -2.4988448000e-02 1.6786410100e-01 1.6013280622e+07 7.6341798865e+05 -1.5604827387e-09 -1.0483069156e-08
1.1841127800e+01 -2.7488131300e-02 1.6613207100e-01 1.5725741031e+07 6.8395636794e+05 -1.7479704928e-09 -1.0564613288e-08
1.1872958800e+01 -2.9881255800e-02 1.6427009100e-01 1.5374316953e+07 5.9794182671e+05 -1.9435826574e-09 -1.0684975621e-08
1.1904789700e+01 -3.2164725400e-02 1.6228428600e-01 1.4971420799e+07 5.0891914918e+05 -2.1484083462e-09 -1.0839850895e-08
1.1936620700e+01 -3.4336524900e-02 1.6018057500e-01 1.4522434129e+07 4.2114296275e+05 -2.3643780784e-09 -1.1030084109e-08
1.1968451700e+01 -3.6392693200e-02 1.5796677800e-01 1.4041034230e+07 3.4010798436e+05 -2.5918812393e-09 -1.1250541450e-08
1.2000282700e+01 -3.8330339500e-02 1.5564838300e-01 1.3536662412e+07 2.7458082345e+05 -2.8315945492e-09 -1.1498427024e-08
1.2032113700e+01 -4.0147854500e-02 1.5323312800e-01 1.3023011452e+07 2.3212561212e+05 -3.0828395297e-09 -1.1766464271e-08
1.2063944700e+01 -4.1841815800e-02 1.5072910000e-01 1.2512642301e+07 2.1953009933e+05 -3.3439632327e-09 -1.2046287588e-08
1.2095775700e+01 -4.3409845800e-02 1.4814236200e-01 1.2017569358e+07 2.2810544779e+05 -3.6121984826e-09 -1.2327339164e-08
1.2127606700e+01 -4.4850281900e-02 1.4548149600e-01 1.1551857334e+07 2.4503496428e+05 -3.8825169496e-09 -1.2594044608e-08
1.2159437700e+01 -4.6161562300e-02 1.4275387500e-01 1.1124160934e+07 2.5850050078e+05 -4.1496668892e-09 -1.2833139149e-08
1.2191268600e+01 -4.7340033500e-02 1.3996643900e-01 1.0747924478e+07 2.6141746517e+05 -4.4045744458e-09 -1.3023088814e-08
1.2223099600e+01 -4.8385515300e-02 1.3712746800e-01 1.0427009714e+07 2.5180102159e+05 -4.6404018626e-09 -1.3151656118e-08
1.2254930600e+01 -4.9297305700e-02 1.3424367900e-01 1.0172218409e+07 2.2847480415e+05 -4.8462688981e-09 -1.3197538616e-08
1.2286761600e+01 -5.0072833100e-02 1.3132384600e-01 9.9819503626e+06 1.9473130508e+05 -5.0163376175e-09 -1.3156494896e-08
1.2318592600e+01 -5.0711181200e-02 1.2837378200e-01 9.8627053799e+06 1.5626669336e+05 -5.1417110465e-09 -1.3016336945e-08
1.2350423600e+01 -5.1213171400e-02 1.2540266500e-01 9.8077640492e+06 1.2716995512e+05 -5.2216969273e-09 -1.2786239810e-08
1.2382254600e+01 -5.1576558800e-02 1.2241625900e-01 9.8186208166e+06 1.3221522525e+05 -5.2529331526e-09 -1.2467965859e-08
1.2414085600e+01 -5.1802272100e-02 1.1942251000e-01 9.8846984356e+06 1.7362809635e+05 -5.2406527561e-09 -1.2081903890e-08
1.2445916500e+01 -5.1889804600e-02 1.1642776800e-01 1.0002812379e+07 2.3533599248e+05 -5.1875215324e-09 -1.1640143177e-08
1.2477747500e+01 -5.1839046400e-02 1.1343869200e-01 1.0160466117e+07 3.0223024397e+05 -5.1020342772e-09 -1.1165744805e-08
1.2509578500e+01 -5.1651367900e-02 1.1046223200e-01 1.0350872064e+07 3.6728438202e+05 -4.9900498800e-09 -1.0673249049e-08
1.2541409500e+01 -5.1327148400e-02 1.0750451500e-01 1.0561843358e+07 4.2678200119e+05 -4.8596771093e-09 -1.0180469067e-08
1.2573240500e+01 -5.0867613600e-02 1.0457156000e-01 1.0784613825e+07 4.7793726708e+05 -4.7166838263e-09 -9.6986185083e-09
1.2605071500e+01 -5.0273174200e-02 1.0166844100e-01 1.1009046827e+07 5.2048337487e+05 -4.5665328696e-09 -9.2375135889e-09
1.2636902500e+01 -4.9546060900e-02 9.8801094500e-02 1.1226066825e+07 5.5384406613e+05 -4.4134835175e-09 -8.8037358889e-09
1.2668733500e+01 -4.8688352300e-02 9.5974701000e-02 1.1428642691e+07 5.7966904828e+05 -4.2602042619e-09 -8.4005134807e-09
1.2700564500e+01 -4.7701419700e-02 9.3193582700e-02 1.1608544120e+07 5.9896433516e+05 -4.1091646985e-09 -8.0308156467e-09
1.2732395400e+01 -4.6587790600e-02 9.0462433300e-02 1.1762117959e+07 6.1391136341e+05 -3.9608334794e-09 -7.6937765828e-09
1.2764226400e+01 -4.5349575400e-02 8.7784692800e-02 1.1882533489e+07 6.2569472323e+05 -3.8164904347e-09 -7.3904412742e-09
1.2796057400e+01 -4.3990249300e-02 8.5164786700e-02 1.1969026688e+07 6.3536412793e+05 -3.6753405641e-09 -7.1181055638e-09
1.2827888400e+01 -4.2512441100e-02 8.2605616300e-02 1.2016138106e+07 6.4267514887e+05 -3.5379454467e-09 -6.8771599109e-09
1.2859719400e+01 -4.0919474300e-02 8.0110123300e-02 1.2025151174e+07 6.4691484707e+05 -3.4028241065e-09 -6.6643954482e-09
1.2891550400e+01 -3.9214628400e-02 7.7680688800e-02 1.1991598894e+07 6.4617154157e+05 -3.2701751241e-09 -6.4803221567e-09
1.2923381400e+01 -3.7401795700e-02 7.5319645500e-02 1.1918002747e+07 6.3911226274e+05 -3.1382603691e-09 -6.3220614604e-09
1.2955212400e+01 -3.5484590400e-02 7.3028477900e-02 1.1800529503e+07 6.2358274816e+05 -3.0070337428e-09 -6.1906160732e-09
1.2987043400e+01 -3.3467200600e-02 7.0808689200e-02 1.1642413168e+07 5.9930472615e+05 -2.8745931035e-09 -6.0837596296e-09
1.3018874300e+01 -3.1353923100e-02 6.8661130700e-02 1.1440406519e+07 5.6561418977e+05 -2.7406301557e-09 -6.0031631606e-09
1.3050705300e+01 -2.9149119700e-02 6.6586588800e-02 1.1198356975e+07 5.2449024709e+05 -2.6029818271e-09 -5.9473531128e-09
1.3082536300e+01 -2.6857310800e-02 6.4585186700e-02 1.0913935243e+07 4.7832980452e+05 -2.4608273919e-09 -5.9186636879e-09
1.3114367300e+01 -2.4483355300e-02 6.2656768000e-02 1.0591838828e+07 4.3200870860e+05 -2.3115301978e-09 -5.9163216311e-09
1.3146198300e+01 -2.2032036100e-02 6.0801184600e-02 1.0231234258e+07 3.9230870823e+05 -2.1534094074e-09 -5.9432764243e-09
1.3178029300e+01 -1.9508468000e-02 5.9017615100e-02 9.8379629344e+06 3.6588570780e+05 -1.9829784001e-09 -5.9994203194e-09
1.3209860300e+01 -1.6917485000e-02 5.7305140000e-02 9.4133613101e+06 3.5959493428e+05 -1.7971779094e-09 -6.0880255264e-09
1.3241691300e+01 -1.4264586200e-02 5.5662726500e-02 8.9644353364e+06 3.7217768587e+05 -1.5912420208e-09 -6.2096356118e-09
1.3273522300e+01 -1.1554786000e-02 5.4088877100e-02 8.4950802428e+06 3.9926827983e+05 -1.3601738500e-09 -6.3674034651e-09
1.3305353200e+01 -8.7936071800e-03 5.2582137000e-02 8.0130444081e+06 4.3185132338e+05 -1.0974115120e-09 -6.5623338614e-09
1.3337184200e+01 -5.9862928700e-03 5.1140818100e-02 7.5246134864e+06 4.6255614055e+05 -7.9556151035e-10 -6.7966470500e-09
1.3369015200e+01 -3.1383915500e-03 4.9763223700e-02 7.0374427580e+06 4.8608490898e+05 -4.4595624546e-10 -7.0712753977e-09
1.3400846200e+01 -2.5532659900e-04 4.8447530600e-02 6.5594628341e+06 4.9810164172e+05 -3.8924925022e-11 -7.3858996850e-09
1.3432677200e+01 2.6576448300e-03 4.7191887500e-02 6.0970411367e+06 4.9772458346e+05 4.3589091338e-10 7.7402112165e-09
1.3464508200e+01 5.5950254500e-03 4.5994523000e-02 5.6586224225e+06 4.8374781941e+05 9.8876105036e-10 8.1286586292e-09
1.3496339200e+01 8.5514027800e-03 4.4853548900e-02 5.2481811148e+06 4.5854258369e+05 1.6294031385e-09 8.5476797279e-09
1.3528170200e+01 1.1521505400e-02 4.3767330300e-02 4.8732539947e+06 4.2440892829e+05 2.3642324846e-09 8.9834904418e-09
1.3560001200e+01 1.4500096600e-02 4.2734173600e-02 4.5347120753e+06 3.8677687562e+05 3.1975782275e-09 9.4277354835e-09
1.3591832100e+01 1.7481841000e-02 4.1752695400e-02 4.2380972633e+06 3.5270330298e+05 4.1249268041e-09 9.8577339608e-09
1.3623663100e+01 2.0461866600e-02 4.0821432300e-02 3.9811205579e+06 3.3009596648e+05 5.1397254372e-09 1.0262606526e-08
1.3655494100e+01 2.3434985800e-02 3.9939307300e-02 3.7666758920e+06 3.2745374571e+05 6.2216624079e-09 1.0617116063e-08
1.3687325100e+01 2.6396674600e-02 3.9105227600e-02 3.5899038027e+06 3.4508505628e+05 7.3530311815e-09 1.0916020628e-08
1.3719156100e+01 2.9341871400e-02 3.8318397300e-02 3.4511829324e+06 3.7954500342e+05 8.5019751126e-09 1.1142274888e-08
1.3750987100e+01 3.2266254500e-02 3.7578221800e-02 3.3442469513e+06 4.2178671306e+05 9.6482870345e-09 1.1302374966e-08
1.3782818100e+01 3.5165236300e-02 3.6884220200e-02 3.2676348768e+06 4.6454881764e+05 1.0761678592e-08 1.1390955989e-08
1.3814649100e+01 3.8034861300e-02 3.6236120100e-02 3.2150433816e+06 5.0211671489e+05 1.1830279342e-08 1.1421238962e-08
1.3846480000e+01 4.0870712800e-02 3.5633923600e-02 3.1842831912e+06 5.2973678411e+05 1.2835137563e-08 1.1392454150e-08
1.3878311000e+01 4.3669359800e-02 3.5077738900e-02 3.1701759675e+06 5.4548094507e+05 1.3775058624e-08 1.1315935302e-08
1.3910142000e+01 4.6427023500e-02 3.4567659600e-02 3.1708907468e+06 5.4661009867e+05 1.4641634546e-08 1.1189929081e-08
1.3941973000e+01 4.9140045600e-02 3.4104209500e-02 3.1830160228e+06 5.3352155154e+05 1.5438202399e-08 1.1022482686e-08
1.3973804000e+01 5.1805473800e-02 3.3687728500e-02 3.2058604240e+06 5.0513685265e+05 1.6159616124e-08 1.0812255735e-08
1.4005635000e+01 5.4420306800e-02 3.3318886300e-02 3.2377857675e+06 4.6347386699e+05 1.6807877577e-08 1.0568157318e-08
1.4037466000e+01 5.6981574900e-02 3.2997996200e-02 3.2793730256e+06 4.0920029763e+05 1.7375752760e-08 1.0293226119e-08
1.4069297000e+01 5.9487063100e-02 3.2725742300e-02 3.3301746928e+06 3.4582430660e+05 1.7863045812e-08 1.0000581870e-08
1.4101128000e+01 6.1934202500e-02 3.2502691200e-02 3.3915967084e+06 2.7690255383e+05 1.8261075188e-08 9.6985793613e-09
1.4132958900e+01 6.4321051900e-02 3.2329044900e-02 3.4634403873e+06 2.0974192868e+05 1.8571433231e-08 9.4018823585e-09
1.4164789900e+01 6.6645763700e-02 3.2205265400e-02 3.5470775813e+06 1.6016590207e+05 1.8788921915e-08 9.1189323076e-09
1.4196620900e+01 6.8906825200e-02 3.2131382300e-02 3.6416432380e+06 1.5070308200e+05 1.8921904398e-08 8.8579984759e-09
1.4228451900e+01 7.1102704000e-02 3.2107287400e-02 3.7474842477e+06 1.8947230715e+05 1.8973449734e-08 8.6212283185e-09
1.4260282900e+01 7.3232383000e-02 3.2132822400e-02 3.8625704036e+06 2.4934367645e+05 1.8959494675e-08 8.4085753072e-09
1.4292113900e+01 7.5295054600e-02 3.2207472200e-02 3.9855369676e+06 3.1298215960e+05 1.8892072815e-08 8.2161423846e-09
1.4323944900e+01 7.7289718500e-02 3.2330381100e-02 4.1131262399e+06 3.7185672751e+05 1.8790991084e-08 8.0417839042e-09
1.4355775900e+01 7.9216278600e-02 3.2500681500e-02 4.2421707597e+06 4.2126561019e+05 1.8673524261e-08 7.8825548603e-09
1.4387606900e+01 8.1074042400e-02 3.2716990200e-02 4.3688052120e+06 4.5980624140e+05 1.8557486192e-08 7.7392790266e-09
1.4419437800e+01 8.2863314600e-02 3.2977929300e-02 4.4885015925e+06 4.8563501772e+05 1.8461242108e-08 7.6138735886e-09
1.4451268800e+01 8.4584194900e-02 3.3281772100e-02 4.5977969590e+06 4.9983652882e+05 1.8396679030e-08 7.5098337541e-09
1.4483099800e+01 8.6236689000e-02 3.3626493200e-02 4.6918003026e+06 5.0262223738e+05 1.8380298273e-08 7.4326383062e-09
1.4514930800e+01 8.7821483800e-02 3.4010043900e-02 4.7684824990e+06 4.9686126610e+05 1.8417071640e-08 7.3859098225e-09
1.4546761800e+01 8.9339196000e-02 3.4430125800e-02 4.8237789463e+06 4.8495669171e+05 1.8520582513e-08 7.3764485527e-09
1.4578592800e+01 9.0790565400e-02 3.4884300000e-02 4.8578610324e+06 4.7091732661e+05 1.8689411820e-08 7.4060213808e-09
1.4610423800e+01 9.2176422500e-02 3.5369972100e-02 4.8685262716e+06 4.5874794939e+05 1.8933126239e-08 7.4808639398e-09
1.4642254800e+01 9.3497875000e-02 3.5884609100e-02 4.8582912479e+06 4.5177234604e+05 1.9245012336e-08 7.5999671577e-09
1.4674085800e+01 9.4756102600e-02 3.6425449000e-02 4.8274251157e+06 4.5276876887e+05 1.9628704812e-08 7.7668645332e-09
1.4705916700e+01 9.5952122700e-02 3.6989730900e-02 4.7803125698e+06 4.6134957640e+05 2.0072353282e-08 7.9767340648e-09
1.4737747700e+01 9.7087449000e-02 3.7574800700e-02 4.7195738999e+06 4.7614349007e+05 2.0571231865e-08 8.2275358532e-09
1.4769578700e+01 9.8163264400e-02 3.8177806900e-02 4.6504754715e+06 4.9345107881e+05 2.1108221084e-08 8.5094879324e-09
1.4801409700e+01 9.9181212500e-02 3.8796159200e-02 4.5772562865e+06 5.0938581648e+05 2.1668267253e-08 8.8122000834e-09
1.4833240700e+01 1.0014271100e-01 3.9427175200e-02 4.5048351317e+06 5.2043830619e+05 2.2230050173e-08 9.1212142281e-09
1.4865071700e+01 1.0104896700e-01 4.0068084000e-02 4.4379870593e+06 5.2287122548e+05 2.2769099064e-08 9.4185435074e-09
1.4896902700e+01 1.0190180600e-01 4.0716585700e-02 4.3801165245e+06 5.1497055230e+05 2.3264633584e-08 9.6898358553e-09
1.4928733700e+01 1.0270255300e-01 4.1370038700e-02 4.3353325388e+06 4.9415139145e+05 2.3689659808e-08 9.9172055682e-09
1.4960564700e+01 1.0345270900e-01 4.2026166000e-02 4.3048589404e+06 4.6058717856e+05 2.4031614144e-08 1.0095414193e-08
1.4992395600e+01 1.0415365100e-01 4.2682698800e-02 4.2912513176e+06 4.1326586363e+05 2.4271160855e-08 1.0217401888e-08
1.5024226600e+01 1.0480680100e-01 4.3337504400e-02 4.2934701381e+06 3.5416448651e+05 2.4410744137e-08 1.0292707140e-08
1.5056057600e+01 1.0541369900e-01 4.3988587100e-02 4.3120385924e+06 2.8460036712e+05 2.4446371882e-08 1.0328154323e-08
1.5087888600e+01 1.0597539700e-01 4.4634094100e-02 4.3441615086e+06 2.0951799644e+05 2.4394902627e-08 1.0341647726e-08
1.5119719600e+01 1.0649318800e-01 4.5272252900e-02 4.3885553024e+06 1.3972851432e+05 2.4266115079e-08 1.0344873055e-08
1.5151550600e+01 1.0696814400e-01 4.5901380100e-02 4.4415446193e+06 1.0597978301e+05 2.4083545966e-08 1.0350518151e-08
1.5183381600e+01 1.0740133600e-01 4.6520134900e-02 4.5005774038e+06 1.4571075123e+05 2.3863901532e-08 1.0365316568e-08
1.5215212600e+01 1.0779354700e-01 4.7127171900e-02 4.5621343618e+06 2.1780212962e+05 2.3627876439e-08 1.0391477638e-08
1.5247043500e+01 1.0814594800e-01 4.7721384900e-02 4.6232413469e+06 2.9339212469e+05 2.3391802393e-08 1.0428257790e-08
1.5278874500e+01 1.0845885700e-01 4.8301727000e-02 4.6812831168e+06 3.6167579116e+05 2.3168617299e-08 1.0472169795e-08
1.5310705500e+01 1.0873324100e-01 4.8867473500e-02 4.7335841680e+06 4.1643357715e+05 2.2970594193e-08 1.0519494014e-08
1.5342536500e+01 1.0896915000e-01 4.9417948100e-02 4.7788398682e+06 4.5536414023e+05 2.2802427578e-08 1.0566794171e-08
1.5374367500e+01 1.0916718500e-01 4.9952620900e-02 4.8151412668e+06 4.7487755616e+05 2.2671647404e-08 1.0612289546e-08
1.5406198500e+01 1.0932738100e-01 5.0471311900e-02 4.8424123988e+06 4.7548827000e+05 2.2577048792e-08 1.0655918208e-08
1.5438029500e+01 1.0944987100e-01 5.0973949000e-02 4.8595425773e+06 4.5581624251e+05 2.2522669420e-08 1.0700077807e-08
1.5469860500e+01 1.0953485600e-01 5.1460459500e-02 4.8673325038e+06 4.1870342828e+05 2.2504083277e-08 1.0748390963e-08
1.5501691500e+01 1.0958192300e-01 5.1931274900e-02 4.8652291293e+06 3.6535166537e+05 2.2523486580e-08 1.0807140146e-08
1.5533522400e+01 1.0959058300e-01 5.2386808600e-02 4.8543608498e+06 3.0061697493e+05 2.2575697685e-08 1.0881881437e-08
1.5565353400e+01 1.0956076500e-01 5.2827695700e-02 4.8343969950e+06 2.2925846191e+05 2.2662757137e-08 1.0980185773e-08
1.5597184400e+01 1.0949163800e-01 5.3254812500e-02 4.8063523349e+06 1.6057419403e+05 2.2780609987e-08 1.1106196746e-08
1.5629015400e+01 1.0938286200e-01 5.3669166500e-02 4.7698385466e+06 1.1658649651e+05 2.2932193812e-08 1.1265731192e-08
1.5660846400e+01 1.0923340500e-01 5.4072040000e-02 4.7256446874e+06 1.2481514855e+05 2.3115027097e-08 1.1458532905e-08
1.5692677400e+01 1.0904253600e-01 5.4464895200e-02 4.6732317328e+06 1.7493163066e+05 2.3333432244e-08 1.1687336171e-08
1.5724508400e+01 1.0880913500e-01 5.4849290700e-02 4.6133375242e+06 2.3334551497e+05 2.3585773733e-08 1.1948989004e-08
1.5756339400e+01 1.0853235600e-01 5.5227046300e-02 4.5455183590e+06 2.8746270853e+05 2.3876783115e-08 1.2243251726e-08
1.5788170400e+01 1.0821115700e-01 5.5600146000e-02 4.4707270940e+06 3.3333641709e+05 2.4204375424e-08 1.2566745393e-08
1.5820001300e+01 1.0784416600e-01 5.5970732400e-02 4.3890499407e+06 3.6900495568e+05 2.4571186808e-08 1.2918596420e-08
1.5851832300e+01 1.0743025300e-01 5.6341122700e-02 4.3019509960e+06 3.9554831624e+05 2.4972449268e-08 1.3296400972e-08
1.5883663300e+01 1.0696814600e-01 5.6713800300e-02 4.2104013980e+06 4.1362107410e+05 2.5405688410e-08 1.3699195823e-08
1.5915494300e+01 1.0645658300e-01 5.7091277900e-02 4.1164525783e+06 4.2582432071e+05 2.5861243626e-08 1.4124701782e-08
1.5947325300e+01 1.0589426800e-01 5.7476317600e-02 4.0221480910e+06 4.3414965808e+05 2.6327789431e-08 1.4569788718e-08
1.5979156300e+01 1.0527986100e-01 5.7871672000e-02 3.9298520985e+06 4.4126864797e+05 2.6789776908e-08 1.5030266691e-08
1.6010987300e+01 1.0461222000e-01 5.8280276100e-02 3.8424515380e+06 4.4937289396e+05 2.7225384358e-08 1.5498065568e-08
1.6042818300e+01 1.0388990500e-01 5.8704977800e-02 3.7620753009e+06 4.6001278279e+05 2.7615051983e-08 1.5965575356e-08
1.6074649300e+01 1.0311168300e-01 5.9148626400e-02 3.6918901160e+06 4.7441239200e+05 2.7929239430e-08 1.6418293477e-08
1.6106480200e+01 1.0227647600e-01 5.9614242800e-02 3.6331224497e+06 4.9243572888e+05 2.8151122737e-08 1.6846341422e-08
1.6138311200e+01 1.0138313600e-01 6.0104530200e-02 3.5883811275e+06 5.1378914971e+05 2.8253168322e-08 1.7231343315e-08
1.6170142200e+01 1.0043060900e-01 6.0622289200e-02 3.5574670449e+06 5.3708327425e+05 2.8230931653e-08 1.7565776863e-08
1.6201973200e+01 9.9417838800e-02 6.1170016600e-02 3.5416479683e+06 5.6082781813e+05 2.8071067393e-08 1.7834463681e-08
1.6233804200e+01 9.8344226100e-02 6.1750220400e-02 3.5390815607e+06 5.8329397171e+05 2.7788064337e-08 1.8039160739e-08
1.6265635200e+01 9.7208791100e-02 6.2365058400e-02 3.5492234381e+06 6.0254700601e+05 2.7388749341e-08 1.8176264901e-08
1.6297466200e+01 9.6010920800e-02 6.3016389300e-02 3.5688523382e+06 6.1733514225e+05 2.6902463790e-08 1.8260249161e-08
1.6329297200e+01 9.4750198400e-02 6.3705949000e-02 3.5956073761e+06 6.2602238787e+05 2.6351653140e-08 1.8302114375e-08
1.6361128100e+01 9.3426282400e-02 6.4434963200e-02 3.6256103637e+06 6.2835365734e+05 2.5768428769e-08 1.8324695474e-08
1.6392959100e+01 9.2038920300e-02 6.5204481600e-02 3.6552024522e+06 6.2356107382e+05 2.5180252395e-08 1.8348728449e-08
1.6424790100e+01 9.0588219400e-02 6.6014973200e-02 3.6808345093e+06 6.1251322755e+05 2.4610783009e-08 1.8396430601e-08
1.6456621100e+01 8.9074015300e-02 6.6866557600e-02 3.6984924682e+06 5.9555838528e+05 2.4083870947e-08 1.8490677726e-08
1.6488452100e+01 8.7496820100e-02 6.7758987700e-02 3.7059020811e+06 5.7436535757e+05 2.3610127355e-08 1.8646648611e-08
1.6520283100e+01 8.5857037900e-02 6.8691484200e-02 3.6998592958e+06 5.5019743955e+05 2.3205487300e-08 1.8883950108e-08
1.6552114100e+01 8.4155414600e-02 6.9662890900e-02 3.6800584626e+06 5.2487322899e+05 2.2867955891e-08 1.9208758955e-08
1.6583945100e+01 8.2392733400e-02 7.0671496700e-02 3.6450495776e+06 4.9988679784e+05 2.2604008985e-08 1.9634606157e-08
1.6615776100e+01 8.0570100400e-02 7.1715276000e-02 3.5967607523e+06 4.7638687584e+05 2.2400739429e-08 2.0158387293e-08
1.6647607000e+01 7.8688589500e-02 7.2791676600e-02 3.5360878276e+06 4.5523127238e+05 2.2253007656e-08 2.0783759798e-08
1.6679438000e+01 7.6749647800e-02 7.3897754700e-02 3.4668522196e+06 4.3637818110e+05 2.2138136540e-08 2.1496890101e-08
1.6711269000e+01 7.4754981500e-02 7.5030087900e-02 3.3923859437e+06 4.1956293363e+05 2.2036107548e-08 2.2284486642e-08
1.6743100000e+01 7.2706321700e-02 7.6185042700e-02 3.3175562675e+06 4.0386524537e+05 2.1915625791e-08 2.3118661091e-08
1.6774931000e+01 7.0605753600e-02 7.7358521700e-02 3.2476807178e+06 3.8838283602e+05 2.1740361734e-08 2.3961087090e-08
1.6806762000e+01 6.8455179300e-02 7.8545975500e-02 3.1875398675e+06 3.7231427751e+05 2.1475866074e-08 2.4768913965e-08
1.6838593000e+01 6.6257183000e-02 7.9742814600e-02 3.1434904459e+06 3.5520830885e+05 2.1077583705e-08 2.5479165040e-08
1.6870424000e+01 6.4014285900e-02 8.0944089100e-02 3.1190592669e+06 3.3737360435e+05 2.0523587538e-08 2.6046218953e-08
1.6902255000e+01 6.1728971300e-02 8.2144467100e-02 3.1204008967e+06 3.1992823333e+05 1.9782384810e-08 2.6402991324e-08
1.6934085900e+01 5.9404114200e-02 8.3338685500e-02 3.1488767866e+06 3.0480364326e+05 1.8865175815e-08 2.6529086373e-08
1.6965916900e+01 5.7042823400e-02 8.4521245800e-02 3.2092010580e+06 2.9510088424e+05 1.7774773960e-08 2.6387829857e-08
1.6997747900e+01 5.4648018100e-02 8.5686391400e-02 3.2999848438e+06 2.9309990830e+05 1.6560081542e-08 2.6007317435e-08
1.7029578900e+01 5.2223003000e-02 8.6828499000e-02 3.4235014762e+06 3.0120155505e+05 1.5254266242e-08 2.5397967130e-08
1.7061409900e+01 4.9771228200e-02 8.7941700000e-02 3.5756507840e+06 3.1832152240e+05 1.3919488005e-08 2.4625797530e-08
1.7093240900e+01 4.7295947800e-02 8.9020322700e-02 3.7556578896e+06 3.4278091287e+05 1.2593252418e-08 2.3730841860e-08
1.7125071900e+01 4.4800845600e-02 9.0058690100e-02 3.9573079702e+06 3.7075660788e+05 1.1321040954e-08 2.2782267729e-08
1.7156902900e+01 4.2289371600e-02 9.1050928400e-02 4.1768263623e+06 3.9887040064e+05 1.0124761705e-08 2.1820501375e-08
1.7188733900e+01 3.9765298000e-02 9.1991768500e-02 4.4069525765e+06 4.2416549580e+05 9.0233097157e-09 2.0892295233e-08
1.7220564800e+01 3.7232479400e-02 9.2875626000e-02 4.6416027536e+06 4.4398390917e+05 8.0214704654e-09 2.0024092658e-08
1.7252395800e+01 3.4694492100e-02 9.3697385000e-02 4.8738507104e+06 4.5726085046e+05 7.1184970902e-09 1.9236105577e-08
1.7284226800e+01 3.2155152500e-02 9.4452051600e-02 5.0965873237e+06 4.6270871406e+05 6.3091536469e-09 1.8541260913e-08
1.7316057800e+01 2.9618176200e-02 9.5134749200e-02 5.3046585250e+06 4.6098070738e+05 5.5834274837e-09 1.7940751497e-08
1.7347888800e+01 2.7087499600e-02 9.5741215500e-02 5.4914885358e+06 4.5228946856e+05 4.9326333695e-09 1.7439206995e-08
1.7379719800e+01 2.4566585400e-02 9.6267303800e-02 5.6548928420e+06 4.3848876881e+05 4.3443060879e-09 1.7027051076e-08
1.7411550800e+01 2.2059641900e-02 9.6709242000e-02 5.7903475777e+06 4.2103422005e+05 3.8097267226e-09 1.6704099714e-08
1.7443381800e+01 1.9569815800e-02 9.7063664400e-02 5.8992025746e+06 4.0220073717e+05 3.3173662970e-09 1.6455246805e-08
1.7475212800e+01 1.7101106800e-02 9.7327419600e-02 5.9801783680e+06 3.8400767079e+05 2.8596315607e-09 1.6276038660e-08
1.7507043700e+01 1.4656541700e-02 9.7498532400e-02 6.0378565082e+06 3.6808961685e+05 2.4274412087e-09 1.6148549813e-08
1.7538874700e+01 1.2240126400e-02 9.7574553100e-02 6.0745434921e+06 3.5586123395e+05 2.0149870383e-09 1.6063295611e-08
1.7570705700e+01 9.8541862800e-03 9.7554771500e-02 6.0969747707e+06 3.4749578913e+05 1.6162419315e-09 1.6000785942e-08
1.7602536700e+01 7.5032265600e-03 9.7437223700e-02 6.1104743223e+06 3.4312836913e+05 1.2279286622e-09 1.5946083647e-08
1.7634367700e+01 5.1893197800e-03 9.7222554400e-02 6.1221901589e+06 3.4190267838e+05 8.4762472993e-10 1.5880425764e-08
1.7666198700e+01 2.9159665000e-03 9.6910617300e-02 6.1389535047e+06 3.4343002684e+05 4.7499406825e-10 1.5786201104e-08
1.7698029700e+01 6.8542251200e-04 9.6502543100e-02 6.1663835375e+06 3.4717272064e+05 1.1115469997e-10 1.5649780820e-08
1.7729860700e+01 -1.4992476100e-03 9.6000226900e-02 6.2108541959e+06 3.5335702231e+05 -2.4139153210e-10 -1.5456853722e-08
1.7761691600e+01 -3.6358512800e-03 9.5405550700e-02 6.2747974720e+06 3.6221136602e+05 -5.7943723223e-10 -1.5204599348e-08
1.7793522600e+01 -5.7222022100e-03 9.4722270900e-02 6.3620992303e+06 3.7456690820e+05 -8.9942045901e-10 -1.4888618768e-08
1.7825353600e+01 -7.7560383100e-03 9.3953748900e-02 6.4712231962e+06 3.9059263259e+05 -1.1985428527e-09 -1.4518880333e-08
1.7857184600e+01 -9.7351038000e-03 9.3104621600e-02 6.6021647198e+06 4.1061328039e+05 -1.4745320987e-09 -1.4102433702e-08
1.7889015600e+01 -1.1658311800e-02 9.2180803800e-02 6.7497005972e+06 4.3377946397e+05 -1.7272339168e-09 -1.3657472254e-08
1.7920846600e+01 -1.3524158600e-02 9.1188456700e-02 6.9095561569e+06 4.5913643118e+05 -1.9573122054e-09 -1.3198081438e-08
1.7952677600e+01 -1.5330969600e-02 9.0134484300e-02 7.0742168446e+06 4.8497176408e+05 -2.1671613886e-09 -1.2742132978e-08
1.7984508600e+01 -1.7077765500e-02 8.9026864200e-02 7.2359738900e+06 5.0943112891e+05 -2.3601198345e-09 -1.2304491961e-08
1.8016339600e+01 -1.8763503700e-02 8.7874489200e-02 7.3871034341e+06 5.3084769874e+05 -2.5400353288e-09 -1.1897062804e-08
1.8048170500e+01 -2.0387697500e-02 8.6686839100e-02 7.5182577215e+06 5.4728432617e+05 -2.7117582630e-09 -1.1531866226e-08
1.8080001500e+01 -2.1949620500e-02 8.5474294500e-02 7.6237780143e+06 5.5787085210e+05 -2.8791001599e-09 -1.1213519585e-08
1.8111832500e+01 -2.3449013400e-02 8.4247994400e-02 7.6949456183e+06 5.6125958851e+05 -3.0473267211e-09 -1.0950740635e-08
1.8143663500e+01 -2.4885732300e-02 8.3019668900e-02 7.7298292473e+06 5.5767812862e+05 -3.2194414008e-09 -1.0742679828e-08
1.8175494500e+01 -2.6259937600e-02 8.1801754100e-02 7.7224416777e+06 5.4670745379e+05 -3.4004708220e-09 -1.0595467046e-08
1.8207325500e+01 -2.7571582600e-02 8.0607111800e-02 7.6752663832e+06 5.2953881355e+05 -3.5922639324e-09 -1.0505114757e-08
1.8239156500e+01 -2.8821051400e-02 7.9448876400e-02 7.5863457429e+06 5.0671409937e+05 -3.7990690613e-09 -1.0475688493e-08
1.8270987500e+01 -3.0009254000e-02 7.8340377100e-02 7.4620027528e+06 4.7993040275e+05 -4.0216085405e-09 -1.0501758332e-08
1.8302818500e+01 -3.1136626300e-02 7.7294953000e-02 7.3045062829e+06 4.5037692332e+05 -4.2626599381e-09 -1.0585081013e-08
1.8334649400e+01 -3.2204255200e-02 7.6325548100e-02 7.1224887517e+06 4.1966289918e+05 -4.5214890922e-09 -1.0719445640e-08
1.8366480400e+01 -3.3212772600e-02 7.5444565400e-02 6.9215079935e+06 3.8909115908e+05 -4.7984879352e-09 -1.0903355764e-08
1.8398311400e+01 -3.4163511600e-02 7.4663578600e-02 6.7104430953e+06 3.5969112223e+05 -5.0910962383e-09 -1.1129821194e-08
1.8430142400e+01 -3.5057767600e-02 7.3992962600e-02 6.4964733818e+06 3.3237502804e+05 -5.3964305769e-09 -1.1393058134e-08
1.8461973400e+01 -3.5896873800e-02 7.3441438900e-02 6.2868289208e+06 3.0739719792e+05 -5.7098537677e-09 -1.1685129451e-08
1.8493804400e+01 -3.6682188900e-02 7.3016019300e-02 6.0885202630e+06 2.8507579500e+05 -6.0248118288e-09 -1.1995725354e-08
1.8525635400e+01 -3.7415431400e-02 7.2721954200e-02 5.9057735536e+06 2.6510172499e+05 -6.3353989212e-09 -1.2316988690e-08
1.8557466400e+01 -3.8098092700e-02 7.2561816500e-02 5.7440308508e+06 2.4740538053e+05 -6.6326406821e-09 -1.2635790210e-08
1.8589297400e+01 -3.8731790200e-02 7.2536117300e-02 5.6042277108e+06 2.3154299460e+05 -6.9111735281e-09 -1.2946256012e-08
1.8621128300e+01 -3.9318369100e-02 7.2642839100e-02 5.4895377023e+06 2.1747162289e+05 -7.1624189927e-09 -1.3236002840e-08
1.8652959300e+01 -3.9859453200e-02 7.2877739700e-02 5.3981934652e+06 2.0506720818e+05 -7.3838504413e-09 -1.3503307845e-08
1.8684790300e+01 -4.0357020300e-02 7.3234354800e-02 5.3312261532e+06 1.9487407910e+05 -7.5699321582e-09 -1.3739655520e-08
1.8716621300e+01 -4.0812624900e-02 7.3704088100e-02 5.2853090218e+06 1.8753044657e+05 -7.7218994635e-09 -1.3947777133e-08
1.8748452300e+01 -4.1228497400e-02 7.4276901200e-02 5.2600894594e+06 1.8460026169e+05 -7.8379840721e-09 -1.4123522611e-08
1.8780283300e+01 -4.1606053200e-02 7.4940988300e-02 5.2518752643e+06 1.8707419319e+05 -7.9221327824e-09 -1.4272167047e-08
1.8812114300e+01 -4.1947080500e-02 7.5683528000e-02 5.2598229031e+06 1.9641268773e+05 -7.9749986403e-09 -1.4392069302e-08
1.8843945300e+01 -4.2253809800e-02 7.6490923000e-02 5.2808175871e+06 2.1214329830e+05 -8.0013765110e-09 -1.4488240440e-08
1.8875776300e+01 -4.2527353300e-02 7.7349040100e-02 5.3141540363e+06 2.3387762735e+05 -8.0026572451e-09 -1.4559548079e-08
1.8907607200e+01 -4.2769808700e-02 7.8243563300e-02 5.3575766330e+06 2.5980886833e+05 -7.9830512245e-09 -1.4609412679e-08
1.8939438200e+01 -4.2982711400e-02 7.9160205500e-02 5.4107595504e+06 2.8876145628e+05 -7.9439330097e-09 -1.4636287953e-08
1.8971269200e+01 -4.3167458000e-02 8.0084659200e-02 5.4720233534e+06 3.1939384813e+05 -7.8887561715e-09 -1.4642533541e-08
1.9003100200e+01 -4.3325729100e-02 8.1003324400e-02 5.5410841271e+06 3.5119112054e+05 -7.8189986123e-09 -1.4627075208e-08
1.9034931200e+01 -4.3458921300e-02 8.1902984600e-02 5.6163119999e+06 3.8401400088e+05 -7.7379820247e-09 -1.4592649185e-08
1.9066762200e+01 -4.3568228700e-02 8.2770973600e-02 5.6968268808e+06 4.1841137405e+05 -7.6478063335e-09 -1.4540165417e-08
1.9098593200e+01 -4.3655149000e-02 8.3595697900e-02 5.7805498456e+06 4.5496527191e+05 -7.5520755233e-09 -1.4473757999e-08
1.9130424200e+01 -4.3720629800e-02 8.4366016400e-02 5.8654612982e+06 4.9462415198e+05 -7.4539115641e-09 -1.4397254380e-08
1.9162255100e+01 -4.3765947600e-02 8.5071794700e-02 5.9489007898e+06 5.3749399583e+05 -7.3569805829e-09 -1.4315862942e-08
1.9194086100e+01 -4.3791854400e-02 8.5703676800e-02 6.0275327625e+06 5.8355980582e+05 -7.2653034211e-09 -1.4236087219e-08
1.9225917100e+01 -4.3799285200e-02 8.6253260700e-02 6.0984840208e+06 6.3160130033e+05 -7.1819955666e-09 -1.4162939332e-08
1.9257748100e+01 -4.3789149900e-02 8.6712896600e-02 6.1575040274e+06 6.8000135950e+05 -7.1115097457e-09 -1.4104357036e-08
1.9289579100e+01 -4.3761928900e-02 8.7075993900e-02 6.2022773468e+06 7.2661918338e+05 -7.0557839408e-09 -1.4063671863e-08
1.9321410100e+01 -4.3718386700e-02 8.7336725300e-02 6.2285551398e+06 7.6879197858e+05 -7.0190253949e-09 -1.4048726860e-08
1.9353241100e+01 -4.3658883300e-02 8.7490005100e-02 6.2354955481e+06 8.0456270117e+05 -7.0016701902e-09 -1.4060017200e-08
1.9385072100e+01 -4.3583937100e-02 8.7531880000e-02 6.2199414772e+06 8.3124595837e+05 -7.0071297712e-09 -1.4103904599e-08
1.9416903100e+01 -4.3493667900e-02 8.7458823800e-02 6.1832112440e+06 8.4795525698e+05 -7.0341552607e-09 -1.4177419702e-08
1.9448734000e+01 -4.3388366600e-02 8.7268314300e-02 6.1243002753e+06 8.5278781994e+05 -7.0846243081e-09 -1.4283623678e-08
1.9480565000e+01 -4.3268367900e-02 8.6958786300e-02 6.0467280421e+06 8.4622245636e+05 -7.1556662709e-09 -1.4415954798e-08
1.9512396000e+01 -4.3133374800e-02 8.6528990000e-02 5.9521436382e+06 8.2743802284e+05 -7.2466958833e-09 -1.4572312974e-08
1.9544227000e+01 -4.2983450700e-02 8.5978470400e-02 5.8457467352e+06 7.9794205765e+05 -7.3529443965e-09 -1.4742073725e-08
1.9576058000e+01 -4.2818658700e-02 8.5307819500e-02 5.7316038061e+06 7.5779373678e+05 -7.4706243049e-09 -1.4916498049e-08
1.9607889000e+01 -4.2638752200e-02 8.4517942500e-02 5.6154203415e+06 7.0886681108e+05 -7.5931541375e-09 -1.5081535771e-08
1.9639720000e+01 -4.2443548200e-02 8.3610430100e-02 5.5027451008e+06 6.5161022667e+05 -7.7131590547e-09 -1.5221739786e-08
1.9671551000e+01 -4.2232825400e-02 8.2587587700e-02 5.3984242425e+06 5.8770268162e+05 -7.8231764499e-09 -1.5322150209e-08
1.9703382000e+01 -4.2006242600e-02 8.1452001200e-02 5.3081265883e+06 5.1767819780e+05 -7.9135721240e-09 -1.5364169923e-08
1.9735212900e+01 -4.1763398600e-02 8.0207079800e-02 5.2345441651e+06 4.4307309625e+05 -7.9784212881e-09 -1.5337523247e-08
1.9767043900e+01 -4.1504031200e-02 7.8856616200e-02 5.1820466314e+06 3.6497732445e+05 -8.0091967812e-09 -1.5227724398e-08
1.9798874900e+01 -4.1227909700e-02 7.7404891200e-02 5.1505521996e+06 2.8582270300e+05 -8.0045610844e-09 -1.5035027849e-08
1.9830705900e+01 -4.0934506600e-02 7.5856672300e-02 5.1420595497e+06 2.1020949356e+05 -7.9607220033e-09 -1.4755785570e-08
1.9862536900e+01 -4.0623411000e-02 7.4216973600e-02 5.1538031282e+06 1.4821710758e+05 -7.8822201759e-09 -1.4402212574e-08
1.9894367900e+01 -4.0294433500e-02 7.2491262100e-02 5.1851277002e+06 1.2667053071e+05 -7.7711554720e-09 -1.3981901609e-08
1.9926198900e+01 -3.9947125300e-02 7.0685615700e-02 5.2314769046e+06 1.5595034624e+05 -7.6359173572e-09 -1.3513515790e-08
1.9958029900e+01 -3.9581145400e-02 6.8806082300e-02 5.2900275509e+06 2.1202088431e+05 -7.4822191414e-09 -1.3010209683e-08
1.9989860900e+01 -3.9196380000e-02 6.6859111500e-02 5.3557801035e+06 2.7086725761e+05 -7.3185192899e-09 -1.2489028988e-08
2.0021691800e+01 -3.8792266600e-02 6.4851593300e-02 5.4249646729e+06 3.2288689558e+05 -7.1506947859e-09 -1.1961862363e-08
2.0053522800e+01 -3.8369091000e-02 6.2790437900e-02 5.4936133253e+06 3.6415034210e+05 -6.9843086377e-09 -1.1439087949e-08
2.0085353800e+01 -3.7926211700e-02 6.0682935900e-02 5.5584174746e+06 3.9111813378e+05 -6.8232031641e-09 -1.0927856466e-08
2.0117184800e+01 -3.7463757000e-02 5.8536602200e-02 5.6175418890e+06 4.0367624073e+05 -6.6690658905e-09 -1.0431337680e-08
2.0149015800e+01 -3.6981746500e-02 5.6359071000e-02 5.6693864273e+06 4.0050509747e+05 -6.5230597657e-09 -9.9516218804e-09
2.0180846800e+01 -3.6480078500e-02 5.4158188200e-02 5.7145974216e+06 3.8379422957e+05 -6.3836655163e-09 -9.4868584567e-09
2.0212677800e+01 -3.5958967800e-02 5.1942063800e-02 5.7539489260e+06 3.5476882961e+05 -6.2494416031e-09 -9.0354225753e-09
2.0244508800e+01 -3.5418629300e-02 4.9718903700e-02 5.7900366056e+06 3.1791496487e+05 -6.1171684590e-09 -8.5935420603e-09
2.0276339700e+01 -3.4859088200e-02 4.7497128500e-02 5.8257333703e+06 2.7843888322e+05 -5.9836394809e-09 -8.1580012976e-09
2.0308170700e+01 -3.4281008000e-02 4.5285474600e-02 5.8644282921e+06 2.4427885606e+05 -5.8455839670e-09 -7.7258992732e-09
2.0340001700e+01 -3.3684711000e-02 4.3092686800e-02 5.9100607300e+06 2.2653700072e+05 -5.6995541228e-09 -7.2946840224e-09
2.0371832700e+01 -3.3070538300e-02 4.0927980900e-02 5.9652372133e+06 2.3153676974e+05 -5.5438764826e-09 -6.8644553828e-09
2.0403663700e+01 -3.2439260900e-02 3.8800823900e-02 6.0333513612e+06 2.6002052771e+05 -5.3766570117e-09 -6.4352297711e-09
2.0435494700e+01 -3.1791643200e-02 3.6720934700e-02 6.1148800886e+06 3.0245109905e+05 -5.1990624084e-09 -6.0106799639e-09
2.0467325700e+01 -3.1128317900e-02 3.4698377400e-02 6.2110969312e+06 3.5139966086e+05 -5.0117263093e-09 -5.5937046072e-09
2.0499156700e+01 -3.0450155600e-02 3.2743961500e-02 6.3196283015e+06 4.0090880436e+05 -4.8183459766e-09 -5.1903198892e-09
2.0530987700e+01 -2.9757990400e-02 3.0868415000e-02 6.4384689413e+06 4.4755095562e+05 -4.6219047838e-09 -4.8051245619e-09
2.0562818600e+01 -2.9053093600e-02 2.9083619100e-02 6.5626135318e+06 4.8963642499e+05 -4.4270614839e-09 -4.4440048755e-09
2.0594649600e+01 -2.8336279700e-02 2.7401174500e-02 6.6865941180e+06 5.2560046632e+05 -4.2377747475e-09 -4.1114435881e-09
2.0626480600e+01 -2.7608957800e-02 2.5833482600e-02 6.8039538933e+06 5.5518647589e+05 -4.0577814360e-09 -3.8112436530e-09
2.0658311600e+01 -2.6872113600e-02 2.4392873600e-02 6.9065211771e+06 5.7732133093e+05 -3.8908319994e-09 -3.5468045395e-09
2.0690142600e+01 -2.6127175100e-02 2.3091245500e-02 6.9882565402e+06 5.9211978525e+05 -3.7387258109e-09 -3.3194432167e-09
2.0721973600e+01 -2.5375393400e-02 2.1939621900e-02 7.0400340208e+06 5.9855001013e+05 -3.6044418713e-09 -3.1314398192e-09
2.0753804600e+01 -2.4618304100e-02 2.0947270800e-02 7.0581759273e+06 5.9693121739e+05 -3.4879130747e-09 -2.9824261424e-09
2.0785635600e+01 -2.3857158700e-02 2.0120698600e-02 7.0348297309e+06 5.8637250294e+05 -3.3912915611e-09 -2.8740889025e-09
2.0817466600e+01 -2.3093674200e-02 1.9462627400e-02 6.9702261350e+06 5.6752769192e+05 -3.3131886617e-09 -2.8052529772e-09
2.0849297500e+01 -2.2329109800e-02 1.8971524000e-02 6.8599030379e+06 5.3989414342e+05 -3.2550182818e-09 -2.7774071938e-09
2.0881128500e+01 -2.1565114100e-02 1.8640654400e-02 6.7085863695e+06 5.0450817042e+05 -3.2145541419e-09 -2.7891225817e-09
2.0912959500e+01 -2.0803190900e-02 1.8458742900e-02 6.5166653549e+06 4.6131734333e+05 -3.1923061515e-09 -2.8415446346e-09
2.0944790500e+01 -2.0044919900e-02 1.8410314300e-02 6.2928356126e+06 4.1157390686e+05 -3.1853557178e-09 -2.9330075153e-09
2.0976621500e+01 -1.9291994600e-02 1.8477036700e-02 6.0425672761e+06 3.5550653677e+05 -3.1926818054e-09 -3.0635761877e-09
2.1008452500e+01 -1.8545729200e-02 1.8639256700e-02 5.7769220257e+06 2.9436192266e+05 -3.2103132286e-09 -3.2306471207e-09
2.1040283500e+01 -1.7807842400e-02 1.8876773500e-02 5.5055250705e+06 2.2859306329e+05 -3.2345402431e-09 -3.4313255390e-09
2.1072114500e+01 -1.7079673800e-02 1.9170337000e-02 5.2393818236e+06 1.5954434257e+05 -3.2598643075e-09 -3.6602392097e-09
2.1103945500e+01 -1.6362942000e-02 1.9502263900e-02 4.9902717358e+06 8.9035472398e+04 -3.2789681337e-09 -3.9084943629e-09
2.1135776400e+01 -1.5659031000e-02 1.9856483800e-02 4.7666475142e+06 3.0642784638e+04 -3.2851245982e-09 -4.1657661717e-09
2.1167607400e+01 -1.4969204300e-02 2.0219343300e-02 4.5797884877e+06 7.2103822205e+04 -3.2685361650e-09 -4.4152075581e-09
2.1199438400e+01 -1.4295022800e-02 2.0578999700e-02 4.4335738529e+06 1.4243569134e+05 -3.2242663085e-09 -4.6427834905e-09
2.1231269400e+01 -1.3637800700e-02 2.0925602200e-02 4.3362178638e+06 2.1173057650e+05 -3.1450912128e-09 -4.8282156893e-09
2.1263100400e+01 -1.2998517400e-02 2.1251018400e-02 4.2859853522e+06 2.7611322872e+05 -3.0327955725e-09 -4.9621053270e-09
2.1294931400e+01 -1.2378664200e-02 2.1548652800e-02 4.2860891896e+06 3.3230376689e+05 -2.8881023358e-09 -5.0325630844e-09
2.1326762400e+01 -1.1779125700e-02 2.1813442700e-02 4.3294639388e+06 3.7851814566e+05 -2.7206891815e-09 -5.0439821271e-09
2.1358593400e+01 -1.1201077100e-02 2.2041117700e-02 4.4135264694e+06 4.1162112329e+05 -2.5378973430e-09 -4.9995983773e-09
2.1390424400e+01 -1.0645453600e-02 2.2228811400e-02 4.5273641156e+06 4.3094146032e+05 -2.3513579487e-09 -4.9149779805e-09
2.1422255300e+01 -1.0112988200e-02 2.2374140900e-02 4.6631184089e+06 4.3421952994e+05 -2.1687178650e-09 -4.8023549155e-09
2.1454086300e+01 -9.6045718000e-03 2.2475802600e-02 4.8084181884e+06 4.2248984059e+05 -1.9974493531e-09 -4.6775549032e-09
2.1485917300e+01 -9.1207541800e-03 2.2532778700e-02 4.9517987553e+06 3.9540938554e+05 -1.8419072807e-09 -4.5527992888e-09
2.1517748300e+01 -8.6622556500e-03 2.2544798000e-02 5.0821481778e+06 3.5623581676e+05 -1.7044476758e-09 -4.4376850506e-09
2.1549579300e+01 -8.2293984600e-03 2.2512030600e-02 5.1868469926e+06 3.0802431425e+05 -1.5865897860e-09 -4.3412374862e-09
2.1581410300e+01 -7.8227614000e-03 2.2435003700e-02 5.2584029101e+06 2.5762599494e+05 -1.4876686959e-09 -4.2671277801e-09
2.1613241300e+01 -7.4422699200e-03 2.2314544700e-02 5.2856778108e+06 2.1581872611e+05 -1.4080067281e-09 -4.2220911767e-09
2.1645072300e+01 -7.0882393200e-03 2.2151973300e-02 5.2663412657e+06 1.9577874333e+05 -1.3459513849e-09 -4.2066283611e-09
2.1676903200e+01 -6.7610051300e-03 2.1948405800e-02 5.1928822065e+06 2.0843604296e+05 -1.3019754466e-09 -4.2269557787e-09
2.1708734200e+01 -6.4601964200e-03 2.1705482900e-02 5.0684844550e+06 2.4415525416e+05 -1.2745814804e-09 -4.2828805761e-09
2.1740565200e+01 -6.1858062600e-03 2.1425237200e-02 4.8905643808e+06 2.8941198422e+05 -1.2648450727e-09 -4.3815728569e-09
2.1772396200e+01 -5.9375755800e-03 2.1109351500e-02 4.6669814401e+06 3.3282792029e+05 -1.2722518090e-09 -4.5240372881e-09
2.1804227200e+01 -5.7151884400e-03 2.0760018600e-02 4.4001772022e+06 3.6757156941e+05 -1.2988541546e-09 -4.7192434755e-09
2.1836058200e+01 -5.5183162600e-03 2.0379277200e-02 4.1008906993e+06 3.9088289592e+05 -1.3456384636e-09 -4.9711307618e-09
2.1867889200e+01 -5.3462513600e-03 1.9969481900e-02 3.7757295372e+06 4.0011967752e+05 -1.4159518862e-09 -5.2910349717e-09
2.1899720200e+01 -5.1984440000e-03 1.9532965900e-02 3.4359721915e+06 3.9611899722e+05 -1.5129470526e-09 -5.6875191550e-09
2.1931551200e+01 -5.0744329200e-03 1.9072045600e-02 3.0906978915e+06 3.7866854984e+05 -1.6418404833e-09 -6.1740671302e-09
2.1963382100e+01 -4.9731376100e-03 1.8589124900e-02 2.7495579254e+06 3.5043923172e+05 -1.8087044336e-09 -6.7646976109e-09
2.1995213100e+01 -4.8939186300e-03 1.8086739000e-02 2.4220856812e+06 3.1299593577e+05 -2.0205390205e-09 -7.4719867935e-09
2.2027044100e+01 -4.8359272400e-03 1.7567196300e-02 2.1146486526e+06 2.6972633362e+05 -2.2868703196e-09 -8.3125024889e-09
2.2058875100e+01 -4.7980517300e-03 1.7033227500e-02 1.8354204182e+06 2.2328980615e+05 -2.6141431589e-09 -9.2857342103e-09
2.2090706100e+01 -4.7793995200e-03 1.6487039000e-02 1.5866937582e+06 1.7688212881e+05 -3.0121751570e-09 -1.0396237918e-08
2.2122537100e+01 -4.7788940200e-03 1.5931169100e-02 1.3740049214e+06 1.3365103093e+05 -3.4780763486e-09 -1.1599630549e-08
2.2154368100e+01 -4.7952089400e-03 1.5368232600e-02 1.1957277203e+06 9.6250502397e+04 -4.0102849992e-09 -1.2856672053e-08
2.2186199100e+01 -4.8274091100e-03 1.4800512300e-02 1.0542412260e+06 6.8569778180e+04 -4.5790365535e-09 -1.4042177484e-08
2.2218030100e+01 -4.8743634700e-03 1.4230399400e-02 9.4491129634e+05 5.2994769812e+04 -5.1585407952e-09 -1.5062816033e-08
2.2249861000e+01 -4.9346598000e-03 1.3660308100e-02 8.6718368689e+05 5.0318572226e+04 -5.6904435295e-09 -1.5755956811e-08
2.2281692000e+01 -5.0072074800e-03 1.3092643900e-02 8.1479135597e+05 5.4244034450e+04 -6.1453861082e-09 -1.6073914898e-08
2.2313523000e+01 -5.0908558900e-03 1.2529512500e-02 7.8502796956e+05 6.0486241553e+04 -6.4849356805e-09 -1.5968413062e-08
2.2345354000e+01 -5.1841586500e-03 1.1973253600e-02 7.7142726494e+05 6.8091033853e+04 -6.7202170388e-09 -1.5532241128e-08
2.2377185000e+01 -5.2859487100e-03 1.1426003800e-02 7.7019200716e+05 7.8410871815e+04 -6.8631570581e-09 -1.4851711749e-08
2.2409016000e+01 -5.3949913900e-03 1.0889895100e-02 7.7584367274e+05 9.2204336702e+04 -6.9537093355e-09 -1.4060504637e-08
2.2440847000e+01 -5.5101069900e-03 1.0366911900e-02 7.8452932020e+05 1.0957892865e+05 -7.0234557819e-09 -1.3250544183e-08
2.2472678000e+01 -5.6299875300e-03 9.8589028800e-03 7.9248900219e+05 1.2916235398e+05 -7.1041837987e-09 -1.2494195042e-08
2.2504509000e+01 -5.7535493500e-03 9.3678938500e-03 7.9659992868e+05 1.4949803064e+05 -7.2226335239e-09 -1.1837707742e-08
2.2536339900e+01 -5.8795697800e-03 8.8955438900e-03 7.9504247841e+05 1.6900288606e+05 -7.3952901130e-09 -1.1298660628e-08
2.2568170900e+01 -6.0069677000e-03 8.4434018600e-03 7.8586205218e+05 1.8615574955e+05 -7.6437940772e-09 -1.0895631809e-08
2.2600001900e+01 -6.1345867700e-03 8.0129403700e-03 7.6895133880e+05 2.0004871154e+05 -7.9778608352e-09 -1.0625289683e-08
2.2631832900e+01 -6.2613212200e-03 7.6054703300e-03 7.4360861665e+05 2.0954986668e+05 -8.4201837900e-09 -1.0499423289e-08
2.2663663900e+01 -6.3863938400e-03 7.2220826300e-03 7.1094347708e+05 2.1448441650e+05 -8.9829839445e-09 -1.0513732920e-08
2.2695494900e+01 -6.5085977700e-03 6.8635940400e-03 6.7131187860e+05 2.1423383731e+05 -9.6953412824e-09 -1.0682059173e-08
2.2918311800e+01 -7.2182525500e-03 5.0566893100e-03 3.2487338329e+05 1.0575148010e+05 -2.2218664012e-08 -1.7163393707e-08
2.2950142800e+01 -7.2907534800e-03 4.8893185200e-03 2.8182601692e+05 8.5029873566e+04 -2.5869696346e-08 -1.9023625765e-08
2.2981973800e+01 -7.3544461200e-03 4.7397173500e-03 2.4309915283e+05 6.6636512516e+04 -3.0252866102e-08 -2.1187349992e-08
2.3013804800e+01 -7.4090714000e-03 4.6056572900e-03 2.0946355674e+05 5.2836592710e+04 -3.5371648966e-08 -2.3729213951e-08
2.3045635800e+01 -7.4542780100e-03 4.4847997400e-03 1.8068342706e+05 4.5351133079e+04 -4.1256014075e-08 -2.6894739461e-08
2.3077466700e+01 -7.4898043500e-03 4.3748108800e-03 1.5709879447e+05 4.5200844265e+04 -4.7675759545e-08 -3.1042723407e-08
2.4446199300e+01 -2.8965923100e-03 1.1729787000e-03 4.1783165372e+04 1.2560738846e+04 -6.9324386609e-08 -3.4962882196e-08
2.4478030200e+01 -2.7650145700e-03 1.1824687600e-03 4.6255204184e+04 1.0214615672e+04 -5.9777372487e-08 -2.8771138435e-08
2.4509861200e+01 -2.6363755300e-03 1.1930223100e-03 5.0394982033e+04 8.6098956976e+03 -5.2314246849e-08 -2.5304461099e-08
2.4541692200e+01 -2.5107639200e-03 1.2043699600e-03 5.4031030728e+04 8.4072819422e+03 -4.6468925101e-08 -2.3433755983e-08
2.4573523200e+01 -2.3882594100e-03 1.2163244500e-03 5.7096543581e+04 9.5937210016e+03 -4.1828441096e-08 -2.2432389586e-08
2.4605354200e+01 -2.2688959900e-03 1.2287409700e-03 5.9468965663e+04 1.1738546819e+04 -3.8152605560e-08 -2.1991550814e-08
2.4637185200e+01 -2.1527394500e-03 1.2415460300e-03 6.1171590173e+04 1.4258015310e+04 -3.5191817703e-08 -2.1890980641e-08
2.4669016200e+01 -2.0398070900e-03 1.2546774100e-03 6.2161288958e+04 1.6862748077e+04 -3.2814748925e-08 -2.2060027485e-08
2.4700847200e+01 -1.9301264800e-03 1.2681046300e-03 6.2542281942e+04 1.9386166585e+04 -3.0861145773e-08 -2.2419249484e-08
2.5942255700e+01 -9.2243747700e-05 1.0972758700e-03 1.8240855892e+04 5.7310599451e+03 -5.0569857165e-09 -6.0175824700e-08
2.5974086700e+01 -1.0287700600e-04 1.0698612800e-03 2.2204221923e+04 5.4813476010e+03 -4.6332182391e-09 -4.8196359623e-08
2.6005917700e+01 -1.1586284800e-04 1.0429844000e-03 2.5697675516e+04 5.2134082931e+03 -4.5086898201e-09 -4.0597027460e-08
2.6037748700e+01 -1.3111205400e-04 1.0168328900e-03 2.8635520699e+04 5.0193447181e+03 -4.5786509482e-09 -3.5518563747e-08
2.6069579700e+01 -1.4852535600e-04 9.9158555400e-04 3.0878531245e+04 4.9844146500e+03 -4.8099877167e-09 -3.2121843564e-08
2.6101410700e+01 -1.6799721900e-04 9.6741166500e-04 3.2430091024e+04 5.1238320351e+03 -5.1802882353e-09 -2.9841905953e-08
2.6133241700e+01 -1.8941532600e-04 9.4446690300e-04 3.3218257114e+04 5.4205687039e+03 -5.7021452194e-09 -2.8447384529e-08
2.6165072600e+01 -2.1265935600e-04 9.2289230800e-04 3.3320944452e+04 5.8004977076e+03 -6.3821527119e-09 -2.7719336989e-08
2.6196903600e+01 -2.3760570200e-04 9.0281651200e-04 3.2734150211e+04 6.1991704105e+03 -7.2586488565e-09 -2.7614499884e-08
2.6228734600e+01 -2.6412016400e-04 8.8434982100e-04 3.1583026437e+04 6.5633189245e+03 -8.3627249760e-09 -2.8054672831e-08
2.6260565600e+01 -2.9206752100e-04 8.6758613900e-04 2.9918425313e+04 6.8553708710e+03 -9.7621287866e-09 -2.9084533121e-08
2.6292396600e+01 -3.2130193600e-04 8.5260197700e-04 2.7881452287e+04 7.0660072478e+03 -1.1523859399e-08 -3.0718683986e-08
2.6324227600e+01 -3.5167738500e-04 8.3945534000e-04 2.5557417055e+04 7.1877258825e+03 -1.3760286662e-08 -3.3073052417e-08
2.6356058600e+01 -3.8304202800e-04 8.2818504100e-04 2.3075796290e+04 7.2361826683e+03 -1.6599298381e-08 -3.6265278152e-08
