# freq_w_over_2pi_THz  kappa_x_avg_Wm-1K-1THz-1  std_Wm-1K-1THz-1  stderr_Wm-1K-1THz-1
3.18309886e-02 1.82419658e+00 2.74480612e-01 1.37240306e-01
6.36619772e-02 1.82689550e+00 2.74476841e-01 1.37238421e-01
9.54929659e-02 1.83138008e+00 2.74540843e-01 1.37270422e-01
1.27323954e-01 1.83763276e+00 2.74769130e-01 1.37384565e-01
1.59154943e-01 1.84562751e+00 2.75298652e-01 1.37649326e-01
1.90985932e-01 1.85533344e+00 2.76303057e-01 1.38151528e-01
2.22816920e-01 1.86670826e+00 2.77984846e-01 1.38992423e-01
2.54647909e-01 1.87970661e+00 2.80565722e-01 1.40282861e-01
2.86478898e-01 1.89427491e+00 2.84285908e-01 1.42142954e-01
3.18309886e-01 1.91035459e+00 2.89382287e-01 1.44691144e-01
3.50140875e-01 1.92788062e+00 2.96082586e-01 1.48041293e-01
3.81971863e-01 1.94678014e+00 3.04586162e-01 1.52293081e-01
4.13802852e-01 1.96697854e+00 3.15056828e-01 1.57528414e-01
4.45633841e-01 1.98839311e+00 3.27613683e-01 1.63806842e-01
4.77464829e-01 2.01093575e+00 3.42327698e-01 1.71163849e-01
5.09295818e-01 2.03452073e+00 3.59220025e-01 1.79610012e-01
5.41126807e-01 2.05905004e+00 3.78271924e-01 1.89135962e-01
5.72957795e-01 2.08442613e+00 3.99426711e-01 1.99713355e-01
6.04788784e-01 2.11054914e+00 4.22603560e-01 2.11301780e-01
6.36619772e-01 2.13731414e+00 4.47696649e-01 2.23848324e-01
6.68450761e-01 2.16461945e+00 4.74592782e-01 2.37296391e-01
7.00281750e-01 2.19235526e+00 5.03167144e-01 2.51583572e-01
7.32112738e-01 2.22041414e+00 5.33293126e-01 2.66646563e-01
7.63943727e-01 2.24868615e+00 5.64841328e-01 2.82420664e-01
7.95774715e-01 2.27706489e+00 5.97686074e-01 2.98843037e-01
8.27605704e-01 2.30544280e+00 6.31702177e-01 3.15851088e-01
8.59436693e-01 2.33370837e+00 6.66768267e-01 3.33384134e-01
8.91267681e-01 2.36175670e+00 7.02764957e-01 3.51382479e-01
9.23098670e-01 2.38948473e+00 7.39579671e-01 3.69789836e-01
9.54929659e-01 2.41678771e+00 7.77099377e-01 3.88549688e-01
9.86760647e-01 2.44356692e+00 8.15217687e-01 4.07608843e-01
1.01859164e+00 2.46972438e+00 8.53827711e-01 4.26913855e-01
1.05042262e+00 2.49516605e+00 8.92829028e-01 4.46414514e-01
1.08225361e+00 2.51980335e+00 9.32122614e-01 4.66061307e-01
1.11408460e+00 2.54355097e+00 9.71611630e-01 4.85805815e-01
1.14591559e+00 2.56632614e+00 1.01120453e+00 5.05602264e-01
1.17774658e+00 2.58804925e+00 1.05080673e+00 5.25403364e-01
1.20957757e+00 2.60865142e+00 1.09033473e+00 5.45167363e-01
1.24140856e+00 2.62806693e+00 1.12970016e+00 5.64850079e-01
1.27323954e+00 2.64623576e+00 1.16882226e+00 5.84411128e-01
1.30507053e+00 2.66309914e+00 1.20762206e+00 6.03811030e-01
1.33690152e+00 2.67860337e+00 1.24601149e+00 6.23005746e-01
1.36873251e+00 2.69270674e+00 1.28391910e+00 6.41959550e-01
1.40056350e+00 2.70537956e+00 1.32127906e+00 6.60639528e-01
1.43239449e+00 2.71657569e+00 1.35800739e+00 6.79003695e-01
1.46422548e+00 2.72627744e+00 1.39404368e+00 6.97021842e-01
1.49605647e+00 2.73447092e+00 1.42932583e+00 7.14662917e-01
1.52788745e+00 2.74112705e+00 1.46377913e+00 7.31889564e-01
1.55971844e+00 2.74624331e+00 1.49734612e+00 7.48673062e-01
1.59154943e+00 2.74982223e+00 1.52996901e+00 7.64984507e-01
1.62338042e+00 2.75185812e+00 1.56158824e+00 7.80794120e-01
1.65521141e+00 2.75237373e+00 1.59215927e+00 7.96079635e-01
1.68704240e+00 2.75137663e+00 1.62162621e+00 8.10813104e-01
1.71887339e+00 2.74887885e+00 1.64992760e+00 8.24963798e-01
1.75070437e+00 2.74492080e+00 1.67703669e+00 8.38518344e-01
1.78253536e+00 2.73952020e+00 1.70289829e+00 8.51449143e-01
1.81436635e+00 2.73271665e+00 1.72747206e+00 8.63736030e-01
1.84619734e+00 2.72455249e+00 1.75072616e+00 8.75363078e-01
1.87802833e+00 2.71506103e+00 1.77261331e+00 8.86306654e-01
1.90985932e+00 2.70429463e+00 1.79311286e+00 8.96556432e-01
1.94169031e+00 2.69230367e+00 1.81218137e+00 9.06090687e-01
1.97352129e+00 2.67913983e+00 1.82980219e+00 9.14901093e-01
2.00535228e+00 2.66485960e+00 1.84594209e+00 9.22971044e-01
2.03718327e+00 2.64951821e+00 1.86057698e+00 9.30288488e-01
2.06901426e+00 2.63318142e+00 1.87369477e+00 9.36847387e-01
2.10084525e+00 2.61590915e+00 1.88527084e+00 9.42635421e-01
2.13267624e+00 2.59776535e+00 1.89529985e+00 9.47649924e-01
2.16450723e+00 2.57880800e+00 1.90375400e+00 9.51877000e-01
2.19633821e+00 2.55911352e+00 1.91064284e+00 9.55321420e-01
2.22816920e+00 2.53873908e+00 1.91594862e+00 9.57974309e-01
2.26000019e+00 2.51775773e+00 1.91967295e+00 9.59836476e-01
2.29183118e+00 2.49622102e+00 1.92180283e+00 9.60901414e-01
2.32366217e+00 2.47421098e+00 1.92236310e+00 9.61181548e-01
2.35549316e+00 2.45178125e+00 1.92134723e+00 9.60673615e-01
2.38732415e+00 2.42900358e+00 1.91877002e+00 9.59385009e-01
2.41915513e+00 2.40592279e+00 1.91462664e+00 9.57313318e-01
2.45098612e+00 2.38261109e+00 1.90894928e+00 9.54474641e-01
2.48281711e+00 2.35912129e+00 1.90174723e+00 9.50873617e-01
2.51464810e+00 2.33552165e+00 1.89305845e+00 9.46529223e-01
2.54647909e+00 2.31185023e+00 1.88288466e+00 9.41442329e-01
2.57831008e+00 2.28815726e+00 1.87126166e+00 9.35630829e-01
2.61014107e+00 2.26450013e+00 1.85822633e+00 9.29113164e-01
2.64197206e+00 2.24091616e+00 1.84380155e+00 9.21900774e-01
2.67380304e+00 2.21744991e+00 1.82803222e+00 9.14016110e-01
2.70563403e+00 2.19414529e+00 1.81096170e+00 9.05480851e-01
2.73746502e+00 2.17103213e+00 1.79263005e+00 8.96315026e-01
2.76929601e+00 2.14814157e+00 1.77307603e+00 8.86538017e-01
2.80112700e+00 2.12550497e+00 1.75235565e+00 8.76177824e-01
2.83295799e+00 2.10314848e+00 1.73052192e+00 8.65260960e-01
2.86478898e+00 2.08109389e+00 1.70762806e+00 8.53814032e-01
2.89661996e+00 2.05935979e+00 1.68373271e+00 8.41866353e-01
2.92845095e+00 2.03796039e+00 1.65889323e+00 8.29446616e-01
2.96028194e+00 2.01690915e+00 1.63317413e+00 8.16587064e-01
2.99211293e+00 1.99621909e+00 1.60664555e+00 8.03322774e-01
3.02394392e+00 1.97589077e+00 1.57936965e+00 7.89684824e-01
3.05577491e+00 1.95593261e+00 1.55141944e+00 7.75709722e-01
3.08760590e+00 1.93633746e+00 1.52286010e+00 7.61430049e-01
3.11943688e+00 1.91710765e+00 1.49376819e+00 7.46884094e-01
3.15126787e+00 1.89823934e+00 1.46422367e+00 7.32111836e-01
3.18309886e+00 1.87972829e+00 1.43430295e+00 7.17151474e-01
3.21492985e+00 1.86155219e+00 1.40406812e+00 7.02034062e-01
3.24676084e+00 1.84370353e+00 1.37360029e+00 6.86800144e-01
3.27859183e+00 1.82617598e+00 1.34298823e+00 6.71494115e-01
3.31042282e+00 1.80894870e+00 1.31230395e+00 6.56151977e-01
3.34225380e+00 1.79200078e+00 1.28161682e+00 6.40808411e-01
3.37408479e+00 1.77531659e+00 1.25100428e+00 6.25502138e-01
3.40591578e+00 1.75887574e+00 1.22054717e+00 6.10273584e-01
3.43774677e+00 1.74266236e+00 1.19031901e+00 5.95159503e-01
3.46957776e+00 1.72664594e+00 1.16038375e+00 5.80191875e-01
3.50140875e+00 1.71080258e+00 1.13080011e+00 5.65400053e-01
3.53323974e+00 1.69511732e+00 1.10164731e+00 5.50823656e-01
3.56507073e+00 1.67956075e+00 1.07297823e+00 5.36489113e-01
3.59690171e+00 1.66411214e+00 1.04485132e+00 5.22425660e-01
3.62873270e+00 1.64874811e+00 1.01731645e+00 5.08658223e-01
3.66056369e+00 1.63344415e+00 9.90419500e-01 4.95209750e-01
3.69239468e+00 1.61817737e+00 9.64198866e-01 4.82099433e-01
3.72422567e+00 1.60292596e+00 9.38693099e-01 4.69346549e-01
3.75605666e+00 1.58766658e+00 9.13924163e-01 4.56962082e-01
3.78788765e+00 1.57238148e+00 8.89917352e-01 4.44958676e-01
3.81971863e+00 1.55704773e+00 8.66681826e-01 4.33340913e-01
3.85154962e+00 1.54165105e+00 8.44228319e-01 4.22114159e-01
3.88338061e+00 1.52616849e+00 8.22552402e-01 4.11276201e-01
3.91521160e+00 1.51058654e+00 8.01648731e-01 4.00824365e-01
3.94704259e+00 1.49489061e+00 7.81501189e-01 3.90750594e-01
3.97887358e+00 1.47906400e+00 7.62090142e-01 3.81045071e-01
4.01070457e+00 1.46309894e+00 7.43391367e-01 3.71695684e-01
4.04253555e+00 1.44698123e+00 7.25368101e-01 3.62684051e-01
4.07436654e+00 1.43070220e+00 7.07986879e-01 3.53993439e-01
4.10619753e+00 1.41425705e+00 6.91209433e-01 3.45604716e-01
4.13802852e+00 1.39763726e+00 6.74993198e-01 3.37496599e-01
4.16985951e+00 1.38084022e+00 6.59295223e-01 3.29647611e-01
4.20169050e+00 1.36386196e+00 6.44070553e-01 3.22035276e-01
4.23352149e+00 1.34670027e+00 6.29276992e-01 3.14638496e-01
4.26535247e+00 1.32935685e+00 6.14871840e-01 3.07435920e-01
4.29718346e+00 1.31183537e+00 6.00819628e-01 3.00409814e-01
4.32901445e+00 1.29413640e+00 5.87082372e-01 2.93541186e-01
4.36084544e+00 1.27626621e+00 5.73633452e-01 2.86816726e-01
4.39267643e+00 1.25823037e+00 5.60447985e-01 2.80223992e-01
4.42450742e+00 1.24003599e+00 5.47506061e-01 2.73753030e-01
4.45633841e+00 1.22169446e+00 5.34800352e-01 2.67400176e-01
4.48816940e+00 1.20321203e+00 5.22326993e-01 2.61163497e-01
4.52000038e+00 1.18460147e+00 5.10089384e-01 2.55044692e-01
4.55183137e+00 1.16587504e+00 4.98104873e-01 2.49052436e-01
4.58366236e+00 1.14704588e+00 4.86394967e-01 2.43197483e-01
4.61549335e+00 1.12812588e+00 4.74992418e-01 2.37496209e-01
4.64732434e+00 1.10913055e+00 4.63938842e-01 2.31969421e-01
4.67915533e+00 1.09007650e+00 4.53283886e-01 2.26641943e-01
4.71098632e+00 1.07097657e+00 4.43085840e-01 2.21542920e-01
4.74281730e+00 1.05185013e+00 4.33411161e-01 2.16705580e-01
4.77464829e+00 1.03271221e+00 4.24330631e-01 2.12165315e-01
4.80647928e+00 1.01357894e+00 4.15922168e-01 2.07961084e-01
4.83831027e+00 9.94468726e-01 4.08267438e-01 2.04133719e-01
4.87014126e+00 9.75399264e-01 4.01443690e-01 2.00721845e-01
4.90197225e+00 9.56386664e-01 3.95531547e-01 1.97765774e-01
4.93380324e+00 9.37447583e-01 3.90598856e-01 1.95299428e-01
4.96563422e+00 9.18602081e-01 3.86713035e-01 1.93356517e-01
4.99746521e+00 8.99863871e-01 3.83924915e-01 1.91962457e-01
5.02929620e+00 8.81252478e-01 3.82271662e-01 1.91135831e-01
5.06112719e+00 8.62783382e-01 3.81772375e-01 1.90886187e-01
5.09295818e+00 8.44471243e-01 3.82428412e-01 1.91214206e-01
5.12478917e+00 8.26334449e-01 3.84220268e-01 1.92110134e-01
5.15662016e+00 8.08386204e-01 3.87111953e-01 1.93555977e-01
5.18845114e+00 7.90643002e-01 3.91050539e-01 1.95525269e-01
5.22028213e+00 7.73117670e-01 3.95962113e-01 1.97981057e-01
5.25211312e+00 7.55823855e-01 4.01768725e-01 2.00884362e-01
5.28394411e+00 7.38774764e-01 4.08375639e-01 2.04187819e-01
5.31577510e+00 7.21983602e-01 4.15684147e-01 2.07842073e-01
5.34760609e+00 7.05460291e-01 4.23593359e-01 2.11796680e-01
5.37943708e+00 6.89218416e-01 4.31997726e-01 2.15998863e-01
5.41126807e+00 6.73265937e-01 4.40793268e-01 2.20396634e-01
5.44309905e+00 6.57613093e-01 4.49880238e-01 2.24940119e-01
5.47493004e+00 6.42268980e-01 4.59160116e-01 2.29580058e-01
5.50676103e+00 6.27240993e-01 4.68540009e-01 2.34270004e-01
5.53859202e+00 6.12537914e-01 4.77932602e-01 2.38966301e-01
5.57042301e+00 5.98165556e-01 4.87256250e-01 2.43628125e-01
5.60225400e+00 5.84130302e-01 4.96433459e-01 2.48216730e-01
5.63408499e+00 5.70436827e-01 5.05395901e-01 2.52697951e-01
5.66591597e+00 5.57090313e-01 5.14077586e-01 2.57038793e-01
5.69774696e+00 5.44092908e-01 5.22419962e-01 2.61209981e-01
5.72957795e+00 5.31449856e-01 5.30372610e-01 2.65186305e-01
5.76140894e+00 5.19162686e-01 5.37885728e-01 2.68942864e-01
5.79323993e+00 5.07232379e-01 5.44917899e-01 2.72458950e-01
5.82507092e+00 4.95661240e-01 5.51433352e-01 2.75716676e-01
5.85690191e+00 4.84450395e-01 5.57400303e-01 2.78700151e-01
5.88873289e+00 4.73598490e-01 5.62789379e-01 2.81394690e-01
5.92056388e+00 4.63103295e-01 5.67577414e-01 2.83788707e-01
5.95239487e+00 4.52966662e-01 5.71747459e-01 2.85873730e-01
5.98422586e+00 4.43186247e-01 5.75284856e-01 2.87642428e-01
6.01605685e+00 4.33759035e-01 5.78177056e-01 2.89088528e-01
6.04788784e+00 4.24681811e-01 5.80415314e-01 2.90207657e-01
6.07971883e+00 4.15950713e-01 5.81998627e-01 2.90999313e-01
6.11154981e+00 4.07562114e-01 5.82921850e-01 2.91460925e-01
6.14338080e+00 3.99513336e-01 5.83191580e-01 2.91595790e-01
6.17521179e+00 3.91796670e-01 5.82808580e-01 2.91404290e-01
6.20704278e+00 3.84408892e-01 5.81782802e-01 2.90891401e-01
6.23887377e+00 3.77343622e-01 5.80122085e-01 2.90061042e-01
6.27070476e+00 3.70594541e-01 5.77838661e-01 2.88919330e-01
6.30253575e+00 3.64154381e-01 5.74946563e-01 2.87473282e-01
6.33436674e+00 3.58017582e-01 5.71462872e-01 2.85731436e-01
6.36619772e+00 3.52175173e-01 5.67402974e-01 2.83701487e-01
6.39802871e+00 3.46620455e-01 5.62786118e-01 2.81393059e-01
6.42985970e+00 3.41344518e-01 5.57632994e-01 2.78816497e-01
6.46169069e+00 3.36339654e-01 5.51966080e-01 2.75983040e-01
6.49352168e+00 3.31594868e-01 5.45805309e-01 2.72902655e-01
6.52535267e+00 3.27104601e-01 5.39177360e-01 2.69588680e-01
6.55718366e+00 3.22855310e-01 5.32102196e-01 2.66051098e-01
6.58901464e+00 3.18839650e-01 5.24607978e-01 2.62303989e-01
6.62084563e+00 3.15047060e-01 5.16717871e-01 2.58358936e-01
6.65267662e+00 3.11466668e-01 5.08458877e-01 2.54229439e-01
6.68450761e+00 3.08087483e-01 4.99854354e-01 2.49927177e-01
6.71633860e+00 3.04898238e-01 4.90929986e-01 2.45464993e-01
6.74816959e+00 3.01890341e-01 4.81714519e-01 2.40857259e-01
6.78000058e+00 2.99048625e-01 4.72229109e-01 2.36114555e-01
6.81183156e+00 2.96364057e-01 4.62501670e-01 2.31250835e-01
6.84366255e+00 2.93823049e-01 4.52556853e-01 2.26278427e-01
6.87549354e+00 2.91414861e-01 4.42417796e-01 2.21208898e-01
6.90732453e+00 2.89128371e-01 4.32111176e-01 2.16055588e-01
6.93915552e+00 2.86949299e-01 4.21658889e-01 2.10829445e-01
6.97098651e+00 2.84866082e-01 4.11085567e-01 2.05542784e-01
7.00281750e+00 2.82866967e-01 4.00414274e-01 2.00207137e-01
7.03464848e+00 2.80939229e-01 3.89666658e-01 1.94833329e-01
7.06647947e+00 2.79070140e-01 3.78865430e-01 1.89432715e-01
7.09831046e+00 2.77248348e-01 3.68032959e-01 1.84016479e-01
7.13014145e+00 2.75460790e-01 3.57190982e-01 1.78595491e-01
7.16197244e+00 2.73696510e-01 3.46360076e-01 1.73180038e-01
7.19380343e+00 2.71943168e-01 3.35563260e-01 1.67781630e-01
7.22563442e+00 2.70188467e-01 3.24819745e-01 1.62409872e-01
7.25746540e+00 2.68421313e-01 3.14152093e-01 1.57076046e-01
7.28929639e+00 2.66631221e-01 3.03583452e-01 1.51791726e-01
7.32112738e+00 2.64805934e-01 2.93133833e-01 1.46566917e-01
7.35295837e+00 2.62934963e-01 2.82827593e-01 1.41413797e-01
7.38478936e+00 2.61009461e-01 2.72688238e-01 1.36344119e-01
7.41662035e+00 2.59019572e-01 2.62740613e-01 1.31370306e-01
7.44845134e+00 2.56954426e-01 2.53009796e-01 1.26504898e-01
7.48028233e+00 2.54806695e-01 2.43523902e-01 1.21761951e-01
7.51211331e+00 2.52567406e-01 2.34311197e-01 1.17155598e-01
7.54394430e+00 2.50229988e-01 2.25404629e-01 1.12702315e-01
7.57577529e+00 2.47786035e-01 2.16834803e-01 1.08417401e-01
7.60760628e+00 2.45229294e-01 2.08636155e-01 1.04318077e-01
7.63943727e+00 2.42553255e-01 2.00845327e-01 1.00422664e-01
7.67126826e+00 2.39754444e-01 1.93500387e-01 9.67501935e-02
7.70309925e+00 2.36828311e-01 1.86639835e-01 9.33199175e-02
7.73493023e+00 2.33770559e-01 1.80302552e-01 9.01512758e-02
7.76676122e+00 2.30577902e-01 1.74526803e-01 8.72634014e-02
7.79859221e+00 2.27248824e-01 1.69348642e-01 8.46743211e-02
7.83042320e+00 2.23782567e-01 1.64801154e-01 8.24005768e-02
7.86225419e+00 2.20177678e-01 1.60910725e-01 8.04553624e-02
7.89408518e+00 2.16433777e-01 1.57697172e-01 7.88485858e-02
7.92591617e+00 2.12554212e-01 1.55171713e-01 7.75858565e-02
7.95774715e+00 2.08538922e-01 1.53333937e-01 7.66669684e-02
7.98957814e+00 2.04390876e-01 1.52173423e-01 7.60867115e-02
8.02140913e+00 2.00114813e-01 1.51667989e-01 7.58339944e-02
8.05324012e+00 1.95714024e-01 1.51783729e-01 7.58918644e-02
8.08507111e+00 1.91194261e-01 1.52479044e-01 7.62395218e-02
8.11690210e+00 1.86559819e-01 1.53703470e-01 7.68517348e-02
8.14873309e+00 1.81818597e-01 1.55401010e-01 7.77005048e-02
8.18056407e+00 1.76977704e-01 1.57512703e-01 7.87563517e-02
8.21239506e+00 1.72045063e-01 1.59978331e-01 7.99891653e-02
8.24422605e+00 1.67028743e-01 1.62737107e-01 8.13685536e-02
8.27605704e+00 1.61938210e-01 1.65731405e-01 8.28657024e-02
8.30788803e+00 1.56784136e-01 1.68903874e-01 8.44519370e-02
8.33971902e+00 1.51575475e-01 1.72202652e-01 8.61013261e-02
8.37155001e+00 1.46322677e-01 1.75579724e-01 8.77898620e-02
8.40338100e+00 1.41038861e-01 1.78988471e-01 8.94942354e-02
8.43521198e+00 1.35733549e-01 1.82389472e-01 9.11947359e-02
8.46704297e+00 1.30419175e-01 1.85745203e-01 9.28726017e-02
8.49887396e+00 1.25108896e-01 1.89021911e-01 9.45109555e-02
8.53070495e+00 1.19814003e-01 1.92190033e-01 9.60950166e-02
8.56253594e+00 1.14547039e-01 1.95223543e-01 9.76117713e-02
8.59436693e+00 1.09320957e-01 1.98098708e-01 9.90493542e-02
8.62619792e+00 1.04148452e-01 2.00794754e-01 1.00397377e-01
8.65802890e+00 9.90422671e-02 2.03294025e-01 1.01647013e-01
8.68985989e+00 9.40150033e-02 2.05581122e-01 1.02790561e-01
8.72169088e+00 8.90780675e-02 2.07644338e-01 1.03822169e-01
8.75352187e+00 8.42448560e-02 2.09471610e-01 1.04735805e-01
8.78535286e+00 7.95263815e-02 2.11055118e-01 1.05527559e-01
8.81718385e+00 7.49360253e-02 2.12386969e-01 1.06193485e-01
8.84901484e+00 7.04830442e-02 2.13463830e-01 1.06731915e-01
8.88084582e+00 6.61797471e-02 2.14281324e-01 1.07140662e-01
8.91267681e+00 6.20360608e-02 2.14838429e-01 1.07419214e-01
8.94450780e+00 5.80621583e-02 2.15135054e-01 1.07567527e-01
8.97633879e+00 5.42678969e-02 2.15172169e-01 1.07586084e-01
9.00816978e+00 5.06613013e-02 2.14953078e-01 1.07476539e-01
9.04000077e+00 4.72510913e-02 2.14481656e-01 1.07240828e-01
9.07183176e+00 4.40447230e-02 2.13762705e-01 1.06881353e-01
9.10366274e+00 4.10488311e-02 2.12802657e-01 1.06401328e-01
9.13549373e+00 3.82701765e-02 2.11608919e-01 1.05804460e-01
9.16732472e+00 3.57134984e-02 2.10189263e-01 1.05094631e-01
9.19915571e+00 3.33838517e-02 2.08552845e-01 1.04276423e-01
9.23098670e+00 3.12851540e-02 2.06709116e-01 1.03354558e-01
9.26281769e+00 2.94203120e-02 2.04668651e-01 1.02334326e-01
9.29464868e+00 2.77915370e-02 2.02441869e-01 1.01220934e-01
9.32647967e+00 2.64006427e-02 2.00040438e-01 1.00020219e-01
9.35831065e+00 2.52480903e-02 1.97475605e-01 9.87378026e-02
9.39014164e+00 2.43339746e-02 1.94759318e-01 9.73796591e-02
9.42197263e+00 2.36572150e-02 1.91903595e-01 9.59517975e-02
9.45380362e+00 2.32162130e-02 1.88920431e-01 9.44602157e-02
9.48563461e+00 2.30087823e-02 1.85821834e-01 9.29109170e-02
9.51746560e+00 2.30315233e-02 1.82619865e-01 9.13099323e-02
9.54929659e+00 2.32806702e-02 1.79325976e-01 8.96629881e-02
9.58112757e+00 2.37517619e-02 1.75951813e-01 8.79759066e-02
9.61295856e+00 2.44394655e-02 1.72508211e-01 8.62541055e-02
9.64478955e+00 2.53379582e-02 1.69005858e-01 8.45029289e-02
9.67662054e+00 2.64410067e-02 1.65455117e-01 8.27275584e-02
9.70845153e+00 2.77415181e-02 1.61865700e-01 8.09328500e-02
9.74028252e+00 2.92320143e-02 1.58246570e-01 7.91232849e-02
9.77211351e+00 3.09045021e-02 1.54606564e-01 7.73032821e-02
9.80394449e+00 3.27506913e-02 1.50953566e-01 7.54767831e-02
9.83577548e+00 3.47618369e-02 1.47295424e-01 7.36477122e-02
9.86760647e+00 3.69287135e-02 1.43639146e-01 7.18195729e-02
9.89943746e+00 3.92420580e-02 1.39991607e-01 6.99958037e-02
9.93126845e+00 4.16920130e-02 1.36359129e-01 6.81795643e-02
9.96309944e+00 4.42690373e-02 1.32748079e-01 6.63740395e-02
9.99493043e+00 4.69628315e-02 1.29164531e-01 6.45822656e-02
1.00267614e+01 4.97636521e-02 1.25614578e-01 6.28072891e-02
1.00585924e+01 5.26611174e-02 1.22105148e-01 6.10525741e-02
1.00904234e+01 5.56449153e-02 1.18642634e-01 5.93213168e-02
1.01222544e+01 5.87051633e-02 1.15235070e-01 5.76175350e-02
1.01540854e+01 6.18315657e-02 1.11890714e-01 5.59453569e-02
1.01859164e+01 6.50145004e-02 1.08619196e-01 5.43095978e-02
1.02177473e+01 6.82437741e-02 1.05431349e-01 5.27156747e-02
1.02495783e+01 7.15098858e-02 1.02339872e-01 5.11699362e-02
1.02814093e+01 7.48036166e-02 9.93589606e-02 4.96794803e-02
1.03132403e+01 7.81156780e-02 9.65051477e-02 4.82525738e-02
1.03450713e+01 8.14372491e-02 9.37966318e-02 4.68983159e-02
1.03769023e+01 8.47597364e-02 9.12542499e-02 4.56271249e-02
1.04087333e+01 8.80750077e-02 8.89006488e-02 4.44503244e-02
1.04405643e+01 9.13752531e-02 8.67603786e-02 4.33801893e-02
1.04723953e+01 9.46530671e-02 8.48593399e-02 4.24296699e-02
1.05042262e+01 9.79013600e-02 8.32242177e-02 4.16121089e-02
1.05360572e+01 1.01113459e-01 8.18812679e-02 4.09406340e-02
1.05678882e+01 1.04283280e-01 8.08555173e-02 4.04277586e-02
1.05997192e+01 1.07404946e-01 8.01693088e-02 4.00846544e-02
1.06315502e+01 1.10473282e-01 7.98408570e-02 3.99204285e-02
1.06633812e+01 1.13483233e-01 7.98831145e-02 3.99415572e-02
1.06952122e+01 1.16430509e-01 8.03029279e-02 4.01514639e-02
1.07270432e+01 1.19311097e-01 8.11003550e-02 4.05501775e-02
1.07588742e+01 1.22121328e-01 8.22688146e-02 4.11344073e-02
1.07907051e+01 1.24858302e-01 8.37948521e-02 4.18974261e-02
1.08225361e+01 1.27519163e-01 8.56598272e-02 4.28299136e-02
1.08543671e+01 1.30101470e-01 8.78402608e-02 4.39201304e-02
1.08861981e+01 1.32603542e-01 9.03094005e-02 4.51547003e-02
1.09180291e+01 1.35023805e-01 9.30381293e-02 4.65190646e-02
1.09498601e+01 1.37361035e-01 9.59961432e-02 4.79980716e-02
1.09816911e+01 1.39614421e-01 9.91527687e-02 4.95763843e-02
1.10135221e+01 1.41783149e-01 1.02477402e-01 5.12387008e-02
1.10453531e+01 1.43867730e-01 1.05941116e-01 5.29705579e-02
1.10771840e+01 1.45867654e-01 1.09515008e-01 5.47575039e-02
1.11090150e+01 1.47783330e-01 1.13171836e-01 5.65859180e-02
1.11408460e+01 1.49615182e-01 1.16886159e-01 5.84430796e-02
1.11726770e+01 1.51363893e-01 1.20633554e-01 6.03167769e-02
1.12045080e+01 1.53030984e-01 1.24391916e-01 6.21959579e-02
1.12363390e+01 1.54617392e-01 1.28139786e-01 6.40698932e-02
1.12681700e+01 1.56123822e-01 1.31857083e-01 6.59285417e-02
1.13000010e+01 1.57551722e-01 1.35525406e-01 6.77627029e-02
1.13318319e+01 1.58902513e-01 1.39127733e-01 6.95638664e-02
1.13636629e+01 1.60178353e-01 1.42648537e-01 7.13242687e-02
1.13954939e+01 1.61379739e-01 1.46072150e-01 7.30360752e-02
1.14273249e+01 1.62508681e-01 1.49385831e-01 7.46929154e-02
1.14591559e+01 1.63567417e-01 1.52577094e-01 7.62885470e-02
1.14909869e+01 1.64554659e-01 1.55632728e-01 7.78163638e-02
1.15228179e+01 1.65475675e-01 1.58544445e-01 7.92722226e-02
1.15546489e+01 1.66330651e-01 1.61302571e-01 8.06512854e-02
1.15864799e+01 1.67118887e-01 1.63896795e-01 8.19483975e-02
1.16183108e+01 1.67843498e-01 1.66321034e-01 8.31605172e-02
1.16501418e+01 1.68506056e-01 1.68568323e-01 8.42841614e-02
1.16819728e+01 1.69107040e-01 1.70632773e-01 8.53163863e-02
1.17138038e+01 1.69647087e-01 1.72508625e-01 8.62543125e-02
1.17456348e+01 1.70127156e-01 1.74192047e-01 8.70960234e-02
1.17774658e+01 1.70548333e-01 1.75679390e-01 8.78396951e-02
1.18092968e+01 1.70911584e-01 1.76968047e-01 8.84840236e-02
1.18411278e+01 1.71217151e-01 1.78055862e-01 8.90279312e-02
1.18729588e+01 1.71465273e-01 1.78941153e-01 8.94705765e-02
1.19047897e+01 1.71655052e-01 1.79622279e-01 8.98111394e-02
1.19366207e+01 1.71789326e-01 1.80100496e-01 9.00502478e-02
1.19684517e+01 1.71865905e-01 1.80375154e-01 9.01875770e-02
1.20002827e+01 1.71885717e-01 1.80447110e-01 9.02235548e-02
1.20321137e+01 1.71849574e-01 1.80318247e-01 9.01591235e-02
1.20639447e+01 1.71754762e-01 1.79988599e-01 8.99942995e-02
1.20957757e+01 1.71602879e-01 1.79461512e-01 8.97307562e-02
1.21276067e+01 1.71394115e-01 1.78739899e-01 8.93699496e-02
1.21594377e+01 1.71126063e-01 1.77824536e-01 8.89122678e-02
1.21912686e+01 1.70799903e-01 1.76719696e-01 8.83598478e-02
1.22230996e+01 1.70414557e-01 1.75428539e-01 8.77142697e-02
1.22549306e+01 1.69970256e-01 1.73954693e-01 8.69773466e-02
1.22867616e+01 1.69464999e-01 1.72300631e-01 8.61503153e-02
1.23185926e+01 1.68900144e-01 1.70470835e-01 8.52354173e-02
1.23504236e+01 1.68275072e-01 1.68470327e-01 8.42351636e-02
1.23822546e+01 1.67587942e-01 1.66300414e-01 8.31502071e-02
1.24140856e+01 1.66840179e-01 1.63967529e-01 8.19837646e-02
1.24459165e+01 1.66030779e-01 1.61474563e-01 8.07372815e-02
1.24777475e+01 1.65160564e-01 1.58827018e-01 7.94135091e-02
1.25095785e+01 1.64228473e-01 1.56027361e-01 7.80136803e-02
1.25414095e+01 1.63235215e-01 1.53080790e-01 7.65403952e-02
1.25732405e+01 1.62180914e-01 1.49991241e-01 7.49956203e-02
1.26050715e+01 1.61067038e-01 1.46764535e-01 7.33822674e-02
1.26369025e+01 1.59892812e-01 1.43403032e-01 7.17015158e-02
1.26687335e+01 1.58659866e-01 1.39912298e-01 6.99561492e-02
1.27005645e+01 1.57369337e-01 1.36297157e-01 6.81485787e-02
1.27323954e+01 1.56022030e-01 1.32561511e-01 6.62807553e-02
1.27642264e+01 1.54619768e-01 1.28711028e-01 6.43555141e-02
1.27960574e+01 1.53164025e-01 1.24750009e-01 6.23750045e-02
1.28278884e+01 1.51656702e-01 1.20683945e-01 6.03419724e-02
1.28597194e+01 1.50099717e-01 1.16517628e-01 5.82588142e-02
1.28915504e+01 1.48496271e-01 1.12258680e-01 5.61293402e-02
1.29233814e+01 1.46847750e-01 1.07910593e-01 5.39552967e-02
1.29552124e+01 1.45157216e-01 1.03480675e-01 5.17403374e-02
1.29870434e+01 1.43428093e-01 9.89759293e-02 4.94879646e-02
1.30188743e+01 1.41663618e-01 9.44042081e-02 4.72021040e-02
1.30507053e+01 1.39867112e-01 8.97728306e-02 4.48864153e-02
1.30825363e+01 1.38042116e-01 8.50913211e-02 4.25456605e-02
1.31143673e+01 1.36192774e-01 8.03694065e-02 4.01847032e-02
1.31461983e+01 1.34323136e-01 7.56186069e-02 3.78093035e-02
1.31780293e+01 1.32437455e-01 7.08519289e-02 3.54259644e-02
1.32098603e+01 1.30540235e-01 6.60847074e-02 3.30423537e-02
1.32416913e+01 1.28636217e-01 6.13351607e-02 3.06675803e-02
1.32735223e+01 1.26730240e-01 5.66261254e-02 2.83130627e-02
1.33053532e+01 1.24827170e-01 5.19852655e-02 2.59926327e-02
1.33371842e+01 1.22932390e-01 4.74487012e-02 2.37243506e-02
1.33690152e+01 1.21051037e-01 4.30639874e-02 2.15319937e-02
1.34008462e+01 1.19188425e-01 3.88946319e-02 1.94473160e-02
1.34326772e+01 1.17350046e-01 3.50272264e-02 1.75136132e-02
1.34645082e+01 1.15541453e-01 3.15781842e-02 1.57890921e-02
1.34963392e+01 1.13768232e-01 2.86990963e-02 1.43495482e-02
1.35281702e+01 1.12036008e-01 2.65706973e-02 1.32853487e-02
1.35600012e+01 1.10350554e-01 2.53704776e-02 1.26852388e-02
1.35918321e+01 1.08717305e-01 2.52134338e-02 1.26067169e-02
1.36236631e+01 1.07141892e-01 2.60943879e-02 1.30471939e-02
1.36554941e+01 1.05630108e-01 2.78878660e-02 1.39439330e-02
1.36873251e+01 1.04187362e-01 3.04032894e-02 1.52016447e-02
1.37191561e+01 1.02819013e-01 3.34470616e-02 1.67235308e-02
1.37509871e+01 1.01530678e-01 3.68568255e-02 1.84284127e-02
1.37828181e+01 1.00327215e-01 4.05081587e-02 2.02540794e-02
1.38146491e+01 9.92139212e-02 4.43101892e-02 2.21550946e-02
1.38464800e+01 9.81958374e-02 4.81961249e-02 2.40980624e-02
1.38783110e+01 9.72774186e-02 5.21170956e-02 2.60585478e-02
1.39101420e+01 9.64634355e-02 5.60363809e-02 2.80181904e-02
1.39419730e+01 9.57580775e-02 5.99262271e-02 2.99631136e-02
1.39738040e+01 9.51658023e-02 6.37650431e-02 3.18825216e-02
1.40056350e+01 9.46898900e-02 6.75353268e-02 3.37676634e-02
1.40374660e+01 9.43343057e-02 7.12236819e-02 3.56118410e-02
1.40692970e+01 9.41021946e-02 7.48186171e-02 3.74093085e-02
1.41011280e+01 9.39966500e-02 7.83114291e-02 3.91557146e-02
1.41329589e+01 9.40201803e-02 8.16944017e-02 4.08472009e-02
1.41647899e+01 9.41754273e-02 8.49617971e-02 4.24808985e-02
1.41966209e+01 9.44641009e-02 8.81085966e-02 4.40542983e-02
1.42284519e+01 9.48880999e-02 9.11313719e-02 4.55656860e-02
1.42602829e+01 9.54484832e-02 9.40272553e-02 4.70136276e-02
1.42921139e+01 9.61465843e-02 9.67942256e-02 4.83971128e-02
1.43239449e+01 9.69824667e-02 9.94312208e-02 4.97156104e-02
1.43557759e+01 9.79568080e-02 1.01937806e-01 5.09689029e-02
1.43876069e+01 9.90690028e-02 1.04314433e-01 5.21572167e-02
1.44194378e+01 1.00318752e-01 1.06561908e-01 5.32809539e-02
1.44512688e+01 1.01704864e-01 1.08681579e-01 5.43407895e-02
1.44830998e+01 1.03226060e-01 1.10675936e-01 5.53379680e-02
1.45149308e+01 1.04880475e-01 1.12547189e-01 5.62735946e-02
1.45467618e+01 1.06665973e-01 1.14298736e-01 5.71493682e-02
1.45785928e+01 1.08579917e-01 1.15933789e-01 5.79668944e-02
1.46104238e+01 1.10619383e-01 1.17456471e-01 5.87282354e-02
1.46422548e+01 1.12781306e-01 1.18871071e-01 5.94355354e-02
1.46740858e+01 1.15061553e-01 1.20182291e-01 6.00911455e-02
1.47059167e+01 1.17456163e-01 1.21394781e-01 6.06973906e-02
1.47377477e+01 1.19960850e-01 1.22513942e-01 6.12569708e-02
1.47695787e+01 1.22570631e-01 1.23544915e-01 6.17724576e-02
1.48014097e+01 1.25280392e-01 1.24493293e-01 6.22466463e-02
1.48332407e+01 1.28084853e-01 1.25364700e-01 6.26823501e-02
1.48650717e+01 1.30978148e-01 1.26164701e-01 6.30823504e-02
1.48969027e+01 1.33954148e-01 1.26899190e-01 6.34495949e-02
1.49287337e+01 1.37006694e-01 1.27573450e-01 6.37867251e-02
1.49605647e+01 1.40129118e-01 1.28193430e-01 6.40967148e-02
1.49923956e+01 1.43314344e-01 1.28764015e-01 6.43820076e-02
1.50242266e+01 1.46555648e-01 1.29290963e-01 6.46454817e-02
1.50560576e+01 1.49845904e-01 1.29779386e-01 6.48896929e-02
1.50878886e+01 1.53177351e-01 1.30233701e-01 6.51168503e-02
1.51197196e+01 1.56542319e-01 1.30658393e-01 6.53291967e-02
1.51515506e+01 1.59932995e-01 1.31057373e-01 6.55286863e-02
1.51833816e+01 1.63342368e-01 1.31435561e-01 6.57177806e-02
1.52152126e+01 1.66761847e-01 1.31795342e-01 6.58976708e-02
1.52470435e+01 1.70183614e-01 1.32140072e-01 6.60700360e-02
1.52788745e+01 1.73599871e-01 1.32472531e-01 6.62362653e-02
1.53107055e+01 1.77001576e-01 1.32793492e-01 6.63967460e-02
1.53425365e+01 1.80382069e-01 1.33106112e-01 6.65530559e-02
1.53743675e+01 1.83732188e-01 1.33410152e-01 6.67050762e-02
1.54061985e+01 1.87045241e-01 1.33707794e-01 6.68538972e-02
1.54380295e+01 1.90312187e-01 1.33997471e-01 6.69987355e-02
1.54698605e+01 1.93525847e-01 1.34279414e-01 6.71397072e-02
1.55016915e+01 1.96678925e-01 1.34553333e-01 6.72766667e-02
1.55335224e+01 1.99763959e-01 1.34817522e-01 6.74087610e-02
1.55653534e+01 2.02773128e-01 1.35069701e-01 6.75348505e-02
1.55971844e+01 2.05700126e-01 1.35308653e-01 6.76543264e-02
1.56290154e+01 2.08537006e-01 1.35530069e-01 6.77650345e-02
1.56608464e+01 2.11279197e-01 1.35733454e-01 6.78667268e-02
1.56926774e+01 2.13918574e-01 1.35913236e-01 6.79566182e-02
1.57245084e+01 2.16448986e-01 1.36065932e-01 6.80329659e-02
1.57563394e+01 2.18866658e-01 1.36189599e-01 6.80947995e-02
1.57881704e+01 2.21164478e-01 1.36278102e-01 6.81390509e-02
1.58200013e+01 2.23337749e-01 1.36327584e-01 6.81637920e-02
1.58518323e+01 2.25382656e-01 1.36334706e-01 6.81673530e-02
1.58836633e+01 2.27295000e-01 1.36295237e-01 6.81476186e-02
1.59154943e+01 2.29068993e-01 1.36202370e-01 6.81011852e-02
1.59473253e+01 2.30703436e-01 1.36054195e-01 6.80270976e-02
1.59791563e+01 2.32193616e-01 1.35844716e-01 6.79223581e-02
1.60109873e+01 2.33537322e-01 1.35570050e-01 6.77850252e-02
1.60428183e+01 2.34732021e-01 1.35225974e-01 6.76129868e-02
1.60746493e+01 2.35776390e-01 1.34809161e-01 6.74045803e-02
1.61064802e+01 2.36668207e-01 1.34314939e-01 6.71574694e-02
1.61383112e+01 2.37407118e-01 1.33741116e-01 6.68705581e-02
1.61701422e+01 2.37991750e-01 1.33083488e-01 6.65417442e-02
1.62019732e+01 2.38422630e-01 1.32340420e-01 6.61702098e-02
1.62338042e+01 2.38699409e-01 1.31509492e-01 6.57547461e-02
1.62656352e+01 2.38822560e-01 1.30588342e-01 6.52941710e-02
1.62974662e+01 2.38793241e-01 1.29576234e-01 6.47881170e-02
1.63292972e+01 2.38612463e-01 1.28471853e-01 6.42359263e-02
1.63611281e+01 2.38282247e-01 1.27276148e-01 6.36380738e-02
1.63929591e+01 2.37804931e-01 1.25989940e-01 6.29949702e-02
1.64247901e+01 2.37181906e-01 1.24612621e-01 6.23063104e-02
1.64566211e+01 2.36416141e-01 1.23146918e-01 6.15734588e-02
1.64884521e+01 2.35510733e-01 1.21594748e-01 6.07973742e-02
1.65202831e+01 2.34469409e-01 1.19960434e-01 5.99802172e-02
1.65521141e+01 2.33295076e-01 1.18247231e-01 5.91236155e-02
1.65839451e+01 2.31991778e-01 1.16459891e-01 5.82299457e-02
1.66157761e+01 2.30563243e-01 1.14603208e-01 5.73016038e-02
1.66476070e+01 2.29013768e-01 1.12684515e-01 5.63422574e-02
1.66794380e+01 2.27347712e-01 1.10708873e-01 5.53544367e-02
1.67112690e+01 2.25569386e-01 1.08685671e-01 5.43428353e-02
1.67431000e+01 2.23683768e-01 1.06622246e-01 5.33111229e-02
1.67749310e+01 2.21695433e-01 1.04527439e-01 5.22637194e-02
1.68067620e+01 2.19607983e-01 1.02410659e-01 5.12053297e-02
1.68385930e+01 2.17428348e-01 1.00282657e-01 5.01413284e-02
1.68704240e+01 2.15159861e-01 9.81541900e-02 4.90770950e-02
1.69022550e+01 2.12807713e-01 9.60350778e-02 4.80175389e-02
1.69340859e+01 2.10377580e-01 9.39387127e-02 4.69693563e-02
1.69659169e+01 2.07872601e-01 9.18755287e-02 4.59377643e-02
1.69977479e+01 2.05299191e-01 8.98580681e-02 4.49290340e-02
1.70295789e+01 2.02660446e-01 8.78971181e-02 4.39485590e-02
1.70614099e+01 1.99961887e-01 8.60049150e-02 4.30024575e-02
1.70932409e+01 1.97206870e-01 8.41918279e-02 4.20959139e-02
1.71250719e+01 1.94400736e-01 8.24690302e-02 4.12345151e-02
1.71569029e+01 1.91547256e-01 8.08462506e-02 4.04231253e-02
1.71887339e+01 1.88649418e-01 7.93308210e-02 3.96654105e-02
1.72205648e+01 1.85711854e-01 7.79307802e-02 3.89653901e-02
1.72523958e+01 1.82737458e-01 7.66514166e-02 3.83257083e-02
1.72842268e+01 1.79729314e-01 7.54961937e-02 3.77480968e-02
1.73160578e+01 1.76690998e-01 7.44680041e-02 3.72340021e-02
1.73478888e+01 1.73624571e-01 7.35661017e-02 3.67830509e-02
1.73797198e+01 1.70533209e-01 7.27898990e-02 3.63949495e-02
1.74115508e+01 1.67418526e-01 7.21348194e-02 3.60674097e-02
1.74433818e+01 1.64282699e-01 7.15957432e-02 3.57978716e-02
1.74752128e+01 1.61127355e-01 7.11661725e-02 3.55830862e-02
1.75070437e+01 1.57954133e-01 7.08379781e-02 3.54189891e-02
1.75388747e+01 1.54763849e-01 7.06022150e-02 3.53011075e-02
1.75707057e+01 1.51557834e-01 7.04495724e-02 3.52247862e-02
1.76025367e+01 1.48336597e-01 7.03697693e-02 3.51848846e-02
1.76343677e+01 1.45100581e-01 7.03533504e-02 3.51766752e-02
1.76661987e+01 1.41850253e-01 7.03908320e-02 3.51954160e-02
1.76980297e+01 1.38585538e-01 7.04732920e-02 3.52366460e-02
1.77298607e+01 1.35306069e-01 7.05924791e-02 3.52962396e-02
1.77616916e+01 1.32011883e-01 7.07416154e-02 3.53708077e-02
1.77935226e+01 1.28702210e-01 7.09148310e-02 3.54574155e-02
1.78253536e+01 1.25376412e-01 7.11076932e-02 3.55538466e-02
1.78571846e+01 1.22033850e-01 7.13168635e-02 3.56584318e-02
1.78890156e+01 1.18673507e-01 7.15407725e-02 3.57703862e-02
1.79208466e+01 1.15294385e-01 7.17790563e-02 3.58895282e-02
1.79526776e+01 1.11895549e-01 7.20328198e-02 3.60164099e-02
1.79845086e+01 1.08475981e-01 7.23041778e-02 3.61520889e-02
1.80163396e+01 1.05034487e-01 7.25968979e-02 3.62984489e-02
1.80481705e+01 1.01569850e-01 7.29152908e-02 3.64576454e-02
1.80800015e+01 9.80812159e-02 7.32649992e-02 3.66324996e-02
1.81118325e+01 9.45672905e-02 7.36519668e-02 3.68259834e-02
1.81436635e+01 9.10272752e-02 7.40827268e-02 3.70413634e-02
1.81754945e+01 8.74602284e-02 7.45640834e-02 3.72820417e-02
1.82073255e+01 8.38654614e-02 7.51024988e-02 3.75512494e-02
1.82391565e+01 8.02423171e-02 7.57044614e-02 3.78522307e-02
1.82709875e+01 7.65903720e-02 7.63757541e-02 3.81878771e-02
1.83028185e+01 7.29092825e-02 7.71210556e-02 3.85605278e-02
1.83346494e+01 6.91988445e-02 7.79445325e-02 3.89722663e-02
1.83664804e+01 6.54594011e-02 7.88484169e-02 3.94242085e-02
1.83983114e+01 6.16912043e-02 7.98342719e-02 3.99171360e-02
1.84301424e+01 5.78948072e-02 8.09016221e-02 4.04508110e-02
1.84619734e+01 5.40709678e-02 8.20484631e-02 4.10242316e-02
1.84938044e+01 5.02210133e-02 8.32716281e-02 4.16358141e-02
1.85256354e+01 4.63462072e-02 8.45658923e-02 4.22829461e-02
1.85574664e+01 4.24482240e-02 8.59252636e-02 4.29626318e-02
1.85892974e+01 3.85291111e-02 8.73417081e-02 4.36708540e-02
1.86211283e+01 3.45910737e-02 8.88065729e-02 4.44032864e-02
1.86529593e+01 3.06366897e-02 9.03098643e-02 4.51549321e-02
1.86847903e+01 2.66687142e-02 9.18407653e-02 4.59203827e-02
1.87166213e+01 2.26904581e-02 9.33881386e-02 4.66940693e-02
1.87484523e+01 1.87053020e-02 9.49399284e-02 4.74699642e-02
1.87802833e+01 1.47169802e-02 9.64841649e-02 4.82420825e-02
1.88121143e+01 1.07295493e-02 9.80086092e-02 4.90043046e-02
1.88439453e+01 6.74724929e-03 9.95011714e-02 4.97505857e-02
1.88757763e+01 2.77454736e-03 1.00949711e-01 5.04748554e-02
1.89076072e+01 -1.18365185e-03 1.02342694e-01 5.11713471e-02
1.89394382e+01 -5.12243682e-03 1.03668894e-01 5.18344470e-02
1.89712692e+01 -9.03654089e-03 1.04917805e-01 5.24589025e-02
1.90031002e+01 -1.29206519e-02 1.06079508e-01 5.30397539e-02
1.90349312e+01 -1.67691279e-02 1.07144648e-01 5.35723239e-02
1.90667622e+01 -2.05763490e-02 1.08105013e-01 5.40525067e-02
1.90985932e+01 -2.43362683e-02 1.08953112e-01 5.44765562e-02
1.91304242e+01 -2.80431735e-02 1.09682647e-01 5.48413236e-02
1.91622551e+01 -3.16910493e-02 1.10288097e-01 5.51440487e-02
1.91940861e+01 -3.52737918e-02 1.10765405e-01 5.53827024e-02
1.92259171e+01 -3.87851814e-02 1.11111187e-01 5.55555935e-02
1.92577481e+01 -4.22194739e-02 1.11323646e-01 5.56618232e-02
1.92895791e+01 -4.55703512e-02 1.11401956e-01 5.57009780e-02
1.93214101e+01 -4.88321473e-02 1.11346632e-01 5.56733161e-02
1.93532411e+01 -5.19987645e-02 1.11159644e-01 5.55798219e-02
1.93850721e+01 -5.50645983e-02 1.10843764e-01 5.54218821e-02
1.94169031e+01 -5.80240565e-02 1.10403546e-01 5.52017732e-02
1.94487340e+01 -6.08716798e-02 1.09844824e-01 5.49224120e-02
1.94805650e+01 -6.36024132e-02 1.09174329e-01 5.45871645e-02
1.95123960e+01 -6.62109363e-02 1.08400611e-01 5.42003053e-02
1.95442270e+01 -6.86931420e-02 1.07533315e-01 5.37666573e-02
1.95760580e+01 -7.10442976e-02 1.06583275e-01 5.32916376e-02
1.96078890e+01 -7.32602138e-02 1.05562649e-01 5.27813246e-02
1.96397200e+01 -7.53373331e-02 1.04484664e-01 5.22423321e-02
1.96715510e+01 -7.72722181e-02 1.03363803e-01 5.16819017e-02
1.97033820e+01 -7.90615769e-02 1.02215188e-01 5.11075942e-02
1.97352129e+01 -8.07029513e-02 1.01055230e-01 5.05276149e-02
1.97670439e+01 -8.21942437e-02 9.99005390e-02 4.99502695e-02
1.97988749e+01 -8.35332740e-02 9.87684569e-02 4.93842284e-02
1.98307059e+01 -8.47187342e-02 9.76763011e-02 4.88381505e-02
1.98625369e+01 -8.57497778e-02 9.66415118e-02 4.83207559e-02
1.98943679e+01 -8.66259433e-02 9.56811074e-02 4.78405537e-02
1.99261989e+01 -8.73469149e-02 9.48110627e-02 4.74055313e-02
1.99580299e+01 -8.79131033e-02 9.40465471e-02 4.70232735e-02
1.99898609e+01 -8.83254310e-02 9.34008992e-02 4.67004496e-02
2.00216918e+01 -8.85850417e-02 9.28858494e-02 4.64429247e-02
2.00535228e+01 -8.86940963e-02 9.25104359e-02 4.62552180e-02
2.00853538e+01 -8.86542505e-02 9.22818827e-02 4.61409413e-02
2.01171848e+01 -8.84683603e-02 9.22039690e-02 4.61019845e-02
2.01490158e+01 -8.81394396e-02 9.22777681e-02 4.61388840e-02
2.01808468e+01 -8.76710144e-02 9.25019307e-02 4.62509653e-02
2.02126778e+01 -8.70666104e-02 9.28717459e-02 4.64358729e-02
2.02445088e+01 -8.63308783e-02 9.33802428e-02 4.66901214e-02
2.02763397e+01 -8.54680200e-02 9.40176854e-02 4.70088427e-02
2.03081707e+01 -8.44832168e-02 9.47727849e-02 4.73863925e-02
2.03400017e+01 -8.33817575e-02 9.56322865e-02 4.78161432e-02
2.03718327e+01 -8.21689562e-02 9.65815190e-02 4.82907595e-02
2.04036637e+01 -8.08508345e-02 9.76051295e-02 4.88025648e-02
2.04354947e+01 -7.94333574e-02 9.86872615e-02 4.93436307e-02
2.04673257e+01 -7.79230394e-02 9.98113806e-02 4.99056903e-02
2.04991567e+01 -7.63261044e-02 1.00961911e-01 5.04809554e-02
2.05309877e+01 -7.46494084e-02 1.02122641e-01 5.10613203e-02
2.05628186e+01 -7.28997027e-02 1.03278550e-01 5.16392750e-02
2.05946496e+01 -7.10839267e-02 1.04415364e-01 5.22076822e-02
2.06264806e+01 -6.92089835e-02 1.05519036e-01 5.27595180e-02
2.06583116e+01 -6.72820708e-02 1.06577646e-01 5.32888231e-02
2.06901426e+01 -6.53101158e-02 1.07579220e-01 5.37896102e-02
2.07219736e+01 -6.33003091e-02 1.08513053e-01 5.42565265e-02
2.07538046e+01 -6.12594403e-02 1.09370470e-01 5.46852351e-02
2.07856356e+01 -5.91947689e-02 1.10142645e-01 5.50713226e-02
2.08174666e+01 -5.71130180e-02 1.10823089e-01 5.54115446e-02
2.08492975e+01 -5.50207401e-02 1.11405402e-01 5.57027008e-02
2.08811285e+01 -5.29249174e-02 1.11884930e-01 5.59424649e-02
2.09129595e+01 -5.08316032e-02 1.12257581e-01 5.61287907e-02
2.09447905e+01 -4.87472996e-02 1.12520826e-01 5.62604132e-02
2.09766215e+01 -4.66777501e-02 1.12672823e-01 5.63364116e-02
2.10084525e+01 -4.46288944e-02 1.12712413e-01 5.63562067e-02
2.10402835e+01 -4.26060782e-02 1.12639596e-01 5.63197978e-02
2.10721145e+01 -4.06146659e-02 1.12455125e-01 5.62275626e-02
2.11039455e+01 -3.86595180e-02 1.12160350e-01 5.60801751e-02
2.11357764e+01 -3.67452939e-02 1.11757530e-01 5.58787650e-02
2.11676074e+01 -3.48760793e-02 1.11249410e-01 5.56247050e-02
2.11994384e+01 -3.30561569e-02 1.10639202e-01 5.53196009e-02
2.12312694e+01 -3.12888063e-02 1.09930671e-01 5.49653356e-02
2.12631004e+01 -2.95775847e-02 1.09128044e-01 5.45640219e-02
2.12949314e+01 -2.79251146e-02 1.08236195e-01 5.41180975e-02
2.13267624e+01 -2.63341256e-02 1.07259457e-01 5.36297286e-02
2.13585934e+01 -2.48067029e-02 1.06203452e-01 5.31017258e-02
2.13904244e+01 -2.33447420e-02 1.05072922e-01 5.25364611e-02
2.14222553e+01 -2.19496963e-02 1.03873378e-01 5.19366888e-02
2.14540863e+01 -2.06225136e-02 1.02610219e-01 5.13051095e-02
2.14859173e+01 -1.93641417e-02 1.01288878e-01 5.06444389e-02
2.15177483e+01 -1.81748333e-02 9.99142197e-02 4.99571099e-02
2.15495793e+01 -1.70549044e-02 9.84917313e-02 4.92458656e-02
2.15814103e+01 -1.60039759e-02 9.70259004e-02 4.85129502e-02
2.16132413e+01 -1.50214790e-02 9.55217717e-02 4.77608859e-02
2.16450723e+01 -1.41064660e-02 9.39835203e-02 4.69917601e-02
2.16769032e+01 -1.32580523e-02 9.24152573e-02 4.62076286e-02
2.17087342e+01 -1.24747339e-02 9.08206588e-02 4.54103294e-02
2.17405652e+01 -1.17548618e-02 8.92031722e-02 4.46015861e-02
2.17723962e+01 -1.10965529e-02 8.75657425e-02 4.37828712e-02
2.18042272e+01 -1.04979053e-02 8.59110717e-02 4.29555359e-02
2.18360582e+01 -9.95624615e-03 8.42413254e-02 4.21206627e-02
2.18678892e+01 -9.46952192e-03 8.25584716e-02 4.12792358e-02
2.18997202e+01 -9.03490181e-03 8.08637319e-02 4.04318659e-02
2.19315512e+01 -8.64984759e-03 7.91587466e-02 3.95793733e-02
2.19633821e+01 -8.31130163e-03 7.74439383e-02 3.87219691e-02
2.19952131e+01 -8.01648307e-03 7.57199849e-02 3.78599924e-02
2.20270441e+01 -7.76235070e-03 7.39874389e-02 3.69937194e-02
2.20588751e+01 -7.54566936e-03 7.22460172e-02 3.61230086e-02
2.20907061e+01 -7.36378518e-03 7.04959590e-02 3.52479795e-02
2.21225371e+01 -7.21305857e-03 6.87369480e-02 3.43684740e-02
2.21543681e+01 -7.09062085e-03 6.69688388e-02 3.34844194e-02
2.21861991e+01 -6.99363490e-03 6.51911218e-02 3.25955609e-02
2.22180301e+01 -6.91867600e-03 6.34036473e-02 3.17018236e-02
2.22498610e+01 -6.86309659e-03 6.16060078e-02 3.08030039e-02
2.22816920e+01 -6.82385106e-03 5.97983017e-02 2.98991508e-02
2.23135230e+01 -6.79820782e-03 5.79800671e-02 2.89900335e-02
2.23453540e+01 -6.78336137e-03 5.61517410e-02 2.80758705e-02
2.23771850e+01 -6.77683856e-03 5.43135670e-02 2.71567835e-02
2.24090160e+01 -6.77612960e-03 5.24656860e-02 2.62328430e-02
2.24408470e+01 -6.77896354e-03 5.06092056e-02 2.53046028e-02
2.24726780e+01 -6.78317749e-03 4.87445816e-02 2.43722908e-02
2.25045090e+01 -6.78670334e-03 4.68733819e-02 2.34366909e-02
2.25363399e+01 -6.78772697e-03 4.49969510e-02 2.24984755e-02
2.25681709e+01 -6.78458025e-03 4.31167968e-02 2.15583984e-02
2.26000019e+01 -6.77579724e-03 4.12349213e-02 2.06174606e-02
2.26318329e+01 -6.75986776e-03 3.93537872e-02 1.96768936e-02
2.26636639e+01 -6.73578082e-03 3.74750962e-02 1.87375481e-02
2.26954949e+01 -6.70250015e-03 3.56019813e-02 1.78009906e-02
2.27273259e+01 -6.65918537e-03 3.37372719e-02 1.68686360e-02
2.27591569e+01 -6.60526778e-03 3.18838870e-02 1.59419435e-02
2.27909879e+01 -6.54019766e-03 3.00450766e-02 1.50225383e-02
2.28228188e+01 -6.46357062e-03 2.82242164e-02 1.41121082e-02
2.28546498e+01 -6.37532346e-03 2.64249521e-02 1.32124761e-02
2.28864808e+01 -6.27553643e-03 2.46509759e-02 1.23254880e-02
2.29183118e+01 -6.16421459e-03 2.29063524e-02 1.14531762e-02
2.29501428e+01 -6.04173769e-03 2.11949799e-02 1.05974900e-02
2.29819738e+01 -5.90840340e-03 1.95212748e-02 9.76063740e-03
2.30138048e+01 -5.76461013e-03 1.78895291e-02 8.94476457e-03
2.30456358e+01 -5.61128603e-03 1.63048774e-02 8.15243870e-03
2.30774667e+01 -5.44898733e-03 1.47724971e-02 7.38624854e-03
2.31092977e+01 -5.27847746e-03 1.32984519e-02 6.64922595e-03
2.31411287e+01 -5.10078448e-03 1.18893777e-02 5.94468887e-03
2.31729597e+01 -4.91684924e-03 1.05538755e-02 5.27693776e-03
2.32047907e+01 -4.72771244e-03 9.30201954e-03 4.65100977e-03
2.32366217e+01 -4.53420182e-03 8.14731562e-03 4.07365781e-03
2.32684527e+01 -4.33767717e-03 7.10749295e-03 3.55374648e-03
2.33002837e+01 -4.13902944e-03 6.20602645e-03 3.10301322e-03
2.33321147e+01 -3.93958555e-03 5.47228942e-03 2.73614471e-03
2.33639456e+01 -3.74033122e-03 4.93861650e-03 2.46930825e-03
2.33957766e+01 -3.54247964e-03 4.62971549e-03 2.31485774e-03
2.34276076e+01 -3.34696599e-03 4.54763206e-03 2.27381603e-03
2.34594386e+01 -3.15499082e-03 4.66365895e-03 2.33182947e-03
2.34912696e+01 -2.96756512e-03 4.92755587e-03 2.46377794e-03
2.35231006e+01 -2.78563038e-03 5.28573361e-03 2.64286681e-03
2.35549316e+01 -2.61014706e-03 5.69346514e-03 2.84673257e-03
2.35867626e+01 -2.44194921e-03 6.11800528e-03 3.05900264e-03
2.36185936e+01 -2.28187722e-03 6.53693669e-03 3.26846835e-03
2.36504245e+01 -2.13064512e-03 6.93541678e-03 3.46770839e-03
2.36822555e+01 -1.98887845e-03 7.30383343e-03 3.65191672e-03
2.37140865e+01 -1.85719455e-03 7.63612430e-03 3.81806215e-03
2.37459175e+01 -1.73605406e-03 7.92870870e-03 3.96435435e-03
2.37777485e+01 -1.62585809e-03 8.17964518e-03 4.08982259e-03
2.38095795e+01 -1.52693667e-03 8.38827644e-03 4.19413822e-03
2.38414105e+01 -1.43950063e-03 8.55487423e-03 4.27743712e-03
2.38732415e+01 -1.36370993e-03 8.68032620e-03 4.34016310e-03
2.39050725e+01 -1.29957625e-03 8.76611074e-03 4.38305537e-03
2.39369034e+01 -1.24709111e-03 8.81406599e-03 4.40703299e-03
2.39687344e+01 -1.20611109e-03 8.82642148e-03 4.41321074e-03
2.40005654e+01 -1.17643588e-03 8.80555810e-03 4.40277905e-03
2.40323964e+01 -1.15777103e-03 8.75417032e-03 4.37708516e-03
2.40642274e+01 -1.14976775e-03 8.67501953e-03 4.33750976e-03
2.40960584e+01 -1.15198120e-03 8.57100349e-03 4.28550174e-03
2.41278894e+01 -1.16390777e-03 8.44510679e-03 4.22255339e-03
2.41597204e+01 -1.18498826e-03 8.30033627e-03 4.15016813e-03
2.41915513e+01 -1.21459333e-03 8.13965977e-03 4.06982989e-03
2.42233823e+01 -1.25207032e-03 7.96606602e-03 3.98303301e-03
2.42552133e+01 -1.29668682e-03 7.78243640e-03 3.89121820e-03
2.42870443e+01 -1.34768409e-03 7.59155201e-03 3.79577600e-03
2.43188753e+01 -1.40429231e-03 7.39605286e-03 3.69802643e-03
2.43507063e+01 -1.46569966e-03 7.19838535e-03 3.59919267e-03
2.43825373e+01 -1.53106360e-03 7.00083847e-03 3.50041924e-03
2.44143683e+01 -1.59955720e-03 6.80537807e-03 3.40268903e-03
2.44461993e+01 -1.67032111e-03 6.61372663e-03 3.30686332e-03
2.44780302e+01 -1.74251558e-03 6.42730934e-03 3.21365467e-03
2.45098612e+01 -1.81529453e-03 6.24720191e-03 3.12360095e-03
2.45416922e+01 -1.88785358e-03 6.07415967e-03 3.03707983e-03
2.45735232e+01 -1.95936778e-03 5.90858997e-03 2.95429498e-03
2.46053542e+01 -2.02906294e-03 5.75054098e-03 2.87527049e-03
2.46371852e+01 -2.09619675e-03 5.59978402e-03 2.79989201e-03
2.46690162e+01 -2.16004041e-03 5.45579510e-03 2.72789755e-03
2.47008472e+01 -2.21992602e-03 5.31777445e-03 2.65888722e-03
2.47326782e+01 -2.27522425e-03 5.18475641e-03 2.59237820e-03
2.47645091e+01 -2.32534745e-03 5.05561987e-03 2.52780994e-03
2.47963401e+01 -2.36975853e-03 4.92916111e-03 2.46458055e-03
2.48281711e+01 -2.40798422e-03 4.80414204e-03 2.40207102e-03
2.48600021e+01 -2.43960370e-03 4.67932896e-03 2.33966448e-03
2.48918331e+01 -2.46425490e-03 4.55353648e-03 2.27676824e-03
2.49236641e+01 -2.48162757e-03 4.42573200e-03 2.21286600e-03
2.49554951e+01 -2.49147150e-03 4.29494290e-03 2.14747145e-03
2.49873261e+01 -2.49360533e-03 4.16038104e-03 2.08019052e-03
2.50191571e+01 -2.48790585e-03 4.02146015e-03 2.01073007e-03
2.50509880e+01 -2.47432061e-03 3.87773851e-03 1.93886925e-03
2.50828190e+01 -2.45281297e-03 3.72894925e-03 1.86447463e-03
2.51146500e+01 -2.42347771e-03 3.57510371e-03 1.78755185e-03
2.51464810e+01 -2.38639596e-03 3.41630255e-03 1.70815127e-03
2.51783120e+01 -2.34174186e-03 3.25294425e-03 1.62647212e-03
2.52101430e+01 -2.28973265e-03 3.08558071e-03 1.54279035e-03
2.52419740e+01 -2.23061545e-03 2.91496799e-03 1.45748400e-03
2.52738050e+01 -2.16471670e-03 2.74215069e-03 1.37107534e-03
2.53056360e+01 -2.09238827e-03 2.56836798e-03 1.28418399e-03
2.53374669e+01 -2.01400279e-03 2.39514743e-03 1.19757372e-03
2.53692979e+01 -1.93000852e-03 2.22438629e-03 1.11219315e-03
2.54011289e+01 -1.84084509e-03 2.05833230e-03 1.02916615e-03
2.54329599e+01 -1.74699878e-03 1.89973463e-03 9.49867316e-04
2.54647909e+01 -1.64897461e-03 1.75188755e-03 8.75943777e-04
2.54966219e+01 -1.54730267e-03 1.61869112e-03 8.09345559e-04
2.55284529e+01 -1.44251350e-03 1.50457204e-03 7.52286018e-04
2.55602839e+01 -1.33515828e-03 1.41419948e-03 7.07099739e-04
2.55921148e+01 -1.22578390e-03 1.35184161e-03 6.75920806e-04
2.56239458e+01 -1.11495455e-03 1.32043901e-03 6.60219506e-04
2.56557768e+01 -1.00321699e-03 1.32065828e-03 6.60329141e-04
2.56876078e+01 -8.91123320e-04 1.35054820e-03 6.75274100e-04
2.57194388e+01 -7.79197220e-04 1.40597358e-03 7.02986791e-04
2.57512698e+01 -6.67976605e-04 1.48167192e-03 7.40835959e-04
2.57831008e+01 -5.57949216e-04 1.57220985e-03 7.86104924e-04
2.58149318e+01 -4.49620044e-04 1.67270587e-03 8.36352933e-04
2.58467628e+01 -3.43438792e-04 1.77902171e-03 8.89510857e-04
2.58785937e+01 -2.39843412e-04 1.88784650e-03 9.43923248e-04
2.59104247e+01 -1.39246766e-04 1.99658028e-03 9.98290141e-04
2.59422557e+01 -4.20289268e-05 2.10319574e-03 1.05159787e-03
2.59740867e+01 5.14684538e-05 2.20615370e-03 1.10307685e-03
2.60059177e+01 1.40925017e-04 2.30426459e-03 1.15213229e-03
2.60377487e+01 2.26060211e-04 2.39663625e-03 1.19831812e-03
2.60695797e+01 3.06632662e-04 2.48262214e-03 1.24131107e-03
2.61014107e+01 3.82431956e-04 2.56174729e-03 1.28087365e-03
2.61332417e+01 4.53274851e-04 2.63368992e-03 1.31684496e-03
2.61650726e+01 5.19036868e-04 2.69828155e-03 1.34914078e-03
2.61969036e+01 5.79607430e-04 2.75543329e-03 1.37771664e-03
2.62287346e+01 6.34915134e-04 2.80514536e-03 1.40257268e-03
2.62605656e+01 6.84934075e-04 2.84751187e-03 1.42375594e-03
2.62923966e+01 7.29659829e-04 2.88266641e-03 1.44133320e-03
2.63242276e+01 7.69118935e-04 2.91080089e-03 1.45540044e-03
2.63560586e+01 8.03373948e-04 2.93214522e-03 1.46607261e-03
2.63878896e+01 8.32513961e-04 2.94696699e-03 1.47348349e-03
2.64197206e+01 8.56652081e-04 2.95554966e-03 1.47777483e-03
2.64515515e+01 8.75937428e-04 2.95820996e-03 1.47910498e-03
2.64833825e+01 8.90521652e-04 2.95525687e-03 1.47762844e-03
2.65152135e+01 9.00591787e-04 2.94701145e-03 1.47350572e-03
2.65470445e+01 9.06348136e-04 2.93380249e-03 1.46690124e-03
2.65788755e+01 9.08000795e-04 2.91594203e-03 1.45797102e-03
2.66107065e+01 9.05791394e-04 2.89376194e-03 1.44688097e-03
2.66425375e+01 8.99944119e-04 2.86754338e-03 1.43377169e-03
2.66743685e+01 8.90720818e-04 2.83760736e-03 1.41880368e-03
2.67061995e+01 8.78360213e-04 2.80421615e-03 1.40210808e-03
2.67380304e+01 8.63133262e-04 2.76765789e-03 1.38382894e-03
2.67698614e+01 8.45285176e-04 2.72817900e-03 1.36408950e-03
2.68016924e+01 8.25086566e-04 2.68604894e-03 1.34302447e-03
2.68335234e+01 8.02781568e-04 2.64149158e-03 1.32074579e-03
2.68653544e+01 7.78626261e-04 2.59475798e-03 1.29737899e-03
2.68971854e+01 7.52857598e-04 2.54607107e-03 1.27303553e-03
2.69290164e+01 7.25711448e-04 2.49566067e-03 1.24783033e-03
2.69608474e+01 6.97412272e-04 2.44376333e-03 1.22188167e-03
2.69926783e+01 6.68167557e-04 2.39060815e-03 1.19530407e-03
2.70245093e+01 6.38185953e-04 2.33645418e-03 1.16822709e-03
2.70563403e+01 6.07644386e-04 2.28154707e-03 1.14077354e-03
2.70881713e+01 5.76720156e-04 2.22616277e-03 1.11308139e-03
2.71200023e+01 5.45562198e-04 2.17058064e-03 1.08529032e-03
2.71518333e+01 5.14315146e-04 2.11511378e-03 1.05755689e-03
2.71836643e+01 4.83098108e-04 2.06007920e-03 1.03003960e-03
2.72154953e+01 4.52024624e-04 2.00582861e-03 1.00291430e-03
2.72473263e+01 4.21180093e-04 1.95271525e-03 9.76357627e-04
2.72791572e+01 3.90641994e-04 1.90112476e-03 9.50562382e-04
2.73109882e+01 3.60467177e-04 1.85144148e-03 9.25720741e-04
2.73428192e+01 3.30698249e-04 1.80406555e-03 9.02032777e-04
2.73746502e+01 3.01365870e-04 1.75939043e-03 8.79695215e-04
2.74064812e+01 2.72482376e-04 1.71780397e-03 8.58901986e-04
2.74383122e+01 2.44048606e-04 1.67967106e-03 8.39835532e-04
2.74701432e+01 2.16053768e-04 1.64532221e-03 8.22661104e-04
2.75019742e+01 1.88474901e-04 1.61504243e-03 8.07521213e-04
2.75338052e+01 1.61280103e-04 1.58905584e-03 7.94527919e-04
2.75656361e+01 1.34426175e-04 1.56751338e-03 7.83756691e-04
2.75974671e+01 1.07865833e-04 1.55048746e-03 7.75243729e-04
2.76292981e+01 8.15400230e-05 1.53796167e-03 7.68980834e-04
2.76611291e+01 5.53913769e-05 1.52983313e-03 7.64916565e-04
2.76929601e+01 2.93537253e-05 1.52591313e-03 7.62956565e-04
2.77247911e+01 3.35864929e-06 1.52593819e-03 7.62969094e-04
2.77566221e+01 -2.26607412e-05 1.52957876e-03 7.64789378e-04
2.77884531e+01 -4.87701733e-05 1.53645688e-03 7.68228438e-04
2.78202841e+01 -7.50435761e-05 1.54615679e-03 7.73078394e-04
2.78521150e+01 -1.01540219e-04 1.55825046e-03 7.79125229e-04
2.78839460e+01 -1.28322089e-04 1.57229964e-03 7.86149821e-04
2.79157770e+01 -1.55446243e-04 1.58787839e-03 7.93939196e-04
2.79476080e+01 -1.82964749e-04 1.60458326e-03 8.02291632e-04
2.79794390e+01 -2.10922089e-04 1.62203695e-03 8.11018473e-04
2.80112700e+01 -2.39354786e-04 1.63989645e-03 8.19948225e-04
2.80431010e+01 -2.68294243e-04 1.65785782e-03 8.28928911e-04
2.80749320e+01 -2.97760113e-04 1.67566016e-03 8.37830079e-04
2.81067630e+01 -3.27769013e-04 1.69308338e-03 8.46541691e-04
2.81385939e+01 -3.58323345e-04 1.70995054e-03 8.54975270e-04
2.81704249e+01 -3.89417358e-04 1.72612191e-03 8.63060956e-04
2.82022559e+01 -4.21038415e-04 1.74150056e-03 8.70750282e-04
2.82340869e+01 -4.53161051e-04 1.75602225e-03 8.78011126e-04
2.82659179e+01 -4.85752713e-04 1.76965366e-03 8.84826830e-04
2.82977489e+01 -5.18771457e-04 1.78239568e-03 8.91197838e-04
2.83295799e+01 -5.52168195e-04 1.79427062e-03 8.97135310e-04
2.83614109e+01 -5.85883341e-04 1.80532533e-03 9.02662666e-04
2.83932418e+01 -6.19851118e-04 1.81562138e-03 9.07810692e-04
2.84250728e+01 -6.53997847e-04 1.82523975e-03 9.12619874e-04
2.84569038e+01 -6.88243659e-04 1.83426433e-03 9.17132163e-04
2.84887348e+01 -7.22502748e-04 1.84279386e-03 9.21396930e-04
2.85205658e+01 -7.56685854e-04 1.85092627e-03 9.25463137e-04
2.85523968e+01 -7.90697596e-04 1.85875920e-03 9.29379601e-04
2.85842278e+01 -8.24440604e-04 1.86638833e-03 9.33194164e-04
2.86160588e+01 -8.57813334e-04 1.87390515e-03 9.36952575e-04
2.86478898e+01 -8.90716521e-04 1.88139022e-03 9.40695108e-04
2.86797207e+01 -9.23046475e-04 1.88891746e-03 9.44458731e-04
2.87115517e+01 -9.54702348e-04 1.89654560e-03 9.48272799e-04
2.87433827e+01 -9.85584810e-04 1.90432480e-03 9.52162398e-04
2.87752137e+01 -1.01559611e-03 1.91229325e-03 9.56146625e-04
2.88070447e+01 -1.04464008e-03 1.92047043e-03 9.60235213e-04
2.88388757e+01 -1.07262680e-03 1.92886974e-03 9.64434868e-04
2.88707067e+01 -1.09946996e-03 1.93748598e-03 9.68742988e-04
2.89025377e+01 -1.12508925e-03 1.94631050e-03 9.73155250e-04
2.89343687e+01 -1.14940878e-03 1.95531646e-03 9.77658228e-04
2.89661996e+01 -1.17236214e-03 1.96446981e-03 9.82234903e-04
2.89980306e+01 -1.19388962e-03 1.97373134e-03 9.86865670e-04
2.90298616e+01 -1.21393663e-03 1.98305434e-03 9.91527169e-04
2.90616926e+01 -1.23245748e-03 1.99238291e-03 9.96191457e-04
2.90935236e+01 -1.24941912e-03 2.00166502e-03 1.00083251e-03
2.91253546e+01 -1.26479135e-03 2.01083760e-03 1.00541880e-03
2.91571856e+01 -1.27855496e-03 2.01984046e-03 1.00992023e-03
2.91890166e+01 -1.29070079e-03 2.02860999e-03 1.01430499e-03
2.92208476e+01 -1.30122701e-03 2.03708628e-03 1.01854314e-03
2.92526785e+01 -1.31013943e-03 2.04520509e-03 1.02260255e-03
2.92845095e+01 -1.31745612e-03 2.05290545e-03 1.02645273e-03
2.93163405e+01 -1.32319731e-03 2.06012756e-03 1.03006378e-03
2.93481715e+01 -1.32739514e-03 2.06681117e-03 1.03340558e-03
2.93800025e+01 -1.33009077e-03 2.07289925e-03 1.03644963e-03
2.94118335e+01 -1.33132532e-03 2.07833689e-03 1.03916844e-03
2.94436645e+01 -1.33115446e-03 2.08306811e-03 1.04153406e-03
2.94754955e+01 -1.32963399e-03 2.08704147e-03 1.04352073e-03
2.95073264e+01 -1.32682564e-03 2.09020605e-03 1.04510303e-03
2.95391574e+01 -1.32279575e-03 2.09250898e-03 1.04625449e-03
2.95709884e+01 -1.31761681e-03 2.09390412e-03 1.04695206e-03
2.96028194e+01 -1.31135875e-03 2.09434494e-03 1.04717247e-03
2.96346504e+01 -1.30410152e-03 2.09378668e-03 1.04689334e-03
2.96664814e+01 -1.29591872e-03 2.09218858e-03 1.04609429e-03
2.96983124e+01 -1.28688808e-03 2.08951112e-03 1.04475556e-03
2.97301434e+01 -1.27708617e-03 2.08571709e-03 1.04285854e-03
2.97619744e+01 -1.26659199e-03 2.08077317e-03 1.04038659e-03
2.97938053e+01 -1.25547642e-03 2.07465397e-03 1.03732699e-03
2.98256363e+01 -1.24381631e-03 2.06733034e-03 1.03366517e-03
2.98574673e+01 -1.23167800e-03 2.05878754e-03 1.02939377e-03
2.98892983e+01 -1.21912701e-03 2.04900911e-03 1.02450456e-03
2.99211293e+01 -1.20622755e-03 2.03798889e-03 1.01899444e-03
2.99529603e+01 -1.19303470e-03 2.02572373e-03 1.01286186e-03
2.99847913e+01 -1.17960048e-03 2.01222258e-03 1.00611129e-03
3.00166223e+01 -1.16597266e-03 1.99749860e-03 9.98749301e-04
3.00484533e+01 -1.15219161e-03 1.98157417e-03 9.90787084e-04
3.00802842e+01 -1.13829044e-03 1.96447907e-03 9.82239533e-04
3.01121152e+01 -1.12429765e-03 1.94624632e-03 9.73123161e-04
3.01439462e+01 -1.11023661e-03 1.92692610e-03 9.63463052e-04
3.01757772e+01 -1.09612187e-03 1.90656958e-03 9.53284792e-04
3.02076082e+01 -1.08196289e-03 1.88523793e-03 9.42618965e-04
3.02394392e+01 -1.06776032e-03 1.86299805e-03 9.31499026e-04
3.02712702e+01 -1.05351225e-03 1.83992620e-03 9.19963102e-04
3.03031012e+01 -1.03920858e-03 1.81609796e-03 9.08048980e-04
3.03349322e+01 -1.02483413e-03 1.79160300e-03 8.95801498e-04
3.03667631e+01 -1.01036870e-03 1.76652719e-03 8.83263596e-04
3.03985941e+01 -9.95786374e-04 1.74096360e-03 8.70481801e-04
3.04304251e+01 -9.81058084e-04 1.71500449e-03 8.57502245e-04
3.04622561e+01 -9.66149078e-04 1.68874129e-03 8.44370646e-04
3.04940871e+01 -9.51022076e-04 1.66226860e-03 8.31134299e-04
3.05259181e+01 -9.35639167e-04 1.63567663e-03 8.17838315e-04
3.05577491e+01 -9.19953591e-04 1.60905027e-03 8.04525136e-04
3.05895801e+01 -9.03928068e-04 1.58247247e-03 7.91236234e-04
3.06214111e+01 -8.87512049e-04 1.55601787e-03 7.78008933e-04
3.06532420e+01 -8.70663830e-04 1.52975713e-03 7.64878565e-04
3.06850730e+01 -8.53339811e-04 1.50374801e-03 7.51874005e-04
3.07169040e+01 -8.35495131e-04 1.47804224e-03 7.39021120e-04
3.07487350e+01 -8.17088085e-04 1.45268751e-03 7.26343757e-04
3.07805660e+01 -7.98079497e-04 1.42770804e-03 7.13854022e-04
3.08123970e+01 -7.78435879e-04 1.40313258e-03 7.01566289e-04
3.08442280e+01 -7.58122477e-04 1.37897428e-03 6.89487142e-04
3.08760590e+01 -7.37110225e-04 1.35523482e-03 6.77617410e-04
3.09078899e+01 -7.15375744e-04 1.33191568e-03 6.65957839e-04
3.09397209e+01 -6.92902605e-04 1.30899881e-03 6.54499407e-04
3.09715519e+01 -6.69676276e-04 1.28647396e-03 6.43236980e-04
3.10033829e+01 -6.45691069e-04 1.26431615e-03 6.32158076e-04
3.10352139e+01 -6.20941930e-04 1.24250045e-03 6.21250226e-04
3.10670449e+01 -5.95439600e-04 1.22099970e-03 6.10499852e-04
3.10988759e+01 -5.69193304e-04 1.19978671e-03 5.99893356e-04
3.11307069e+01 -5.42221873e-04 1.17883685e-03 5.89418427e-04
3.11625379e+01 -5.14551339e-04 1.15812592e-03 5.79062961e-04
3.11943688e+01 -4.86214687e-04 1.13763493e-03 5.68817466e-04
3.12261998e+01 -4.57251660e-04 1.11735368e-03 5.58676840e-04
3.12580308e+01 -4.27706364e-04 1.09727209e-03 5.48636044e-04
3.12898618e+01 -3.97631560e-04 1.07739218e-03 5.38696090e-04
3.13216928e+01 -3.67084305e-04 1.05772333e-03 5.28861665e-04
3.13535238e+01 -3.36130448e-04 1.03828237e-03 5.19141183e-04
3.13853548e+01 -3.04835891e-04 1.01909494e-03 5.09547471e-04
3.14171858e+01 -2.73276676e-04 1.00019562e-03 5.00097812e-04
3.14490168e+01 -2.41532404e-04 9.81628646e-04 4.90814323e-04
3.14808477e+01 -2.09681915e-04 9.63440300e-04 4.81720150e-04
3.15126787e+01 -1.77814238e-04 9.45688881e-04 4.72844441e-04
3.15445097e+01 -1.46014994e-04 9.28435516e-04 4.64217758e-04
3.15763407e+01 -1.14374475e-04 9.11743526e-04 4.55871763e-04
3.16081717e+01 -8.29860038e-05 8.95680280e-04 4.47840140e-04
3.16400027e+01 -5.19405123e-05 8.80314892e-04 4.40157446e-04
3.16718337e+01 -2.13314069e-05 8.65707078e-04 4.32853539e-04
3.17036647e+01 8.74908742e-06 8.51920734e-04 4.25960367e-04
3.17354957e+01 3.82137820e-05 8.39009218e-04 4.19504609e-04
3.17673266e+01 6.69699655e-05 8.27019015e-04 4.13509508e-04
3.17991576e+01 9.49353936e-05 8.15982918e-04 4.07991459e-04
3.18309886e+01 1.22027575e-04 8.05925783e-04 4.02962892e-04
