# freq_w_over_2pi_THz  kappa_x_avg_Wm-1K-1THz-1
# Averaged over 4 runs
3.18309886e-02 1.82419658e+00
6.36619772e-02 1.82689550e+00
9.54929659e-02 1.83138008e+00
1.27323954e-01 1.83763276e+00
1.59154943e-01 1.84562751e+00
1.90985932e-01 1.85533344e+00
2.22816920e-01 1.86670826e+00
2.54647909e-01 1.87970661e+00
2.86478898e-01 1.89427491e+00
3.18309886e-01 1.91035459e+00
3.50140875e-01 1.92788062e+00
3.81971863e-01 1.94678014e+00
4.13802852e-01 1.96697854e+00
4.45633841e-01 1.98839311e+00
4.77464829e-01 2.01093575e+00
5.09295818e-01 2.03452073e+00
5.41126807e-01 2.05905004e+00
5.72957795e-01 2.08442613e+00
6.04788784e-01 2.11054914e+00
6.36619772e-01 2.13731414e+00
6.68450761e-01 2.16461945e+00
7.00281750e-01 2.19235526e+00
7.32112738e-01 2.22041414e+00
7.63943727e-01 2.24868615e+00
7.95774715e-01 2.27706489e+00
8.27605704e-01 2.30544280e+00
8.59436693e-01 2.33370837e+00
8.91267681e-01 2.36175670e+00
9.23098670e-01 2.38948473e+00
9.54929659e-01 2.41678771e+00
9.86760647e-01 2.44356692e+00
1.01859164e+00 2.46972438e+00
1.05042262e+00 2.49516605e+00
1.08225361e+00 2.51980335e+00
1.11408460e+00 2.54355097e+00
1.14591559e+00 2.56632614e+00
1.17774658e+00 2.58804925e+00
1.20957757e+00 2.60865142e+00
1.24140856e+00 2.62806693e+00
1.27323954e+00 2.64623576e+00
1.30507053e+00 2.66309914e+00
1.33690152e+00 2.67860337e+00
1.36873251e+00 2.69270674e+00
1.40056350e+00 2.70537956e+00
1.43239449e+00 2.71657569e+00
1.46422548e+00 2.72627744e+00
1.49605647e+00 2.73447092e+00
1.52788745e+00 2.74112705e+00
1.55971844e+00 2.74624331e+00
1.59154943e+00 2.74982223e+00
1.62338042e+00 2.75185812e+00
1.65521141e+00 2.75237373e+00
1.68704240e+00 2.75137663e+00
1.71887339e+00 2.74887885e+00
1.75070437e+00 2.74492080e+00
1.78253536e+00 2.73952020e+00
1.81436635e+00 2.73271665e+00
1.84619734e+00 2.72455249e+00
1.87802833e+00 2.71506103e+00
1.90985932e+00 2.70429463e+00
1.94169031e+00 2.69230367e+00
1.97352129e+00 2.67913983e+00
2.00535228e+00 2.66485960e+00
2.03718327e+00 2.64951821e+00
2.06901426e+00 2.63318142e+00
2.10084525e+00 2.61590915e+00
2.13267624e+00 2.59776535e+00
2.16450723e+00 2.57880800e+00
2.19633821e+00 2.55911352e+00
2.22816920e+00 2.53873908e+00
2.26000019e+00 2.51775773e+00
2.29183118e+00 2.49622102e+00
2.32366217e+00 2.47421098e+00
2.35549316e+00 2.45178125e+00
2.38732415e+00 2.42900358e+00
2.41915513e+00 2.40592279e+00
2.45098612e+00 2.38261109e+00
2.48281711e+00 2.35912129e+00
2.51464810e+00 2.33552165e+00
2.54647909e+00 2.31185023e+00
2.57831008e+00 2.28815726e+00
2.61014107e+00 2.26450013e+00
2.64197206e+00 2.24091616e+00
2.67380304e+00 2.21744991e+00
2.70563403e+00 2.19414529e+00
2.73746502e+00 2.17103213e+00
2.76929601e+00 2.14814157e+00
2.80112700e+00 2.12550497e+00
2.83295799e+00 2.10314848e+00
2.86478898e+00 2.08109389e+00
2.89661996e+00 2.05935979e+00
2.92845095e+00 2.03796039e+00
2.96028194e+00 2.01690915e+00
2.99211293e+00 1.99621909e+00
3.02394392e+00 1.97589077e+00
3.05577491e+00 1.95593261e+00
3.08760590e+00 1.93633746e+00
3.11943688e+00 1.91710765e+00
3.15126787e+00 1.89823934e+00
3.18309886e+00 1.87972829e+00
3.21492985e+00 1.86155219e+00
3.24676084e+00 1.84370353e+00
3.27859183e+00 1.82617598e+00
3.31042282e+00 1.80894870e+00
3.34225380e+00 1.79200078e+00
3.37408479e+00 1.77531659e+00
3.40591578e+00 1.75887574e+00
3.43774677e+00 1.74266236e+00
3.46957776e+00 1.72664594e+00
3.50140875e+00 1.71080258e+00
3.53323974e+00 1.69511732e+00
3.56507073e+00 1.67956075e+00
3.59690171e+00 1.66411214e+00
3.62873270e+00 1.64874811e+00
3.66056369e+00 1.63344415e+00
3.69239468e+00 1.61817737e+00
3.72422567e+00 1.60292596e+00
3.75605666e+00 1.58766658e+00
3.78788765e+00 1.57238148e+00
3.81971863e+00 1.55704773e+00
3.85154962e+00 1.54165105e+00
3.88338061e+00 1.52616849e+00
3.91521160e+00 1.51058654e+00
3.94704259e+00 1.49489061e+00
3.97887358e+00 1.47906400e+00
4.01070457e+00 1.46309894e+00
4.04253555e+00 1.44698123e+00
4.07436654e+00 1.43070220e+00
4.10619753e+00 1.41425705e+00
4.13802852e+00 1.39763726e+00
4.16985951e+00 1.38084022e+00
4.20169050e+00 1.36386196e+00
4.23352149e+00 1.34670027e+00
4.26535247e+00 1.32935685e+00
4.29718346e+00 1.31183537e+00
4.32901445e+00 1.29413640e+00
4.36084544e+00 1.27626621e+00
4.39267643e+00 1.25823037e+00
4.42450742e+00 1.24003599e+00
4.45633841e+00 1.22169446e+00
4.48816940e+00 1.20321203e+00
4.52000038e+00 1.18460147e+00
4.55183137e+00 1.16587504e+00
4.58366236e+00 1.14704588e+00
4.61549335e+00 1.12812588e+00
4.64732434e+00 1.10913055e+00
4.67915533e+00 1.09007650e+00
4.71098632e+00 1.07097657e+00
4.74281730e+00 1.05185013e+00
4.77464829e+00 1.03271221e+00
4.80647928e+00 1.01357894e+00
4.83831027e+00 9.94468726e-01
4.87014126e+00 9.75399264e-01
4.90197225e+00 9.56386664e-01
4.93380324e+00 9.37447583e-01
4.96563422e+00 9.18602081e-01
4.99746521e+00 8.99863871e-01
5.02929620e+00 8.81252478e-01
5.06112719e+00 8.62783382e-01
5.09295818e+00 8.44471243e-01
5.12478917e+00 8.26334449e-01
5.15662016e+00 8.08386204e-01
5.18845114e+00 7.90643002e-01
5.22028213e+00 7.73117670e-01
5.25211312e+00 7.55823855e-01
5.28394411e+00 7.38774764e-01
5.31577510e+00 7.21983602e-01
5.34760609e+00 7.05460291e-01
5.37943708e+00 6.89218416e-01
5.41126807e+00 6.73265937e-01
5.44309905e+00 6.57613093e-01
5.47493004e+00 6.42268980e-01
5.50676103e+00 6.27240993e-01
5.53859202e+00 6.12537914e-01
5.57042301e+00 5.98165556e-01
5.60225400e+00 5.84130302e-01
5.63408499e+00 5.70436827e-01
5.66591597e+00 5.57090313e-01
5.69774696e+00 5.44092908e-01
5.72957795e+00 5.31449856e-01
5.76140894e+00 5.19162686e-01
5.79323993e+00 5.07232379e-01
5.82507092e+00 4.95661240e-01
5.85690191e+00 4.84450395e-01
5.88873289e+00 4.73598490e-01
5.92056388e+00 4.63103295e-01
5.95239487e+00 4.52966662e-01
5.98422586e+00 4.43186247e-01
6.01605685e+00 4.33759035e-01
6.04788784e+00 4.24681811e-01
6.07971883e+00 4.15950713e-01
6.11154981e+00 4.07562114e-01
6.14338080e+00 3.99513336e-01
6.17521179e+00 3.91796670e-01
6.20704278e+00 3.84408892e-01
6.23887377e+00 3.77343622e-01
6.27070476e+00 3.70594541e-01
6.30253575e+00 3.64154381e-01
6.33436674e+00 3.58017582e-01
6.36619772e+00 3.52175173e-01
6.39802871e+00 3.46620455e-01
6.42985970e+00 3.41344518e-01
6.46169069e+00 3.36339654e-01
6.49352168e+00 3.31594868e-01
6.52535267e+00 3.27104601e-01
6.55718366e+00 3.22855310e-01
6.58901464e+00 3.18839650e-01
6.62084563e+00 3.15047060e-01
6.65267662e+00 3.11466668e-01
6.68450761e+00 3.08087483e-01
6.71633860e+00 3.04898238e-01
6.74816959e+00 3.01890341e-01
6.78000058e+00 2.99048625e-01
6.81183156e+00 2.96364057e-01
6.84366255e+00 2.93823049e-01
6.87549354e+00 2.91414861e-01
6.90732453e+00 2.89128371e-01
6.93915552e+00 2.86949299e-01
6.97098651e+00 2.84866082e-01
7.00281750e+00 2.82866967e-01
7.03464848e+00 2.80939229e-01
7.06647947e+00 2.79070140e-01
7.09831046e+00 2.77248348e-01
7.13014145e+00 2.75460790e-01
7.16197244e+00 2.73696510e-01
7.19380343e+00 2.71943168e-01
7.22563442e+00 2.70188467e-01
7.25746540e+00 2.68421313e-01
7.28929639e+00 2.66631221e-01
7.32112738e+00 2.64805934e-01
7.35295837e+00 2.62934963e-01
7.38478936e+00 2.61009461e-01
7.41662035e+00 2.59019572e-01
7.44845134e+00 2.56954426e-01
7.48028233e+00 2.54806695e-01
7.51211331e+00 2.52567406e-01
7.54394430e+00 2.50229988e-01
7.57577529e+00 2.47786035e-01
7.60760628e+00 2.45229294e-01
7.63943727e+00 2.42553255e-01
7.67126826e+00 2.39754444e-01
7.70309925e+00 2.36828311e-01
7.73493023e+00 2.33770559e-01
7.76676122e+00 2.30577902e-01
7.79859221e+00 2.27248824e-01
7.83042320e+00 2.23782567e-01
7.86225419e+00 2.20177678e-01
7.89408518e+00 2.16433777e-01
7.92591617e+00 2.12554212e-01
7.95774715e+00 2.08538922e-01
7.98957814e+00 2.04390876e-01
8.02140913e+00 2.00114813e-01
8.05324012e+00 1.95714024e-01
8.08507111e+00 1.91194261e-01
8.11690210e+00 1.86559819e-01
8.14873309e+00 1.81818597e-01
8.18056407e+00 1.76977704e-01
8.21239506e+00 1.72045063e-01
8.24422605e+00 1.67028743e-01
8.27605704e+00 1.61938210e-01
8.30788803e+00 1.56784136e-01
8.33971902e+00 1.51575475e-01
8.37155001e+00 1.46322677e-01
8.40338100e+00 1.41038861e-01
8.43521198e+00 1.35733549e-01
8.46704297e+00 1.30419175e-01
8.49887396e+00 1.25108896e-01
8.53070495e+00 1.19814003e-01
8.56253594e+00 1.14547039e-01
8.59436693e+00 1.09320957e-01
8.62619792e+00 1.04148452e-01
8.65802890e+00 9.90422671e-02
8.68985989e+00 9.40150033e-02
8.72169088e+00 8.90780675e-02
8.75352187e+00 8.42448560e-02
8.78535286e+00 7.95263815e-02
8.81718385e+00 7.49360253e-02
8.84901484e+00 7.04830442e-02
8.88084582e+00 6.61797471e-02
8.91267681e+00 6.20360608e-02
8.94450780e+00 5.80621583e-02
8.97633879e+00 5.42678969e-02
9.00816978e+00 5.06613013e-02
9.04000077e+00 4.72510913e-02
9.07183176e+00 4.40447230e-02
9.10366274e+00 4.10488311e-02
9.13549373e+00 3.82701765e-02
9.16732472e+00 3.57134984e-02
9.19915571e+00 3.33838517e-02
9.23098670e+00 3.12851540e-02
9.26281769e+00 2.94203120e-02
9.29464868e+00 2.77915370e-02
9.32647967e+00 2.64006427e-02
9.35831065e+00 2.52480903e-02
9.39014164e+00 2.43339746e-02
9.42197263e+00 2.36572150e-02
9.45380362e+00 2.32162130e-02
9.48563461e+00 2.30087823e-02
9.51746560e+00 2.30315233e-02
9.54929659e+00 2.32806702e-02
9.58112757e+00 2.37517619e-02
9.61295856e+00 2.44394655e-02
9.64478955e+00 2.53379582e-02
9.67662054e+00 2.64410067e-02
9.70845153e+00 2.77415181e-02
9.74028252e+00 2.92320143e-02
9.77211351e+00 3.09045021e-02
9.80394449e+00 3.27506913e-02
9.83577548e+00 3.47618369e-02
9.86760647e+00 3.69287135e-02
9.89943746e+00 3.92420580e-02
9.93126845e+00 4.16920130e-02
9.96309944e+00 4.42690373e-02
9.99493043e+00 4.69628315e-02
1.00267614e+01 4.97636521e-02
1.00585924e+01 5.26611174e-02
1.00904234e+01 5.56449153e-02
1.01222544e+01 5.87051633e-02
1.01540854e+01 6.18315657e-02
1.01859164e+01 6.50145004e-02
1.02177473e+01 6.82437741e-02
1.02495783e+01 7.15098858e-02
1.02814093e+01 7.48036166e-02
1.03132403e+01 7.81156780e-02
1.03450713e+01 8.14372491e-02
1.03769023e+01 8.47597364e-02
1.04087333e+01 8.80750077e-02
1.04405643e+01 9.13752531e-02
1.04723953e+01 9.46530671e-02
1.05042262e+01 9.79013600e-02
1.05360572e+01 1.01113459e-01
1.05678882e+01 1.04283280e-01
1.05997192e+01 1.07404946e-01
1.06315502e+01 1.10473282e-01
1.06633812e+01 1.13483233e-01
1.06952122e+01 1.16430509e-01
1.07270432e+01 1.19311097e-01
1.07588742e+01 1.22121328e-01
1.07907051e+01 1.24858302e-01
1.08225361e+01 1.27519163e-01
1.08543671e+01 1.30101470e-01
1.08861981e+01 1.32603542e-01
1.09180291e+01 1.35023805e-01
1.09498601e+01 1.37361035e-01
1.09816911e+01 1.39614421e-01
1.10135221e+01 1.41783149e-01
1.10453531e+01 1.43867730e-01
1.10771840e+01 1.45867654e-01
1.11090150e+01 1.47783330e-01
1.11408460e+01 1.49615182e-01
1.11726770e+01 1.51363893e-01
1.12045080e+01 1.53030984e-01
1.12363390e+01 1.54617392e-01
1.12681700e+01 1.56123822e-01
1.13000010e+01 1.57551722e-01
1.13318319e+01 1.58902513e-01
1.13636629e+01 1.60178353e-01
1.13954939e+01 1.61379739e-01
1.14273249e+01 1.62508681e-01
1.14591559e+01 1.63567417e-01
1.14909869e+01 1.64554659e-01
1.15228179e+01 1.65475675e-01
1.15546489e+01 1.66330651e-01
1.15864799e+01 1.67118887e-01
1.16183108e+01 1.67843498e-01
1.16501418e+01 1.68506056e-01
1.16819728e+01 1.69107040e-01
1.17138038e+01 1.69647087e-01
1.17456348e+01 1.70127156e-01
1.17774658e+01 1.70548333e-01
1.18092968e+01 1.70911584e-01
1.18411278e+01 1.71217151e-01
1.18729588e+01 1.71465273e-01
1.19047897e+01 1.71655052e-01
1.19366207e+01 1.71789326e-01
1.19684517e+01 1.71865905e-01
1.20002827e+01 1.71885717e-01
1.20321137e+01 1.71849574e-01
1.20639447e+01 1.71754762e-01
1.20957757e+01 1.71602879e-01
1.21276067e+01 1.71394115e-01
1.21594377e+01 1.71126063e-01
1.21912686e+01 1.70799903e-01
1.22230996e+01 1.70414557e-01
1.22549306e+01 1.69970256e-01
1.22867616e+01 1.69464999e-01
1.23185926e+01 1.68900144e-01
1.23504236e+01 1.68275072e-01
1.23822546e+01 1.67587942e-01
1.24140856e+01 1.66840179e-01
1.24459165e+01 1.66030779e-01
1.24777475e+01 1.65160564e-01
1.25095785e+01 1.64228473e-01
1.25414095e+01 1.63235215e-01
1.25732405e+01 1.62180914e-01
1.26050715e+01 1.61067038e-01
1.26369025e+01 1.59892812e-01
1.26687335e+01 1.58659866e-01
1.27005645e+01 1.57369337e-01
1.27323954e+01 1.56022030e-01
1.27642264e+01 1.54619768e-01
1.27960574e+01 1.53164025e-01
1.28278884e+01 1.51656702e-01
1.28597194e+01 1.50099717e-01
1.28915504e+01 1.48496271e-01
1.29233814e+01 1.46847750e-01
1.29552124e+01 1.45157216e-01
1.29870434e+01 1.43428093e-01
1.30188743e+01 1.41663618e-01
1.30507053e+01 1.39867112e-01
1.30825363e+01 1.38042116e-01
1.31143673e+01 1.36192774e-01
1.31461983e+01 1.34323136e-01
1.31780293e+01 1.32437455e-01
1.32098603e+01 1.30540235e-01
1.32416913e+01 1.28636217e-01
1.32735223e+01 1.26730240e-01
1.33053532e+01 1.24827170e-01
1.33371842e+01 1.22932390e-01
1.33690152e+01 1.21051037e-01
1.34008462e+01 1.19188425e-01
1.34326772e+01 1.17350046e-01
1.34645082e+01 1.15541453e-01
1.34963392e+01 1.13768232e-01
1.35281702e+01 1.12036008e-01
1.35600012e+01 1.10350554e-01
1.35918321e+01 1.08717305e-01
1.36236631e+01 1.07141892e-01
1.36554941e+01 1.05630108e-01
1.36873251e+01 1.04187362e-01
1.37191561e+01 1.02819013e-01
1.37509871e+01 1.01530678e-01
1.37828181e+01 1.00327215e-01
1.38146491e+01 9.92139212e-02
1.38464800e+01 9.81958374e-02
1.38783110e+01 9.72774186e-02
1.39101420e+01 9.64634355e-02
1.39419730e+01 9.57580775e-02
1.39738040e+01 9.51658023e-02
1.40056350e+01 9.46898900e-02
1.40374660e+01 9.43343057e-02
1.40692970e+01 9.41021946e-02
1.41011280e+01 9.39966500e-02
1.41329589e+01 9.40201803e-02
1.41647899e+01 9.41754273e-02
1.41966209e+01 9.44641009e-02
1.42284519e+01 9.48880999e-02
1.42602829e+01 9.54484832e-02
1.42921139e+01 9.61465843e-02
1.43239449e+01 9.69824667e-02
1.43557759e+01 9.79568080e-02
1.43876069e+01 9.90690028e-02
1.44194378e+01 1.00318752e-01
1.44512688e+01 1.01704864e-01
1.44830998e+01 1.03226060e-01
1.45149308e+01 1.04880475e-01
1.45467618e+01 1.06665973e-01
1.45785928e+01 1.08579917e-01
1.46104238e+01 1.10619383e-01
1.46422548e+01 1.12781306e-01
1.46740858e+01 1.15061553e-01
1.47059167e+01 1.17456163e-01
1.47377477e+01 1.19960850e-01
1.47695787e+01 1.22570631e-01
1.48014097e+01 1.25280392e-01
1.48332407e+01 1.28084853e-01
1.48650717e+01 1.30978148e-01
1.48969027e+01 1.33954148e-01
1.49287337e+01 1.37006694e-01
1.49605647e+01 1.40129118e-01
1.49923956e+01 1.43314344e-01
1.50242266e+01 1.46555648e-01
1.50560576e+01 1.49845904e-01
1.50878886e+01 1.53177351e-01
1.51197196e+01 1.56542319e-01
1.51515506e+01 1.59932995e-01
1.51833816e+01 1.63342368e-01
1.52152126e+01 1.66761847e-01
1.52470435e+01 1.70183614e-01
1.52788745e+01 1.73599871e-01
1.53107055e+01 1.77001576e-01
1.53425365e+01 1.80382069e-01
1.53743675e+01 1.83732188e-01
1.54061985e+01 1.87045241e-01
1.54380295e+01 1.90312187e-01
1.54698605e+01 1.93525847e-01
1.55016915e+01 1.96678925e-01
1.55335224e+01 1.99763959e-01
1.55653534e+01 2.02773128e-01
1.55971844e+01 2.05700126e-01
1.56290154e+01 2.08537006e-01
1.56608464e+01 2.11279197e-01
1.56926774e+01 2.13918574e-01
1.57245084e+01 2.16448986e-01
1.57563394e+01 2.18866658e-01
1.57881704e+01 2.21164478e-01
1.58200013e+01 2.23337749e-01
1.58518323e+01 2.25382656e-01
1.58836633e+01 2.27295000e-01
1.59154943e+01 2.29068993e-01
1.59473253e+01 2.30703436e-01
1.59791563e+01 2.32193616e-01
1.60109873e+01 2.33537322e-01
1.60428183e+01 2.34732021e-01
1.60746493e+01 2.35776390e-01
1.61064802e+01 2.36668207e-01
1.61383112e+01 2.37407118e-01
1.61701422e+01 2.37991750e-01
1.62019732e+01 2.38422630e-01
1.62338042e+01 2.38699409e-01
1.62656352e+01 2.38822560e-01
1.62974662e+01 2.38793241e-01
1.63292972e+01 2.38612463e-01
1.63611281e+01 2.38282247e-01
1.63929591e+01 2.37804931e-01
1.64247901e+01 2.37181906e-01
1.64566211e+01 2.36416141e-01
1.64884521e+01 2.35510733e-01
1.65202831e+01 2.34469409e-01
1.65521141e+01 2.33295076e-01
1.65839451e+01 2.31991778e-01
1.66157761e+01 2.30563243e-01
1.66476070e+01 2.29013768e-01
1.66794380e+01 2.27347712e-01
1.67112690e+01 2.25569386e-01
1.67431000e+01 2.23683768e-01
1.67749310e+01 2.21695433e-01
1.68067620e+01 2.19607983e-01
1.68385930e+01 2.17428348e-01
1.68704240e+01 2.15159861e-01
1.69022550e+01 2.12807713e-01
1.69340859e+01 2.10377580e-01
1.69659169e+01 2.07872601e-01
1.69977479e+01 2.05299191e-01
1.70295789e+01 2.02660446e-01
1.70614099e+01 1.99961887e-01
1.70932409e+01 1.97206870e-01
1.71250719e+01 1.94400736e-01
1.71569029e+01 1.91547256e-01
1.71887339e+01 1.88649418e-01
1.72205648e+01 1.85711854e-01
1.72523958e+01 1.82737458e-01
1.72842268e+01 1.79729314e-01
1.73160578e+01 1.76690998e-01
1.73478888e+01 1.73624571e-01
1.73797198e+01 1.70533209e-01
1.74115508e+01 1.67418526e-01
1.74433818e+01 1.64282699e-01
1.74752128e+01 1.61127355e-01
1.75070437e+01 1.57954133e-01
1.75388747e+01 1.54763849e-01
1.75707057e+01 1.51557834e-01
1.76025367e+01 1.48336597e-01
1.76343677e+01 1.45100581e-01
1.76661987e+01 1.41850253e-01
1.76980297e+01 1.38585538e-01
1.77298607e+01 1.35306069e-01
1.77616916e+01 1.32011883e-01
1.77935226e+01 1.28702210e-01
1.78253536e+01 1.25376412e-01
1.78571846e+01 1.22033850e-01
1.78890156e+01 1.18673507e-01
1.79208466e+01 1.15294385e-01
1.79526776e+01 1.11895549e-01
1.79845086e+01 1.08475981e-01
1.80163396e+01 1.05034487e-01
1.80481705e+01 1.01569850e-01
1.80800015e+01 9.80812159e-02
1.81118325e+01 9.45672905e-02
1.81436635e+01 9.10272752e-02
1.81754945e+01 8.74602284e-02
1.82073255e+01 8.38654614e-02
1.82391565e+01 8.02423171e-02
1.82709875e+01 7.65903720e-02
1.83028185e+01 7.29092825e-02
1.83346494e+01 6.91988445e-02
1.83664804e+01 6.54594011e-02
1.83983114e+01 6.16912043e-02
1.84301424e+01 5.78948072e-02
1.84619734e+01 5.40709678e-02
1.84938044e+01 5.02210133e-02
1.85256354e+01 4.63462072e-02
1.85574664e+01 4.24482240e-02
1.85892974e+01 3.85291111e-02
1.86211283e+01 3.45910737e-02
1.86529593e+01 3.06366897e-02
1.86847903e+01 2.66687142e-02
1.87166213e+01 2.26904581e-02
1.87484523e+01 1.87053020e-02
1.87802833e+01 1.47169802e-02
1.88121143e+01 1.07295493e-02
1.88439453e+01 6.74724929e-03
1.88757763e+01 2.77454736e-03
1.89076072e+01 -1.18365185e-03
1.89394382e+01 -5.12243682e-03
1.89712692e+01 -9.03654089e-03
1.90031002e+01 -1.29206519e-02
1.90349312e+01 -1.67691279e-02
1.90667622e+01 -2.05763490e-02
1.90985932e+01 -2.43362683e-02
1.91304242e+01 -2.80431735e-02
1.91622551e+01 -3.16910493e-02
1.91940861e+01 -3.52737918e-02
1.92259171e+01 -3.87851814e-02
1.92577481e+01 -4.22194739e-02
1.92895791e+01 -4.55703512e-02
1.93214101e+01 -4.88321473e-02
1.93532411e+01 -5.19987645e-02
1.93850721e+01 -5.50645983e-02
1.94169031e+01 -5.80240565e-02
1.94487340e+01 -6.08716798e-02
1.94805650e+01 -6.36024132e-02
1.95123960e+01 -6.62109363e-02
1.95442270e+01 -6.86931420e-02
1.95760580e+01 -7.10442976e-02
1.96078890e+01 -7.32602138e-02
1.96397200e+01 -7.53373331e-02
1.96715510e+01 -7.72722181e-02
1.97033820e+01 -7.90615769e-02
1.97352129e+01 -8.07029513e-02
1.97670439e+01 -8.21942437e-02
1.97988749e+01 -8.35332740e-02
1.98307059e+01 -8.47187342e-02
1.98625369e+01 -8.57497778e-02
1.98943679e+01 -8.66259433e-02
1.99261989e+01 -8.73469149e-02
1.99580299e+01 -8.79131033e-02
1.99898609e+01 -8.83254310e-02
2.00216918e+01 -8.85850417e-02
2.00535228e+01 -8.86940963e-02
2.00853538e+01 -8.86542505e-02
2.01171848e+01 -8.84683603e-02
2.01490158e+01 -8.81394396e-02
2.01808468e+01 -8.76710144e-02
2.02126778e+01 -8.70666104e-02
2.02445088e+01 -8.63308783e-02
2.02763397e+01 -8.54680200e-02
2.03081707e+01 -8.44832168e-02
2.03400017e+01 -8.33817575e-02
2.03718327e+01 -8.21689562e-02
2.04036637e+01 -8.08508345e-02
2.04354947e+01 -7.94333574e-02
2.04673257e+01 -7.79230394e-02
2.04991567e+01 -7.63261044e-02
2.05309877e+01 -7.46494084e-02
2.05628186e+01 -7.28997027e-02
2.05946496e+01 -7.10839267e-02
2.06264806e+01 -6.92089835e-02
2.06583116e+01 -6.72820708e-02
2.06901426e+01 -6.53101158e-02
2.07219736e+01 -6.33003091e-02
2.07538046e+01 -6.12594403e-02
2.07856356e+01 -5.91947689e-02
2.08174666e+01 -5.71130180e-02
2.08492975e+01 -5.50207401e-02
2.08811285e+01 -5.29249174e-02
2.09129595e+01 -5.08316032e-02
2.09447905e+01 -4.87472996e-02
2.09766215e+01 -4.66777501e-02
2.10084525e+01 -4.46288944e-02
2.10402835e+01 -4.26060782e-02
2.10721145e+01 -4.06146659e-02
2.11039455e+01 -3.86595180e-02
2.11357764e+01 -3.67452939e-02
2.11676074e+01 -3.48760793e-02
2.11994384e+01 -3.30561569e-02
2.12312694e+01 -3.12888063e-02
2.12631004e+01 -2.95775847e-02
2.12949314e+01 -2.79251146e-02
2.13267624e+01 -2.63341256e-02
2.13585934e+01 -2.48067029e-02
2.13904244e+01 -2.33447420e-02
2.14222553e+01 -2.19496963e-02
2.14540863e+01 -2.06225136e-02
2.14859173e+01 -1.93641417e-02
2.15177483e+01 -1.81748333e-02
2.15495793e+01 -1.70549044e-02
2.15814103e+01 -1.60039759e-02
2.16132413e+01 -1.50214790e-02
2.16450723e+01 -1.41064660e-02
2.16769032e+01 -1.32580523e-02
2.17087342e+01 -1.24747339e-02
2.17405652e+01 -1.17548618e-02
2.17723962e+01 -1.10965529e-02
2.18042272e+01 -1.04979053e-02
2.18360582e+01 -9.95624615e-03
2.18678892e+01 -9.46952192e-03
2.18997202e+01 -9.03490181e-03
2.19315512e+01 -8.64984759e-03
2.19633821e+01 -8.31130163e-03
2.19952131e+01 -8.01648307e-03
2.20270441e+01 -7.76235070e-03
2.20588751e+01 -7.54566936e-03
2.20907061e+01 -7.36378518e-03
2.21225371e+01 -7.21305857e-03
2.21543681e+01 -7.09062085e-03
2.21861991e+01 -6.99363490e-03
2.22180301e+01 -6.91867600e-03
2.22498610e+01 -6.86309659e-03
2.22816920e+01 -6.82385106e-03
2.23135230e+01 -6.79820782e-03
2.23453540e+01 -6.78336137e-03
2.23771850e+01 -6.77683856e-03
2.24090160e+01 -6.77612960e-03
2.24408470e+01 -6.77896354e-03
2.24726780e+01 -6.78317749e-03
2.25045090e+01 -6.78670334e-03
2.25363399e+01 -6.78772697e-03
2.25681709e+01 -6.78458025e-03
2.26000019e+01 -6.77579724e-03
2.26318329e+01 -6.75986776e-03
2.26636639e+01 -6.73578082e-03
2.26954949e+01 -6.70250015e-03
2.27273259e+01 -6.65918537e-03
2.27591569e+01 -6.60526778e-03
2.27909879e+01 -6.54019766e-03
2.28228188e+01 -6.46357062e-03
2.28546498e+01 -6.37532346e-03
2.28864808e+01 -6.27553643e-03
2.29183118e+01 -6.16421459e-03
2.29501428e+01 -6.04173769e-03
2.29819738e+01 -5.90840340e-03
2.30138048e+01 -5.76461013e-03
2.30456358e+01 -5.61128603e-03
2.30774667e+01 -5.44898733e-03
2.31092977e+01 -5.27847746e-03
2.31411287e+01 -5.10078448e-03
2.31729597e+01 -4.91684924e-03
2.32047907e+01 -4.72771244e-03
2.32366217e+01 -4.53420182e-03
2.32684527e+01 -4.33767717e-03
2.33002837e+01 -4.13902944e-03
2.33321147e+01 -3.93958555e-03
2.33639456e+01 -3.74033122e-03
2.33957766e+01 -3.54247964e-03
2.34276076e+01 -3.34696599e-03
2.34594386e+01 -3.15499082e-03
2.34912696e+01 -2.96756512e-03
2.35231006e+01 -2.78563038e-03
2.35549316e+01 -2.61014706e-03
2.35867626e+01 -2.44194921e-03
2.36185936e+01 -2.28187722e-03
2.36504245e+01 -2.13064512e-03
2.36822555e+01 -1.98887845e-03
2.37140865e+01 -1.85719455e-03
2.37459175e+01 -1.73605406e-03
2.37777485e+01 -1.62585809e-03
2.38095795e+01 -1.52693667e-03
2.38414105e+01 -1.43950063e-03
2.38732415e+01 -1.36370993e-03
2.39050725e+01 -1.29957625e-03
2.39369034e+01 -1.24709111e-03
2.39687344e+01 -1.20611109e-03
2.40005654e+01 -1.17643588e-03
2.40323964e+01 -1.15777103e-03
2.40642274e+01 -1.14976775e-03
2.40960584e+01 -1.15198120e-03
2.41278894e+01 -1.16390777e-03
2.41597204e+01 -1.18498826e-03
2.41915513e+01 -1.21459333e-03
2.42233823e+01 -1.25207032e-03
2.42552133e+01 -1.29668682e-03
2.42870443e+01 -1.34768409e-03
2.43188753e+01 -1.40429231e-03
2.43507063e+01 -1.46569966e-03
2.43825373e+01 -1.53106360e-03
2.44143683e+01 -1.59955720e-03
2.44461993e+01 -1.67032111e-03
2.44780302e+01 -1.74251558e-03
2.45098612e+01 -1.81529453e-03
2.45416922e+01 -1.88785358e-03
2.45735232e+01 -1.95936778e-03
2.46053542e+01 -2.02906294e-03
2.46371852e+01 -2.09619675e-03
2.46690162e+01 -2.16004041e-03
2.47008472e+01 -2.21992602e-03
2.47326782e+01 -2.27522425e-03
2.47645091e+01 -2.32534745e-03
2.47963401e+01 -2.36975853e-03
2.48281711e+01 -2.40798422e-03
2.48600021e+01 -2.43960370e-03
2.48918331e+01 -2.46425490e-03
2.49236641e+01 -2.48162757e-03
2.49554951e+01 -2.49147150e-03
2.49873261e+01 -2.49360533e-03
2.50191571e+01 -2.48790585e-03
2.50509880e+01 -2.47432061e-03
2.50828190e+01 -2.45281297e-03
2.51146500e+01 -2.42347771e-03
2.51464810e+01 -2.38639596e-03
2.51783120e+01 -2.34174186e-03
2.52101430e+01 -2.28973265e-03
2.52419740e+01 -2.23061545e-03
2.52738050e+01 -2.16471670e-03
2.53056360e+01 -2.09238827e-03
2.53374669e+01 -2.01400279e-03
2.53692979e+01 -1.93000852e-03
2.54011289e+01 -1.84084509e-03
2.54329599e+01 -1.74699878e-03
2.54647909e+01 -1.64897461e-03
2.54966219e+01 -1.54730267e-03
2.55284529e+01 -1.44251350e-03
2.55602839e+01 -1.33515828e-03
2.55921148e+01 -1.22578390e-03
2.56239458e+01 -1.11495455e-03
2.56557768e+01 -1.00321699e-03
2.56876078e+01 -8.91123320e-04
2.57194388e+01 -7.79197220e-04
2.57512698e+01 -6.67976605e-04
2.57831008e+01 -5.57949216e-04
2.58149318e+01 -4.49620044e-04
2.58467628e+01 -3.43438792e-04
2.58785937e+01 -2.39843412e-04
2.59104247e+01 -1.39246766e-04
2.59422557e+01 -4.20289268e-05
2.59740867e+01 5.14684538e-05
2.60059177e+01 1.40925017e-04
2.60377487e+01 2.26060211e-04
2.60695797e+01 3.06632662e-04
2.61014107e+01 3.82431956e-04
2.61332417e+01 4.53274851e-04
2.61650726e+01 5.19036868e-04
2.61969036e+01 5.79607430e-04
2.62287346e+01 6.34915134e-04
2.62605656e+01 6.84934075e-04
2.62923966e+01 7.29659829e-04
2.63242276e+01 7.69118935e-04
2.63560586e+01 8.03373948e-04
2.63878896e+01 8.32513961e-04
2.64197206e+01 8.56652081e-04
2.64515515e+01 8.75937428e-04
2.64833825e+01 8.90521652e-04
2.65152135e+01 9.00591787e-04
2.65470445e+01 9.06348136e-04
2.65788755e+01 9.08000795e-04
2.66107065e+01 9.05791394e-04
2.66425375e+01 8.99944119e-04
2.66743685e+01 8.90720818e-04
2.67061995e+01 8.78360213e-04
2.67380304e+01 8.63133262e-04
2.67698614e+01 8.45285176e-04
2.68016924e+01 8.25086566e-04
2.68335234e+01 8.02781568e-04
2.68653544e+01 7.78626261e-04
2.68971854e+01 7.52857598e-04
2.69290164e+01 7.25711448e-04
2.69608474e+01 6.97412272e-04
2.69926783e+01 6.68167557e-04
2.70245093e+01 6.38185953e-04
2.70563403e+01 6.07644386e-04
2.70881713e+01 5.76720156e-04
2.71200023e+01 5.45562198e-04
2.71518333e+01 5.14315146e-04
2.71836643e+01 4.83098108e-04
2.72154953e+01 4.52024624e-04
2.72473263e+01 4.21180093e-04
2.72791572e+01 3.90641994e-04
2.73109882e+01 3.60467177e-04
2.73428192e+01 3.30698249e-04
2.73746502e+01 3.01365870e-04
2.74064812e+01 2.72482376e-04
2.74383122e+01 2.44048606e-04
2.74701432e+01 2.16053768e-04
2.75019742e+01 1.88474901e-04
2.75338052e+01 1.61280103e-04
2.75656361e+01 1.34426175e-04
2.75974671e+01 1.07865833e-04
2.76292981e+01 8.15400230e-05
2.76611291e+01 5.53913769e-05
2.76929601e+01 2.93537253e-05
2.77247911e+01 3.35864929e-06
2.77566221e+01 -2.26607412e-05
2.77884531e+01 -4.87701733e-05
2.78202841e+01 -7.50435761e-05
2.78521150e+01 -1.01540219e-04
2.78839460e+01 -1.28322089e-04
2.79157770e+01 -1.55446243e-04
2.79476080e+01 -1.82964749e-04
2.79794390e+01 -2.10922089e-04
2.80112700e+01 -2.39354786e-04
2.80431010e+01 -2.68294243e-04
2.80749320e+01 -2.97760113e-04
2.81067630e+01 -3.27769013e-04
2.81385939e+01 -3.58323345e-04
2.81704249e+01 -3.89417358e-04
2.82022559e+01 -4.21038415e-04
2.82340869e+01 -4.53161051e-04
2.82659179e+01 -4.85752713e-04
2.82977489e+01 -5.18771457e-04
2.83295799e+01 -5.52168195e-04
2.83614109e+01 -5.85883341e-04
2.83932418e+01 -6.19851118e-04
2.84250728e+01 -6.53997847e-04
2.84569038e+01 -6.88243659e-04
2.84887348e+01 -7.22502748e-04
2.85205658e+01 -7.56685854e-04
2.85523968e+01 -7.90697596e-04
2.85842278e+01 -8.24440604e-04
2.86160588e+01 -8.57813334e-04
2.86478898e+01 -8.90716521e-04
2.86797207e+01 -9.23046475e-04
2.87115517e+01 -9.54702348e-04
2.87433827e+01 -9.85584810e-04
2.87752137e+01 -1.01559611e-03
2.88070447e+01 -1.04464008e-03
2.88388757e+01 -1.07262680e-03
2.88707067e+01 -1.09946996e-03
2.89025377e+01 -1.12508925e-03
2.89343687e+01 -1.14940878e-03
2.89661996e+01 -1.17236214e-03
2.89980306e+01 -1.19388962e-03
2.90298616e+01 -1.21393663e-03
2.90616926e+01 -1.23245748e-03
2.90935236e+01 -1.24941912e-03
2.91253546e+01 -1.26479135e-03
2.91571856e+01 -1.27855496e-03
2.91890166e+01 -1.29070079e-03
2.92208476e+01 -1.30122701e-03
2.92526785e+01 -1.31013943e-03
2.92845095e+01 -1.31745612e-03
2.93163405e+01 -1.32319731e-03
2.93481715e+01 -1.32739514e-03
2.93800025e+01 -1.33009077e-03
2.94118335e+01 -1.33132532e-03
2.94436645e+01 -1.33115446e-03
2.94754955e+01 -1.32963399e-03
2.95073264e+01 -1.32682564e-03
2.95391574e+01 -1.32279575e-03
2.95709884e+01 -1.31761681e-03
2.96028194e+01 -1.31135875e-03
2.96346504e+01 -1.30410152e-03
2.96664814e+01 -1.29591872e-03
2.96983124e+01 -1.28688808e-03
2.97301434e+01 -1.27708617e-03
2.97619744e+01 -1.26659199e-03
2.97938053e+01 -1.25547642e-03
2.98256363e+01 -1.24381631e-03
2.98574673e+01 -1.23167800e-03
2.98892983e+01 -1.21912701e-03
2.99211293e+01 -1.20622755e-03
2.99529603e+01 -1.19303470e-03
2.99847913e+01 -1.17960048e-03
3.00166223e+01 -1.16597266e-03
3.00484533e+01 -1.15219161e-03
3.00802842e+01 -1.13829044e-03
3.01121152e+01 -1.12429765e-03
3.01439462e+01 -1.11023661e-03
3.01757772e+01 -1.09612187e-03
3.02076082e+01 -1.08196289e-03
3.02394392e+01 -1.06776032e-03
3.02712702e+01 -1.05351225e-03
3.03031012e+01 -1.03920858e-03
3.03349322e+01 -1.02483413e-03
3.03667631e+01 -1.01036870e-03
3.03985941e+01 -9.95786374e-04
3.04304251e+01 -9.81058084e-04
3.04622561e+01 -9.66149078e-04
3.04940871e+01 -9.51022076e-04
3.05259181e+01 -9.35639167e-04
3.05577491e+01 -9.19953591e-04
3.05895801e+01 -9.03928068e-04
3.06214111e+01 -8.87512049e-04
3.06532420e+01 -8.70663830e-04
3.06850730e+01 -8.53339811e-04
3.07169040e+01 -8.35495131e-04
3.07487350e+01 -8.17088085e-04
3.07805660e+01 -7.98079497e-04
3.08123970e+01 -7.78435879e-04
3.08442280e+01 -7.58122477e-04
3.08760590e+01 -7.37110225e-04
3.09078899e+01 -7.15375744e-04
3.09397209e+01 -6.92902605e-04
3.09715519e+01 -6.69676276e-04
3.10033829e+01 -6.45691069e-04
3.10352139e+01 -6.20941930e-04
3.10670449e+01 -5.95439600e-04
3.10988759e+01 -5.69193304e-04
3.11307069e+01 -5.42221873e-04
3.11625379e+01 -5.14551339e-04
3.11943688e+01 -4.86214687e-04
3.12261998e+01 -4.57251660e-04
3.12580308e+01 -4.27706364e-04
3.12898618e+01 -3.97631560e-04
3.13216928e+01 -3.67084305e-04
3.13535238e+01 -3.36130448e-04
3.13853548e+01 -3.04835891e-04
3.14171858e+01 -2.73276676e-04
3.14490168e+01 -2.41532404e-04
3.14808477e+01 -2.09681915e-04
3.15126787e+01 -1.77814238e-04
3.15445097e+01 -1.46014994e-04
3.15763407e+01 -1.14374475e-04
3.16081717e+01 -8.29860038e-05
3.16400027e+01 -5.19405123e-05
3.16718337e+01 -2.13314069e-05
3.17036647e+01 8.74908742e-06
3.17354957e+01 3.82137820e-05
3.17673266e+01 6.69699655e-05
3.17991576e+01 9.49353936e-05
3.18309886e+01 1.22027575e-04
