     #Energy           s           p           d       tot  
   -21.24908     0.00000     0.00000     0.00000     0.00000
   -21.14508     0.00000     0.00000     0.00000     0.00000
   -21.04208     0.00000     0.00000     0.00000     0.00000
   -20.93808     0.00000     0.00000     0.00000     0.00000
   -20.83508     0.00000     0.00000     0.00000     0.00000
   -20.73108     0.00000     0.00000     0.00000     0.00000
   -20.62808     0.00000     0.00000     0.00000     0.00000
   -20.52408     0.00000     0.00000     0.00000     0.00000
   -20.42108     0.00000     0.00000     0.00000     0.00000
   -20.31708     0.00000     0.00000     0.00000     0.00000
   -20.21408     0.00000     0.00000     0.00000     0.00000
   -20.11008     0.00000     0.00000     0.00000     0.00000
   -20.00708     0.00000     0.00000     0.00000     0.00000
   -19.90408     0.00609     0.00050     0.00090     0.00749
   -19.80008     0.19198     0.01800     0.03443     0.24442
   -19.69708     0.22103     0.03869     0.08489     0.34461
   -19.59308     0.46739     0.12829     0.29936     0.89504
   -19.49008     0.29857     0.06009     0.14739     0.50606
   -19.38608     0.35795     0.24796     0.73485     1.34076
   -19.28308     0.47445     0.20575     0.56157     1.24176
   -19.17908     0.42755     0.18816     0.53894     1.15465
   -19.07608     0.46070     0.39561     1.15351     2.00983
   -18.97208     0.28290     0.30390     0.92900     1.51580
   -18.86908     0.36363     0.40374     1.25510     2.02247
   -18.76508     0.31730     0.37263     1.07683     1.76676
   -18.66208     0.41517     0.37490     1.07571     1.86578
   -18.55808     0.37035     0.20754     0.63665     1.21455
   -18.45508     0.64655     0.40579     1.07547     2.12781
   -18.35208     0.54442     0.32788     1.56778     2.44008
   -18.24808     0.35209     0.45450     1.54211     2.34870
   -18.14508     0.35779     0.50465     1.61856     2.48099
   -18.04108     0.31841     0.76004     2.59113     3.66958
   -17.93808     0.08557     0.12541     0.42510     0.63608
   -17.83408     0.22335     0.23301     0.68069     1.13705
   -17.73108     0.23249     0.30670     0.86952     1.40871
   -17.62708     0.09189     0.22697     0.70825     1.02712
   -17.52408     0.21983     0.08480     0.30968     0.61430
   -17.42008     0.46724     0.26669     1.04675     1.78067
   -17.31708     0.43450     0.47432     1.83418     2.74299
   -17.21308     0.18455     0.59536     2.15153     2.93144
   -17.11008     0.02330     0.10294     0.37910     0.50534
   -17.00708     0.00001     0.00003     0.00013     0.00017
   -16.90308     0.00000     0.00000     0.00000     0.00000
   -16.80008     0.00000     0.00000     0.00000     0.00000
   -16.69608     0.00066     0.00019     0.00051     0.00136
   -16.59308     0.12160     0.03510     0.09277     0.24948
   -16.48908     0.29279     0.11809     0.33653     0.74741
   -16.38608     0.14511     0.07392     0.22382     0.44284
   -16.28208     0.13568     0.30864     1.21713     1.66146
   -16.17908     0.20161     0.34304     1.55917     2.10382
   -16.07508     0.25972     0.51328     2.44891     3.22191
   -15.97208     0.05105     0.08507     0.39131     0.52744
   -15.86808     0.00006     0.00009     0.00040     0.00055
   -15.76508     0.00000     0.00000     0.00000     0.00000
   -15.66108     0.00000     0.00000     0.00000     0.00000
   -15.55808     0.00000     0.00000     0.00000     0.00000
   -15.45508     0.00000     0.00000     0.00000     0.00000
   -15.35108     0.00000     0.00000     0.00000     0.00000
   -15.24808     0.00000     0.00000     0.00000     0.00000
   -15.14408     0.00000     0.00000     0.00000     0.00000
   -15.04108     0.00000     0.00000     0.00062     0.00062
   -14.93708     0.00265     0.00103     1.64765     1.65132
   -14.83408     0.02145     0.01170    21.95137    21.98452
   -14.73008     0.02533     0.02074    44.18203    44.22811
   -14.62708     0.01866     0.01702    31.09127    31.12695
   -14.52308     0.02731     0.00679    11.99967    12.03376
   -14.42008     0.02149     0.01148    27.08313    27.11610
   -14.31608     0.05093     0.02324    31.42008    31.49426
   -14.21308     0.09363     0.04365    37.85925    37.99654
   -14.11008     0.08325     0.05902    57.13904    57.28130
   -14.00608     0.06310     0.06031    85.51431    85.63772
   -13.90308     0.07157     0.04626   105.42547   105.54330
   -13.79908     0.10971     0.06105    58.77638    58.94715
   -13.69608     0.09251     0.09994    35.17025    35.36269
   -13.59208     0.08175     0.10395    52.56693    52.75262
   -13.48908     0.06088     0.09706    52.17026    52.32819
   -13.38508     0.08985     0.04876    38.95357    39.09219
   -13.28208     0.06246     0.04304    20.24905    20.35455
   -13.17808     0.11044     0.09082    38.46392    38.66517
   -13.07508     0.07173     0.09681    65.22137    65.38992
   -12.97108     0.05970     0.07037    60.22621    60.35628
   -12.86808     0.05135     0.04620    20.85342    20.95097
   -12.76408     0.07851     0.09278    19.52530    19.69659
   -12.66108     0.03726     0.03764    13.12471    13.19961
   -12.55808     0.04844     0.04367    20.75038    20.84250
   -12.45408     0.01435     0.01440    26.14453    26.17328
   -12.35108     0.04217     0.01559     8.73848     8.79624
   -12.24708     0.07928     0.03900    23.24660    23.36488
   -12.14408     0.03347     0.03649    33.26855    33.33852
   -12.04008     0.04318     0.07377    21.17523    21.29217
   -11.93708     0.05585     0.08448    19.02506    19.16540
   -11.83308     0.01514     0.03932     9.80630     9.86075
   -11.73008     0.00399     0.04326     8.84735     8.89460
   -11.62608     0.00212     0.05060     9.21641     9.26913
   -11.52308     0.00003     0.00079     0.13531     0.13613
   -11.41908     0.00000     0.00000     0.00000     0.00000
   -11.31608     0.00000     0.00000     0.00000     0.00000
   -11.21308     0.00000     0.00000     0.00000     0.00000
   -11.10908     0.00000     0.00000     0.00000     0.00000
   -11.00608     0.00000     0.00000     0.00000     0.00000
   -10.90208     0.00000     0.00000     0.00000     0.00000
   -10.79908     0.00000     0.00000     0.00000     0.00000
   -10.69508     0.00000     0.00000     0.00000     0.00000
   -10.59208     0.00000     0.00000     0.00000     0.00000
   -10.48808     0.00000     0.00000     0.00000     0.00000
   -10.38508     0.00000     0.00000     0.00000     0.00000
   -10.28108     0.00000     0.00000     0.00000     0.00000
   -10.17808     0.00000     0.00000     0.00000     0.00000
   -10.07408     0.00000     0.00000     0.00000     0.00000
    -9.97108     0.00000     0.00000     0.00000     0.00000
    -9.86708     0.00000     0.00000     0.00000     0.00000
    -9.76408     0.00000     0.00000     0.00000     0.00000
    -9.66108     0.00000     0.00000     0.00000     0.00000
    -9.55708     0.00000     0.00000     0.00000     0.00000
    -9.45408     0.00000     0.00000     0.00000     0.00000
    -9.35008     0.00000     0.00000     0.00000     0.00000
    -9.24708     0.00000     0.00000     0.00000     0.00000
    -9.14308     0.00000     0.00000     0.00000     0.00000
    -9.04008     0.00000     0.00000     0.00000     0.00000
    -8.93608     0.00000     0.00000     0.00000     0.00000
    -8.83308     0.00000     0.00000     0.00000     0.00000
    -8.72908     0.00000     0.00000     0.00000     0.00000
    -8.62608     0.00000     0.00000     0.00000     0.00000
    -8.52208     0.00000     0.00000     0.00000     0.00000
    -8.41908     0.00000     0.00000     0.00000     0.00000
    -8.31608     0.00000     0.00000     0.00000     0.00000
    -8.21208     0.00000     0.00000     0.00000     0.00000
    -8.10908     0.00891     0.00072     0.00066     0.01028
    -8.00508     0.76838     0.06528     0.05728     0.89094
    -7.90208     1.30789     0.11310     0.07257     1.49355
    -7.79808     3.59274     0.30230     0.19725     4.09230
    -7.69508     1.35992     0.12262     0.08662     1.56916
    -7.59108     0.50012     0.04198     0.03290     0.57499
    -7.48808     2.10669     0.19272     0.13433     2.43374
    -7.38408     1.19270     0.12103     0.07420     1.38793
    -7.28108     2.03465     0.29042     0.12686     2.45193
    -7.17708     3.42175     0.43951     0.28687     4.14813
    -7.07408     1.10373     0.14988     0.10245     1.35605
    -6.97008     1.35844     0.22643     0.11552     1.70039
    -6.86708     2.74790     0.47418     0.28036     3.50243
    -6.76408     2.73784     0.47619     0.30786     3.52190
    -6.66008     3.27752     0.54567     0.33775     4.16095
    -6.55708     2.83604     0.49442     0.28406     3.61452
    -6.45308     2.09434     0.35737     0.24493     2.69664
    -6.35008     1.05167     0.15788     0.07858     1.28812
    -6.24608     2.29217     0.39841     0.20801     2.89859
    -6.14308     2.11917     0.89407     0.32452     3.33776
    -6.03908     2.00931     0.57557     0.36285     2.94773
    -5.93608     1.27251     0.23795     0.13743     1.64789
    -5.83208     2.11281     0.41751     0.29911     2.82943
    -5.72908     1.49708     0.81161     0.34262     2.65131
    -5.62508     0.67112     0.74521     0.21512     1.63144
    -5.52208     1.63837     1.28966     0.37786     3.30589
    -5.41808     1.58981     1.14684     0.39482     3.13147
    -5.31508     0.64525     0.91781     0.28794     1.85101
    -5.21208     1.22589     1.31778     0.47007     3.01374
    -5.10808     0.65178     1.00625     0.31417     1.97220
    -5.00508     1.31233     1.16421     0.44348     2.92002
    -4.90108     1.41600     1.46719     0.53018     3.41337
    -4.79808     0.74262     0.99788     0.36414     2.10464
    -4.69408     0.75092     1.73954     0.53678     3.02724
    -4.59108     0.84383     2.05046     0.60377     3.49806
    -4.48708     0.82992     2.03806     0.63869     3.50667
    -4.38408     0.49349     1.52692     0.43425     2.45466
    -4.28008     0.56632     1.70989     0.51666     2.79287
    -4.17708     0.95776     1.93331     0.68858     3.57965
    -4.07308     0.90570     1.99620     0.72410     3.62600
    -3.97008     0.73740     1.75626     0.62041     3.11407
    -3.86708     0.78694     1.68815     0.57091     3.04600
    -3.76308     0.40751     1.62930     0.53053     2.56734
    -3.66008     0.35572     0.67227     0.26841     1.29640
    -3.55608     0.80682     2.54960     0.94178     4.29820
    -3.45308     0.43898     2.02755     0.74422     3.21075
    -3.34908     0.43742     1.98345     0.83150     3.25237
    -3.24608     0.25377     1.20616     0.54780     2.00773
    -3.14208     0.28219     1.37585     0.58977     2.24781
    -3.03908     0.25030     1.24355     0.57300     2.06685
    -2.93508     0.28357     1.43357     0.91068     2.62782
    -2.83208     0.19120     1.29429     0.81411     2.29960
    -2.72808     0.39525     1.51023     0.90873     2.81420
    -2.62508     0.27921     1.41634     0.84596     2.54151
    -2.52108     0.16974     1.01296     0.80331     1.98601
    -2.41808     0.17884     1.34344     1.04702     2.56930
    -2.31508     0.21274     1.31453     1.13087     2.65814
    -2.21108     0.15359     1.06525     0.77861     1.99745
    -2.10808     0.36272     1.55757     1.00187     2.92216
    -2.00408     0.13693     0.88043     0.67857     1.69593
    -1.90108     0.18816     0.95714     1.02032     2.16563
    -1.79708     0.12405     0.99841     1.02632     2.14878
    -1.69408     0.14210     0.74235     0.72579     1.61024
    -1.59008     0.21435     0.71031     0.64759     1.57226
    -1.48708     0.23418     0.73814     0.64300     1.61532
    -1.38308     0.35171     0.68580     0.68163     1.71913
    -1.28008     0.70810     0.91293     0.68921     2.31024
    -1.17608     0.38626     0.77648     0.70326     1.86599
    -1.07308     0.14417     0.34056     0.61300     1.09774
    -0.97008     0.08741     0.58374     0.97650     1.64764
    -0.86608     0.02343     0.22405     0.40064     0.64813
    -0.76308     0.03650     0.17239     0.23994     0.44883
    -0.65908     0.06634     0.56454     0.76345     1.39432
    -0.55608     0.12059     0.33064     0.45450     0.90573
    -0.45208     2.06948     0.79835     0.41952     3.28734
    -0.34908     0.98588     0.51898     0.46674     1.97160
    -0.24508     0.30435     0.26580     0.36636     0.93651
    -0.14208     0.11098     0.18132     0.33901     0.63131
    -0.03808     0.69684     0.44931     0.37417     1.52032
     0.06492     0.74192     0.49306     0.41636     1.65134
     0.16892     0.18244     0.12658     0.11365     0.42267
     0.27192     0.00230     0.03322     0.22392     0.25944
     0.37592     0.00049     0.01591     0.11203     0.12844
     0.47892     0.00001     0.00149     0.01905     0.02055
     0.58192     0.00275     0.00147     0.00012     0.00434
     0.68592     1.01156     0.53936     0.03858     1.58951
     0.78892     1.33195     0.70890     0.05057     2.09141
     0.89292     0.00831     0.00441     0.00031     0.01303
     0.99592     0.00000     0.00000     0.00000     0.00000
     1.09992     0.00000     0.00000     0.00000     0.00000
     1.20292     0.00199     0.00032     0.00008     0.00238
     1.30692     0.32476     0.05236     0.01226     0.38938
     1.40992     0.22178     0.03576     0.00837     0.26591
     1.51392     0.00042     0.00007     0.00002     0.00051
     1.61692     0.00000     0.00000     0.00000     0.00000
     1.72092     0.00000     0.00000     0.00000     0.00000
     1.82392     0.00000     0.00000     0.00000     0.00000
     1.92692     0.00000     0.00000     0.00000     0.00000
     2.03092     0.00000     0.00000     0.00000     0.00000
     2.13392     0.00360     0.00182     0.00018     0.00560
     2.23792     0.28979     0.14667     0.01454     0.45100
     2.34092     0.12148     0.06134     0.00608     0.18890
     2.44492     0.24838     0.06135     0.00819     0.31792
     2.54792     0.84699     0.57098     0.06269     1.48066
     2.65192     1.26643     2.07477     0.19585     3.53705
     2.75492     0.49181     0.20909     0.02806     0.72896
     2.85892     0.10822     0.03300     0.00554     0.14676
     2.96192     0.00245     0.00076     0.00007     0.00329
     3.06592     0.53440     0.16579     0.01574     0.71594
     3.16892     0.45020     0.14014     0.01335     0.60369
     3.27292     0.39248     0.28285     0.03963     0.71496
     3.37592     0.91162     0.65237     0.08270     1.64669
     3.47892     1.08494     0.44311     0.05171     1.57975
     3.58292     1.15836     1.08890     0.16549     2.41274
     3.68592     0.53279     0.50385     0.07580     1.11244
     3.78992     0.85599     0.97366     0.14959     1.97924
     3.89292     0.32216     0.19240     0.02824     0.54279
     3.99692     0.81319     0.37875     0.05479     1.24672
     4.09992     1.33298     0.64811     0.09141     2.07251
     4.20392     3.06489     1.06999     0.23214     4.36702
     4.30692     2.30365     0.68124     0.20326     3.18815
     4.41092     1.29107     0.53380     0.10578     1.93065
     4.51392     1.21883     0.48338     0.07811     1.78032
     4.61792     1.13804     0.49027     0.09354     1.72185
     4.72092     2.60829     0.77770     0.18096     3.56695
     4.82392     3.24328     0.89219     0.20654     4.34200
     4.92792     0.89004     0.33821     0.05571     1.28396
     5.03092     2.00093     1.08806     0.21023     3.29922
     5.13492     3.28611     1.19227     0.26516     4.74354
     5.23792     3.57254     1.20027     0.26496     5.03777
     5.34192     2.47671     0.95239     0.19442     3.62352
     5.44492     0.22827     0.46296     0.05946     0.75069
     5.54892     2.20769     1.02165     0.24878     3.47812
     5.65192     4.56466     1.95141     0.39527     6.91134
     5.75592     1.98406     0.60940     0.10291     2.69637
     5.85892     2.37308     1.17631     0.18974     3.73913
     5.96292     1.94913     1.41150     0.20963     3.57026
     6.06592     1.39325     1.81780     0.31088     3.52193
     6.16992     0.77824     1.92444     0.25412     2.95680
     6.27292     1.71866     2.03346     0.36093     4.11305
     6.37592     3.06634     2.75544     0.55036     6.37214
     6.47992     1.38199     1.23991     0.23207     2.85397
     6.58292     1.47236     0.81741     0.17413     2.46390
     6.68692     0.79101     1.27392     0.24979     2.31472
     6.78992     1.67833     1.74243     0.36577     3.78653
     6.89392     1.48448     2.22572     0.47582     4.18602
     6.99692     0.39792     0.85960     0.21827     1.47579
     7.10092     0.74337     1.44670     0.34416     2.53423
     7.20392     1.49360     3.04520     0.71935     5.25815
     7.30792     0.57529     1.59939     0.36845     2.54313
     7.41092     0.54013     1.97670     0.39730     2.91412
     7.51492     1.16165     2.38053     0.55356     4.09574
     7.61792     1.30994     2.42903     0.64225     4.38122
     7.72092     0.81783     2.17599     0.48105     3.47487
     7.82492     0.56594     2.04538     0.44219     3.05351
     7.92792     0.58942     2.62760     0.51248     3.72950
     8.03192     0.58702     1.89476     0.39131     2.87309
     8.13492     0.32120     1.01745     0.25244     1.59109
     8.23892     0.10261     0.51452     0.11871     0.73584
     8.34192     0.23081     0.54313     0.11526     0.88920
     8.44592     0.45017     1.04709     0.22242     1.71968
     8.54892     0.01156     0.02672     0.00568     0.04396
     8.65292     0.00000     0.00000     0.00000     0.00000
     8.75592     0.00000     0.00000     0.00000     0.00000
     8.85992     0.00000     0.00000     0.00000     0.00000
     8.96292     0.00000     0.00000     0.00000     0.00000
     9.06692     0.00000     0.00000     0.00000     0.00000
     9.16992     0.00000     0.00000     0.00000     0.00000
     9.27292     0.00000     0.00000     0.00000     0.00000
     9.37692     0.00000     0.00000     0.00000     0.00000
     9.47992     0.00000     0.00000     0.00000     0.00000
     9.58392     0.00000     0.00000     0.00000     0.00000
     9.68692     0.00000     0.00000     0.00000     0.00000
     9.79092     0.00000     0.00000     0.00000     0.00000
