     #Energy           s           p           d       tot  
   -21.24908     0.00000     0.00000     0.00000     0.00000
   -21.14508     0.00000     0.00000     0.00000     0.00000
   -21.04208     0.00000     0.00000     0.00000     0.00000
   -20.93808     0.00000     0.00000     0.00000     0.00000
   -20.83508     0.00000     0.00000     0.00000     0.00000
   -20.73108     0.00000     0.00000     0.00000     0.00000
   -20.62808     0.00000     0.00000     0.00000     0.00000
   -20.52408     0.00000     0.00000     0.00000     0.00000
   -20.42108     0.00000     0.00000     0.00000     0.00000
   -20.31708     0.00000     0.00000     0.00000     0.00000
   -20.21408     0.00000     0.00000     0.00000     0.00000
   -20.11008     0.00000     0.00000     0.00000     0.00000
   -20.00708     0.00000     0.00000     0.00000     0.00000
   -19.90408     0.04063     0.00009     0.00000     0.04072
   -19.80008     1.32119     0.00285     0.00000     1.32404
   -19.69708     1.83162     0.00374     0.00000     1.83536
   -19.59308     4.66549     0.00879     0.00000     4.67429
   -19.49008     2.60883     0.00604     0.00000     2.61487
   -19.38608     6.38102     0.00978     0.00000     6.39080
   -19.28308     6.09273     0.01524     0.00000     6.10797
   -19.17908     5.60621     0.02137     0.00000     5.62758
   -19.07608     9.24089     0.03719     0.00000     9.27808
   -18.97208     6.99385     0.02755     0.00000     7.02140
   -18.86908     9.68921     0.03360     0.00000     9.72281
   -18.76508     8.37985     0.02505     0.00000     8.40491
   -18.66208     9.35769     0.02722     0.00000     9.38491
   -18.55808     5.94514     0.02043     0.00000     5.96557
   -18.45508    11.02187     0.03680     0.00000    11.05867
   -18.35208    11.29917     0.03451     0.00000    11.33368
   -18.24808    10.85779     0.03222     0.00000    10.89000
   -18.14508    11.74231     0.03699     0.00000    11.77930
   -18.04108    15.83643     0.05648     0.00000    15.89291
   -17.93808     2.76907     0.01042     0.00000     2.77949
   -17.83408     5.71184     0.01893     0.00000     5.73077
   -17.73108     7.06360     0.02327     0.00000     7.08687
   -17.62708     4.83825     0.01614     0.00000     4.85439
   -17.52408     3.01961     0.01139     0.00000     3.03100
   -17.42008     8.74548     0.03394     0.00000     8.77943
   -17.31708    13.44066     0.05383     0.00000    13.49450
   -17.21308    13.20934     0.03827     0.00000    13.24761
   -17.11008     2.25096     0.00643     0.00000     2.25739
   -17.00708     0.00076     0.00000     0.00000     0.00076
   -16.90308     0.00000     0.00000     0.00000     0.00000
   -16.80008     0.00000     0.00000     0.00000     0.00000
   -16.69608     0.00817     0.00014     0.00000     0.00831
   -16.59308     1.50028     0.02641     0.00000     1.52668
   -16.48908     4.31481     0.07585     0.00000     4.39066
   -16.38608     2.46389     0.04368     0.00000     2.50757
   -16.28208     7.41387     0.14683     0.00000     7.56070
   -16.17908     8.65549     0.20490     0.00000     8.86039
   -16.07508    13.39826     0.30956     0.00000    13.70782
   -15.97208     2.30580     0.05167     0.00000     2.35747
   -15.86808     0.00242     0.00005     0.00000     0.00248
   -15.76508     0.00000     0.00000     0.00000     0.00000
   -15.66108     0.00000     0.00000     0.00000     0.00000
   -15.55808     0.00000     0.00000     0.00000     0.00000
   -15.45508     0.00000     0.00000     0.00000     0.00000
   -15.35108     0.00000     0.00000     0.00000     0.00000
   -15.24808     0.00000     0.00000     0.00000     0.00000
   -15.14408     0.00000     0.00000     0.00000     0.00000
   -15.04108     0.00000     0.00001     0.00000     0.00001
   -14.93708     0.00416     0.02463     0.00000     0.02879
   -14.83408     0.03671     0.26822     0.00000     0.30492
   -14.73008     0.11541     0.32630     0.00000     0.44171
   -14.62708     0.09663     0.28371     0.00000     0.38034
   -14.52308     0.05641     0.16500     0.00000     0.22141
   -14.42008     0.08253     0.20274     0.00000     0.28527
   -14.31608     0.21398     0.38791     0.00000     0.60189
   -14.21308     0.39736     0.52565     0.00000     0.92301
   -14.11008     0.54353     0.57210     0.00000     1.11563
   -14.00608     0.43927     0.54696     0.00000     0.98623
   -13.90308     0.34954     0.36130     0.00000     0.71084
   -13.79908     0.66394     0.31668     0.00000     0.98062
   -13.69608     0.93734     0.37762     0.00000     1.31496
   -13.59208     0.93833     0.53276     0.00000     1.47109
   -13.48908     0.89109     0.40892     0.00000     1.30001
   -13.38508     0.55973     0.40388     0.00000     0.96361
   -13.28208     0.56715     0.24333     0.00000     0.81048
   -13.17808     1.22171     0.33666     0.00000     1.55838
   -13.07508     1.08582     0.41323     0.00000     1.49905
   -12.97108     0.76502     0.28529     0.00000     1.05031
   -12.86808     0.48807     0.14384     0.00000     0.63191
   -12.76408     0.99373     0.23253     0.00000     1.22626
   -12.66108     0.38900     0.18804     0.00000     0.57704
   -12.55808     0.46367     0.19007     0.00000     0.65374
   -12.45408     0.17308     0.09903     0.00000     0.27211
   -12.35108     0.28241     0.08570     0.00000     0.36811
   -12.24708     0.60052     0.24314     0.00000     0.84365
   -12.14408     0.56756     0.17980     0.00000     0.74736
   -12.04008     1.23608     0.14645     0.00000     1.38253
   -11.93708     1.46878     0.18013     0.00000     1.64891
   -11.83308     0.74910     0.10027     0.00000     0.84937
   -11.73008     0.91279     0.07318     0.00000     0.98597
   -11.62608     0.96862     0.05743     0.00000     1.02604
   -11.52308     0.01376     0.00068     0.00000     0.01444
   -11.41908     0.00000     0.00000     0.00000     0.00000
   -11.31608     0.00000     0.00000     0.00000     0.00000
   -11.21308     0.00000     0.00000     0.00000     0.00000
   -11.10908     0.00000     0.00000     0.00000     0.00000
   -11.00608     0.00000     0.00000     0.00000     0.00000
   -10.90208     0.00000     0.00000     0.00000     0.00000
   -10.79908     0.00000     0.00000     0.00000     0.00000
   -10.69508     0.00000     0.00000     0.00000     0.00000
   -10.59208     0.00000     0.00000     0.00000     0.00000
   -10.48808     0.00000     0.00000     0.00000     0.00000
   -10.38508     0.00000     0.00000     0.00000     0.00000
   -10.28108     0.00000     0.00000     0.00000     0.00000
   -10.17808     0.00000     0.00000     0.00000     0.00000
   -10.07408     0.00000     0.00000     0.00000     0.00000
    -9.97108     0.00000     0.00000     0.00000     0.00000
    -9.86708     0.00000     0.00000     0.00000     0.00000
    -9.76408     0.00000     0.00000     0.00000     0.00000
    -9.66108     0.00000     0.00000     0.00000     0.00000
    -9.55708     0.00000     0.00000     0.00000     0.00000
    -9.45408     0.00000     0.00000     0.00000     0.00000
    -9.35008     0.00000     0.00000     0.00000     0.00000
    -9.24708     0.00000     0.00000     0.00000     0.00000
    -9.14308     0.00000     0.00000     0.00000     0.00000
    -9.04008     0.00000     0.00000     0.00000     0.00000
    -8.93608     0.00000     0.00000     0.00000     0.00000
    -8.83308     0.00000     0.00000     0.00000     0.00000
    -8.72908     0.00000     0.00000     0.00000     0.00000
    -8.62608     0.00000     0.00000     0.00000     0.00000
    -8.52208     0.00000     0.00000     0.00000     0.00000
    -8.41908     0.00000     0.00000     0.00000     0.00000
    -8.31608     0.00000     0.00000     0.00000     0.00000
    -8.21208     0.00000     0.00000     0.00000     0.00000
    -8.10908     0.00049     0.00915     0.00000     0.00964
    -8.00508     0.03703     0.81255     0.00000     0.84957
    -7.90208     0.03813     1.46935     0.00000     1.50749
    -7.79808     0.12844     4.02962     0.00000     4.15806
    -7.69508     0.05925     1.53161     0.00000     1.59085
    -7.59108     0.02432     0.56776     0.00000     0.59208
    -7.48808     0.08884     2.51660     0.00000     2.60544
    -7.38408     0.04546     1.48119     0.00000     1.52665
    -7.28108     0.09677     2.67467     0.00000     2.77144
    -7.17708     0.23985     4.51731     0.00000     4.75716
    -7.07408     0.07503     1.41972     0.00000     1.49475
    -6.97008     0.08225     1.92934     0.00000     2.01159
    -6.86708     0.21396     3.87863     0.00000     4.09259
    -6.76408     0.25089     3.92068     0.00000     4.17158
    -6.66008     0.27628     4.62655     0.00000     4.90283
    -6.55708     0.21572     4.02922     0.00000     4.24494
    -6.45308     0.21539     3.03875     0.00000     3.25414
    -6.35008     0.05736     1.42545     0.00000     1.48281
    -6.24608     0.19032     3.33397     0.00000     3.52429
    -6.14308     0.23049     4.37398     0.00000     4.60447
    -6.03908     0.29600     3.60062     0.00000     3.89662
    -5.93608     0.11003     1.98158     0.00000     2.09162
    -5.83208     0.26113     3.46473     0.00000     3.72586
    -5.72908     0.24843     3.99454     0.00000     4.24296
    -5.62508     0.13043     2.93709     0.00000     3.06752
    -5.52208     0.25206     5.52162     0.00000     5.77368
    -5.41808     0.27646     5.23519     0.00000     5.51165
    -5.31508     0.13384     3.69918     0.00000     3.83302
    -5.21208     0.23155     5.74805     0.00000     5.97960
    -5.10808     0.10324     4.04868     0.00000     4.15192
    -5.00508     0.28609     5.51423     0.00000     5.80032
    -4.90108     0.27388     6.64212     0.00000     6.91600
    -4.79808     0.18896     4.67768     0.00000     4.86664
    -4.69408     0.21898     7.31667     0.00000     7.53565
    -4.59108     0.24762     8.68653     0.00000     8.93415
    -4.48708     0.25655     8.73255     0.00000     8.98910
    -4.38408     0.14076     6.72083     0.00000     6.86159
    -4.28008     0.20113     7.62561     0.00000     7.82674
    -4.17708     0.34943     9.89197     0.00000    10.24140
    -4.07308     0.28077    10.22051     0.00000    10.50128
    -3.97008     0.22383     9.03321     0.00000     9.25704
    -3.86708     0.27089     8.79496     0.00000     9.06585
    -3.76308     0.13886     8.29726     0.00000     8.43612
    -3.66008     0.13320     3.95777     0.00000     4.09097
    -3.55608     0.35381    13.78740     0.00000    14.14121
    -3.45308     0.17641    11.12183     0.00000    11.29824
    -3.34908     0.19275    12.15512     0.00000    12.34787
    -3.24608     0.14742     7.96977     0.00000     8.11719
    -3.14208     0.15739     8.90564     0.00000     9.06303
    -3.03908     0.14095     8.03323     0.00000     8.17418
    -2.93508     0.13984    12.04798     0.00000    12.18782
    -2.83208     0.07628    11.78428     0.00000    11.86056
    -2.72808     0.22985    12.62170     0.00000    12.85155
    -2.62508     0.15877    12.48330     0.00000    12.64207
    -2.52108     0.12662    10.32134     0.00000    10.44796
    -2.41808     0.13762    13.64620     0.00000    13.78382
    -2.31508     0.13787    14.76980     0.00000    14.90767
    -2.21108     0.11370    10.37638     0.00000    10.49008
    -2.10808     0.22550    15.91890     0.00000    16.14440
    -2.00408     0.10874    11.51939     0.00000    11.62813
    -1.90108     0.14156    14.28541     0.00000    14.42697
    -1.79708     0.10945    13.29019     0.00000    13.39964
    -1.69408     0.11881    11.56975     0.00000    11.68856
    -1.59008     0.12424    10.26104     0.00000    10.38528
    -1.48708     0.11717    10.57487     0.00000    10.69204
    -1.38308     0.14770    10.45459     0.00000    10.60229
    -1.28008     0.12512    10.40807     0.00000    10.53319
    -1.17608     0.11145    11.96150     0.00000    12.07295
    -1.07308     0.05130     8.61585     0.00000     8.66715
    -0.97008     0.07761    15.13041     0.00000    15.20802
    -0.86608     0.03214     7.05983     0.00000     7.09196
    -0.76308     0.03044     3.80947     0.00000     3.83992
    -0.65908     0.07083    10.95078     0.00000    11.02161
    -0.55608     0.08476     9.05783     0.00000     9.14260
    -0.45208     0.18883     7.18969     0.00000     7.37852
    -0.34908     0.14096     9.64193     0.00000     9.78289
    -0.24508     0.06690     7.83511     0.00000     7.90202
    -0.14208     0.06027    10.58674     0.00000    10.64701
    -0.03808     0.10588    11.27098     0.00000    11.37686
     0.06492     0.07961    13.21365     0.00000    13.29326
     0.16892     0.01722     3.33539     0.00000     3.35261
     0.27192     0.00646     7.07745     0.00000     7.08391
     0.37592     0.00195     3.48465     0.00000     3.48661
     0.47892     0.00004     0.65536     0.00000     0.65540
     0.58192     0.00011     0.00211     0.00000     0.00223
     0.68592     0.04182     0.54392     0.00000     0.58574
     0.78892     0.05519     0.71870     0.00000     0.77389
     0.89292     0.00035     0.00450     0.00000     0.00485
     0.99592     0.00000     0.00000     0.00000     0.00000
     1.09992     0.00000     0.00000     0.00000     0.00000
     1.20292     0.00117     0.00113     0.00000     0.00230
     1.30692     0.19099     0.18491     0.00000     0.37590
     1.40992     0.13043     0.12628     0.00000     0.25671
     1.51392     0.00025     0.00024     0.00000     0.00049
     1.61692     0.00000     0.00000     0.00000     0.00000
     1.72092     0.00000     0.00000     0.00000     0.00000
     1.82392     0.00000     0.00000     0.00000     0.00000
     1.92692     0.00000     0.00000     0.00000     0.00000
     2.03092     0.00000     0.00000     0.00000     0.00000
     2.13392     0.00200     0.00225     0.00000     0.00425
     2.23792     0.16093     0.18094     0.00000     0.34186
     2.34092     0.06745     0.07600     0.00000     0.14345
     2.44492     0.12968     0.21577     0.00000     0.34545
     2.54792     0.39795     0.79654     0.00000     1.19449
     2.65192     0.60902     1.37862     0.00000     1.98765
     2.75492     0.24641     0.40370     0.00000     0.65011
     2.85892     0.05323     0.08085     0.00000     0.13409
     2.96192     0.00116     0.00242     0.00000     0.00358
     3.06592     0.25173     0.53088     0.00000     0.78262
     3.16892     0.21210     0.44736     0.00000     0.65946
     3.27292     0.18561     0.39865     0.00000     0.58426
     3.37592     0.42843     0.78311     0.00000     1.21154
     3.47892     0.48243     1.04159     0.00000     1.52402
     3.58292     0.46391     0.98947     0.00000     1.45338
     3.68592     0.23582     0.52204     0.00000     0.75785
     3.78992     0.35930     0.80599     0.00000     1.16529
     3.89292     0.13042     0.33156     0.00000     0.46198
     3.99692     0.28860     0.72773     0.00000     1.01633
     4.09992     0.44896     1.14053     0.00000     1.58948
     4.20392     0.69229     2.09375     0.00000     2.78605
     4.30692     0.37003     1.31965     0.00000     1.68969
     4.41092     0.41830     1.26373     0.00000     1.68203
     4.51392     0.35460     1.11606     0.00000     1.47066
     4.61792     0.32431     1.05890     0.00000     1.38321
     4.72092     0.53966     2.17836     0.00000     2.71802
     4.82392     0.66857     2.58005     0.00000     3.24862
     4.92792     0.19742     0.73905     0.00000     0.93647
     5.03092     0.44053     1.75964     0.00000     2.20017
     5.13492     0.67785     2.75319     0.00000     3.43104
     5.23792     0.70210     2.76026     0.00000     3.46236
     5.34192     0.51693     2.10432     0.00000     2.62125
     5.44492     0.12607     0.34624     0.00000     0.47230
     5.54892     0.39693     2.25719     0.00000     2.65412
     5.65192     0.89746     4.22424     0.00000     5.12170
     5.75592     0.33856     1.62306     0.00000     1.96162
     5.85892     0.40903     1.90143     0.00000     2.31046
     5.96292     0.36618     1.67746     0.00000     2.04364
     6.06592     0.44191     1.99465     0.00000     2.43656
     6.16992     0.26623     1.14568     0.00000     1.41191
     6.27292     0.33876     1.89467     0.00000     2.23343
     6.37592     0.65155     3.75800     0.00000     4.40955
     6.47992     0.30166     1.68071     0.00000     1.98237
     6.58292     0.28436     1.73101     0.00000     2.01537
     6.68692     0.13239     1.10939     0.00000     1.24178
     6.78992     0.37464     1.98343     0.00000     2.35807
     6.89392     0.31819     2.18435     0.00000     2.50254
     6.99692     0.13070     0.81190     0.00000     0.94260
     7.10092     0.26523     1.37577     0.00000     1.64100
     7.20392     0.45688     2.88959     0.00000     3.34647
     7.30792     0.18542     1.23799     0.00000     1.42341
     7.41092     0.32421     1.61745     0.00000     1.94166
     7.51492     0.30869     2.15778     0.00000     2.46647
     7.61792     0.27426     2.49719     0.00000     2.77145
     7.72092     0.27071     1.86153     0.00000     2.13224
     7.82492     0.19516     1.55420     0.00000     1.74936
     7.92792     0.17580     1.69165     0.00000     1.86745
     8.03192     0.14023     1.45546     0.00000     1.59568
     8.13492     0.08300     0.88516     0.00000     0.96816
     8.23892     0.03413     0.37720     0.00000     0.41133
     8.34192     0.04349     0.46649     0.00000     0.50998
     8.44592     0.09035     0.93841     0.00000     1.02876
     8.54892     0.00243     0.02467     0.00000     0.02709
     8.65292     0.00000     0.00000     0.00000     0.00000
     8.75592     0.00000     0.00000     0.00000     0.00000
     8.85992     0.00000     0.00000     0.00000     0.00000
     8.96292     0.00000     0.00000     0.00000     0.00000
     9.06692     0.00000     0.00000     0.00000     0.00000
     9.16992     0.00000     0.00000     0.00000     0.00000
     9.27292     0.00000     0.00000     0.00000     0.00000
     9.37692     0.00000     0.00000     0.00000     0.00000
     9.47992     0.00000     0.00000     0.00000     0.00000
     9.58392     0.00000     0.00000     0.00000     0.00000
     9.68692     0.00000     0.00000     0.00000     0.00000
     9.79092     0.00000     0.00000     0.00000     0.00000
