#Distance(A) Planar-Average-Potential(eV)/Densitiy(e/A)
  0.0000             7.42386
  0.0521             6.97931
  0.1043             6.60363
  0.1564             6.35384
  0.2086             6.26616
  0.2607             6.26635
  0.3129             6.26616
  0.3650             6.26635
  0.4171             6.26616
  0.4693             6.26635
  0.5214             6.26616
  0.5736             6.26635
  0.6257             6.26616
  0.6779             6.26635
  0.7300             6.26616
  0.7822             6.26635
  0.8343             6.26616
  0.8864             6.26635
  0.9386             6.26616
  0.9907             6.26635
  1.0429             6.26616
  1.0950             6.26636
  1.1472             6.26617
  1.1993             6.26636
  1.2514             6.26617
  1.3036             6.26636
  1.3557             6.26617
  1.4079             6.26636
  1.4600             6.26617
  1.5122             6.26636
  1.5643             6.26617
  1.6164             6.26636
  1.6686             6.26617
  1.7207             6.26636
  1.7729             6.26617
  1.8250             6.26636
  1.8772             6.26617
  1.9293             6.26636
  1.9815             6.26616
  2.0336             6.26636
  2.0857             6.26616
  2.1379             6.26636
  2.1900             6.26616
  2.2422             6.26636
  2.2943             6.26616
  2.3465             6.26636
  2.3986             6.26616
  2.4507             6.26636
  2.5029             6.26615
  2.5550             6.26636
  2.6072             6.26615
  2.6593             6.26636
  2.7115             6.26614
  2.7636             6.26635
  2.8158             6.26614
  2.8679             6.26635
  2.9200             6.26613
  2.9722             6.26634
  3.0243             6.26612
  3.0765             6.26633
  3.1286             6.26610
  3.1808             6.26631
  3.2329             6.26608
  3.2850             6.26629
  3.3372             6.26606
  3.3893             6.26627
  3.4415             6.26603
  3.4936             6.26623
  3.5458             6.26599
  3.5979             6.26619
  3.6500             6.26593
  3.7022             6.26613
  3.7543             6.26586
  3.8065             6.26605
  3.8586             6.26577
  3.9108             6.26594
  3.9629             6.26564
  4.0151             6.26580
  4.0672             6.26548
  4.1193             6.26561
  4.1715             6.26525
  4.2236             6.26536
  4.2758             6.26495
  4.3279             6.26501
  4.3801             6.26455
  4.4322             6.26454
  4.4843             6.26400
  4.5365             6.26391
  4.5886             6.26325
  4.6408             6.26304
  4.6929             6.26224
  4.7451             6.26186
  4.7972             6.26086
  4.8493             6.26026
  4.9015             6.25898
  4.9536             6.25806
  5.0058             6.25639
  5.0579             6.25504
  5.1101             6.25285
  5.1622             6.25089
  5.2144             6.24798
  5.2665             6.24517
  5.3186             6.24126
  5.3708             6.23729
  5.4229             6.23198
  5.4751             6.22637
  5.5272             6.21912
  5.5794             6.21123
  5.6315             6.20127
  5.6836             6.19019
  5.7358             6.17644
  5.7879             6.16089
  5.8401             6.14181
  5.8922             6.11996
  5.9444             6.09340
  5.9965             6.06270
  6.0486             6.02560
  6.1008             5.98241
  6.1529             5.93044
  6.2051             5.86963
  6.2572             5.79668
  6.3094             5.71100
  6.3615             5.60825
  6.4137             5.48647
  6.4658             5.33940
  6.5179             5.16823
  6.5701             4.97001
  6.6222             4.75405
  6.6744             4.53678
  6.7265             4.33434
  6.7787             4.15714
  6.8308             4.01639
  6.8829             3.91740
  6.9351             3.86403
  6.9872             3.84824
  7.0394             3.85770
  7.0915             3.86998
  7.1437             3.86545
  7.1958             3.81540
  7.2480             3.70776
  7.3001             3.53836
  7.3522             3.22454
  7.4044             2.69533
  7.4565             1.93215
  7.5087             0.96530
  7.5608            -0.13093
  7.6130            -1.27489
  7.6651            -2.34713
  7.7172            -3.29374
  7.7694            -4.14253
  7.8215            -4.94429
  7.8737            -5.76786
  7.9258            -6.66982
  7.9780            -7.68498
  8.0301            -8.82766
  8.0822           -10.07986
  8.1344           -11.38982
  8.1865           -12.67687
  8.2387           -13.85119
  8.2908           -14.82593
  8.3430           -15.53921
  8.3951           -15.95953
  8.4473           -16.09604
  8.4994           -15.98617
  8.5515           -15.69234
  8.6037           -15.27507
  8.6558           -14.78319
  8.7080           -14.22051
  8.7601           -13.55542
  8.8123           -12.71341
  8.8644           -11.67975
  8.9165           -10.50574
  8.9687            -9.21515
  9.0208            -7.83986
  9.0730            -6.41580
  9.1251            -4.98271
  9.1773            -3.58243
  9.2294            -2.25467
  9.2815            -1.03754
  9.3337             0.03802
  9.3858             0.94186
  9.4380             1.65758
  9.4901             2.19057
  9.5423             2.57583
  9.5944             2.85083
  9.6466             3.06374
  9.6987             3.18148
  9.7508             3.19304
  9.8030             3.11153
  9.8551             2.85741
  9.9073             2.37549
  9.9594             1.65594
 10.0116             0.73930
 10.0637            -0.29977
 10.1158            -1.38006
 10.1680            -2.40035
 10.2201            -3.28331
 10.2723            -4.05842
 10.3244            -4.78362
 10.3766            -5.53702
 10.4287            -6.38373
 10.4809            -7.36154
 10.5330            -8.47928
 10.5851            -9.71494
 10.6373           -11.01120
 10.6894           -12.28605
 10.7416           -13.44820
 10.7937           -14.41430
 10.8459           -15.12564
 10.8980           -15.55708
 10.9501           -15.72110
 11.0023           -15.65892
 11.0544           -15.43146
 11.1066           -15.09642
 11.1587           -14.69338
 11.2109           -14.21656
 11.2630           -13.62295
 11.3151           -12.83542
 11.3673           -11.85475
 11.4194           -10.72747
 11.4716            -9.47199
 11.5237            -8.12082
 11.5759            -6.70727
 11.6280            -5.27219
 11.6802            -3.85608
 11.7323            -2.50099
 11.7844            -1.24525
 11.8366            -0.12291
 11.8887             0.83590
 11.9409             1.60832
 11.9930             2.19116
 12.0452             2.61215
 12.0973             2.90707
 12.1494             3.12669
 12.2016             3.26778
 12.2537             3.29759
 12.3059             3.23883
 12.3580             3.02058
 12.4102             2.57988
 12.4623             1.89837
 12.5144             1.00964
 12.5666            -0.01668
 12.6187            -1.09799
 12.6709            -2.14197
 12.7230            -3.05398
 12.7752            -3.84627
 12.8273            -4.57531
 12.8795            -5.31704
 12.9316            -6.14271
 12.9837            -7.09587
 13.0359            -8.19041
 13.0880            -9.41028
 13.1402           -10.70375
 13.1923           -11.99242
 13.2445           -13.18514
 13.2966           -14.19637
 13.3487           -14.96196
 13.4009           -15.45090
 13.4530           -15.66908
 13.5052           -15.65366
 13.5573           -15.46286
 13.6095           -15.15625
 13.6616           -14.77758
 13.7137           -14.32907
 13.7659           -13.77342
 13.8180           -13.03459
 13.8702           -12.09319
 13.9223           -10.99912
 13.9745            -9.77047
 14.0266            -8.43874
 14.0788            -7.03532
 14.1309            -5.60136
 14.1830            -4.17588
 14.2352            -2.80255
 14.2873            -1.51899
 14.3395            -0.36204
 14.3916             0.63928
 14.4438             1.45770
 14.4959             2.08617
 14.5480             2.54420
 14.6002             2.86938
 14.6523             3.10713
 14.7045             3.27887
 14.7566             3.33664
 14.8088             3.30558
 14.8609             3.14650
 14.9131             2.78108
 14.9652             2.17673
 15.0173             1.34872
 15.0695             0.35720
 15.1216            -0.71723
 15.1738            -1.78594
 15.2259            -2.74256
 15.2781            -3.57208
 15.3302            -4.32413
 15.3823            -5.06613
 15.4345            -5.87290
 15.4866            -6.79370
 15.5388            -7.85172
 15.5909            -9.04086
 15.6431           -10.32110
 15.6952           -11.62072
 15.7473           -12.85097
 15.7995           -13.92219
 15.8516           -14.76155
 15.9038           -15.32620
 15.9559           -15.61007
 16.0081           -15.64129
 16.0602           -15.47319
 16.1124           -15.16796
 16.1645           -14.77780
 16.2166           -14.32197
 16.2688           -13.77657
 16.3209           -13.07693
 16.3731           -12.17008
 16.4252           -11.09912
 16.4774            -9.89235
 16.5295            -8.57564
 16.5816            -7.18183
 16.6338            -5.74917
 16.6859            -4.31783
 16.7381            -2.93022
 16.7902            -1.62564
 16.8424            -0.44108
 16.8945             0.59302
 16.9466             1.44829
 16.9988             2.11248
 17.0509             2.59920
 17.1031             2.94464
 17.1552             3.19103
 17.2074             3.37365
 17.2595             3.44957
 17.3117             3.43155
 17.3638             3.29311
 17.4159             2.95297
 17.4681             2.37576
 17.5202             1.57086
 17.5724             0.59588
 17.6245            -0.47000
 17.6767            -1.54060
 17.7288            -2.51525
 17.7809            -3.35427
 17.8331            -4.10366
 17.8852            -4.82918
 17.9374            -5.60998
 17.9895            -6.50141
 18.0417            -7.53221
 18.0938            -8.69869
 18.1459            -9.96585
 18.1981           -11.26435
 18.2502           -12.50794
 18.3024           -13.60577
 18.3545           -14.48376
 18.4067           -15.09484
 18.4588           -15.42978
 18.5110           -15.51234
 18.5631           -15.39383
 18.6152           -15.13475
 18.6674           -14.78847
 18.7195           -14.37659
 18.7717           -13.87849
 18.8238           -13.23188
 18.8760           -12.37812
 18.9281           -11.35105
 18.9802           -10.18295
 19.0324            -8.89594
 19.0845            -7.52343
 19.1367            -6.10098
 19.1888            -4.66988
 19.2410            -3.27092
 19.2931            -1.94559
 19.3453            -0.73040
 19.3974             0.34151
 19.4495             1.24232
 19.5017             1.95386
 19.5538             2.48410
 19.6060             2.86389
 19.6581             3.13489
 19.7103             3.33639
 19.7624             3.44753
 19.8145             3.45041
 19.8667             3.34805
 19.9188             3.07824
 19.9710             2.58567
 20.0231             1.86025
 20.0753             0.94007
 20.1274            -0.10253
 20.1795            -1.17025
 20.2317            -2.18596
 20.2838            -3.10897
 20.3360            -3.94224
 20.3881            -4.73510
 20.4403            -5.54979
 20.4924            -6.44238
 20.5446            -7.45159
 20.5967            -8.58606
 20.6488            -9.82222
 20.7010           -11.10321
 20.7531           -12.34957
 20.8053           -13.47221
 20.8574           -14.39117
 20.9096           -15.04919
 20.9617           -15.42344
 21.0138           -15.52599
 21.0660           -15.39938
 21.1181           -15.10268
 21.1703           -14.69492
 21.2224           -14.21352
 21.2746           -13.65792
 21.3267           -12.98569
 21.3788           -12.13922
 21.4310           -11.11028
 21.4831            -9.93980
 21.5353            -8.65345
 21.5874            -7.28154
 21.6396            -5.85876
 21.6917            -4.42428
 21.7439            -3.01813
 21.7960            -1.68022
 21.8481            -0.44795
 21.9003             0.64472
 21.9524             1.57033
 22.0046             2.31642
 22.0567             2.88787
 22.1089             3.33690
 22.1610             3.66552
 22.2131             3.80533
 22.2653             3.72464
 22.3174             3.41933
 22.3696             2.92115
 22.4217             2.30015
 22.4739             1.63747
 22.5260             0.98760
 22.5781             0.39042
 22.6303            -0.15289
 22.6824            -0.61326
 22.7346            -0.99161
 22.7867            -1.30482
 22.8389            -1.55832
 22.8910            -1.75028
 22.9432            -1.87372
 22.9953            -1.91162
 23.0474            -1.84431
 23.0996            -1.65285
 23.1517            -1.33237
 23.2039            -0.89380
 23.2560            -0.37211
 23.3082             0.18120
 23.3603             0.69994
 23.4124             1.12195
 23.4646             1.40347
 23.5167             1.54227
 23.5689             1.55497
 23.6210             1.50769
 23.6732             1.43950
 23.7253             1.34524
 23.7775             1.23536
 23.8296             1.11171
 23.8817             0.98683
 23.9339             0.87220
 23.9860             0.77410
 24.0382             0.69596
 24.0903             0.63958
 24.1425             0.60642
 24.1946             0.59543
 24.2467             0.60522
 24.2989             0.63163
 24.3510             0.67134
 24.4032             0.71612
 24.4553             0.75796
 24.5075             0.79127
 24.5596             0.79476
 24.6117             0.73062
 24.6639             0.57288
 24.7160             0.35597
 24.7682             0.05747
 24.8203            -0.33825
 24.8725            -0.82678
 24.9246            -1.38696
 24.9768            -1.97080
 25.0289            -2.53164
 25.0810            -3.02505
 25.1332            -3.42398
 25.1853            -3.71234
 25.2375            -3.88840
 25.2896            -3.93877
 25.3418            -3.89095
 25.3939            -3.77230
 25.4460            -3.64199
 25.4982            -3.51208
 25.5503            -3.34765
 25.6025            -3.16307
 25.6546            -2.94969
 25.7068            -2.73142
 25.7589            -2.50526
 25.8110            -2.28438
 25.8632            -2.09406
 25.9153            -1.96415
 25.9675            -1.92456
 26.0196            -1.97246
 26.0718            -2.10468
 26.1239            -2.31636
 26.1761            -2.56665
 26.2282            -2.78891
 26.2803            -2.95949
 26.3325            -3.09154
 26.3846            -3.17563
 26.4368            -3.21062
 26.4889            -3.19320
 26.5411            -3.12691
 26.5932            -3.01464
 26.6453            -2.86058
 26.6975            -2.65699
 26.7496            -2.44168
 26.8018            -2.27359
 26.8539            -2.18859
 26.9061            -2.18439
 26.9582            -2.25219
 27.0104            -2.39166
 27.0625            -2.59370
 27.1146            -2.84645
 27.1668            -3.13767
 27.2189            -3.41388
 27.2711            -3.66435
 27.3232            -3.88969
 27.3754            -4.08575
 27.4275            -4.23105
 27.4796            -4.36661
 27.5318            -4.47528
 27.5839            -4.49876
 27.6361            -4.40804
 27.6882            -4.17941
 27.7404            -3.82932
 27.7925            -3.36384
 27.8446            -2.80314
 27.8968            -2.17858
 27.9489            -1.53528
 28.0011            -0.92001
 28.0532            -0.37552
 28.1054             0.07487
 28.1575             0.43972
 28.2097             0.74427
 28.2618             0.99893
 28.3139             1.17013
 28.3661             1.25469
 28.4182             1.30776
 28.4704             1.34634
 28.5225             1.36786
 28.5747             1.37937
 28.6268             1.38832
 28.6789             1.39511
 28.7311             1.40108
 28.7832             1.40568
 28.8354             1.40985
 28.8875             1.41297
 28.9397             1.41203
 28.9918             1.39878
 29.0439             1.36287
 29.0961             1.31660
 29.1482             1.23581
 29.2004             1.07121
 29.2525             0.84686
 29.3047             0.57028
 29.3568             0.21299
 29.4090            -0.25647
 29.4611            -0.82977
 29.5132            -1.47315
 29.5654            -2.13484
 29.6175            -2.76473
 29.6697            -3.31674
 29.7218            -3.76294
 29.7740            -4.08783
 29.8261            -4.28537
 29.8782            -4.35119
 29.9304            -4.31646
 29.9825            -4.21603
 30.0347            -4.10473
 30.0868            -3.96998
 30.1390            -3.79041
 30.1911            -3.57735
 30.2432            -3.33038
 30.2954            -3.04083
 30.3475            -2.74718
 30.3997            -2.48465
 30.4518            -2.26596
 30.5040            -2.11801
 30.5561            -2.05667
 30.6083            -2.09325
 30.6604            -2.21396
 30.7125            -2.40880
 30.7647            -2.63653
 30.8168            -2.83212
 30.8690            -2.97978
 30.9211            -3.08851
 30.9733            -3.15004
 31.0254            -3.16248
 31.0775            -3.12335
 31.1297            -3.03595
 31.1818            -2.90320
 31.2340            -2.73366
 31.2861            -2.51672
 31.3383            -2.27710
 31.3904            -2.08347
 31.4426            -1.96831
 31.4947            -1.94065
 31.5468            -2.01479
 31.5990            -2.19278
 31.6511            -2.45898
 31.7033            -2.79815
 31.7554            -3.14750
 31.8076            -3.47168
 31.8597            -3.75957
 31.9118            -4.00634
 31.9640            -4.20433
 32.0161            -4.35552
 32.0683            -4.49549
 32.1204            -4.59542
 32.1726            -4.60721
 32.2247            -4.49862
 32.2768            -4.25250
 32.3290            -3.87671
 32.3811            -3.37331
 32.4333            -2.76128
 32.4854            -2.07265
 32.5376            -1.35722
 32.5897            -0.66772
 32.6419            -0.05678
 32.6940             0.44390
 32.7461             0.82682
 32.7983             1.13159
 32.8504             1.39041
 32.9026             1.59257
 32.9547             1.72548
 33.0069             1.82222
 33.0590             1.90345
 33.1111             1.95761
 33.1633             1.99258
 33.2154             2.01511
 33.2676             2.02887
 33.3197             2.03362
 33.3719             2.02992
 33.4240             2.01920
 33.4761             2.00117
 33.5283             1.97201
 33.5804             1.92406
 33.6326             1.86154
 33.6847             1.77594
 33.7369             1.64414
 33.7890             1.49617
 33.8412             1.35024
 33.8933             1.16664
 33.9454             0.89734
 33.9976             0.52492
 34.0497             0.03560
 34.1019            -0.56172
 34.1540            -1.23028
 34.2062            -1.92090
 34.2583            -2.57051
 34.3104            -3.13980
 34.3626            -3.60715
 34.4147            -3.98187
 34.4669            -4.27499
 34.5190            -4.47358
 34.5712            -4.59809
 34.6233            -4.65565
 34.6754            -4.63367
 34.7276            -4.52818
 34.7797            -4.34392
 34.8319            -4.09996
 34.8840            -3.80869
 34.9362            -3.44593
 34.9883            -3.06516
 35.0405            -2.69350
 35.0926            -2.34897
 35.1447            -2.06643
 35.1969            -1.87744
 35.2490            -1.80406
 35.3012            -1.82848
 35.3533            -1.89806
 35.4055            -1.98363
 35.4576            -2.07723
 35.5097            -2.13832
 35.5619            -2.15089
 35.6140            -2.11697
 35.6662            -2.02919
 35.7183            -1.88432
 35.7705            -1.67974
 35.8226            -1.41634
 35.8748            -1.09556
 35.9269            -0.72201
 35.9790            -0.30033
 36.0312             0.16210
 36.0833             0.65922
 36.1355             1.18304
 36.1876             1.72776
 36.2398             2.28241
 36.2919             2.83498
 36.3440             3.37199
 36.3962             3.89569
 36.4483             4.37979
 36.5005             4.81749
 36.5526             5.23053
 36.6048             5.62416
 36.6569             6.00126
 36.7090             6.34424
 36.7612             6.64531
 36.8133             6.91273
 36.8655             7.12937
 36.9176             7.29359
 36.9698             7.43472
 37.0219             7.56135
 37.0741             7.68467
 37.1262             7.79470
 37.1783             7.89223
 37.2305             7.97736
 37.2826             8.05288
 37.3348             8.11858
 37.3869             8.17688
 37.4391             8.22742
 37.4912             8.27231
 37.5433             8.31109
 37.5955             8.34558
 37.6476             8.37526
 37.6998             8.40172
 37.7519             8.42439
 37.8041             8.44467
 37.8562             8.46194
 37.9083             8.47747
 37.9605             8.49060
 38.0126             8.50250
 38.0648             8.51246
 38.1169             8.52157
 38.1691             8.52911
 38.2212             8.53609
 38.2734             8.54177
 38.3255             8.54712
 38.3776             8.55140
 38.4298             8.55551
 38.4819             8.55871
 38.5341             8.56188
 38.5862             8.56426
 38.6384             8.56671
 38.6905             8.56847
 38.7426             8.57037
 38.7948             8.57166
 38.8469             8.57314
 38.8991             8.57407
 38.9512             8.57523
 39.0034             8.57589
 39.0555             8.57682
 39.1076             8.57727
 39.1598             8.57801
 39.2119             8.57831
 39.2641             8.57892
 39.3162             8.57910
 39.3684             8.57960
 39.4205             8.57970
 39.4727             8.58012
 39.5248             8.58015
 39.5769             8.58051
 39.6291             8.58049
 39.6812             8.58080
 39.7334             8.58074
 39.7855             8.58102
 39.8377             8.58094
 39.8898             8.58119
 39.9419             8.58108
 39.9941             8.58132
 40.0462             8.58119
 40.0984             8.58141
 40.1505             8.58128
 40.2027             8.58149
 40.2548             8.58134
 40.3070             8.58154
 40.3591             8.58139
 40.4112             8.58159
 40.4634             8.58143
 40.5155             8.58162
 40.5677             8.58146
 40.6198             8.58165
 40.6720             8.58148
 40.7241             8.58167
 40.7762             8.58150
 40.8284             8.58168
 40.8805             8.58152
 40.9327             8.58169
 40.9848             8.58153
 41.0370             8.58170
 41.0891             8.58154
 41.1412             8.58171
 41.1934             8.58154
 41.2455             8.58172
 41.2977             8.58155
 41.3498             8.58172
 41.4020             8.58155
 41.4541             8.58173
 41.5063             8.58156
 41.5584             8.58173
 41.6105             8.58156
 41.6627             8.58173
 41.7148             8.58156
 41.7670             8.58173
 41.8191             8.58156
 41.8713             8.58174
 41.9234             8.58156
 41.9755             8.58174
 42.0277             8.58157
 42.0798             8.58174
 42.1320             8.58157
 42.1841             8.58174
 42.2363             8.58157
 42.2884             8.58174
 42.3405             8.58157
 42.3927             8.58174
 42.4448             8.58157
 42.4970             8.58174
 42.5491             8.58157
 42.6013             8.58174
 42.6534             8.58157
 42.7056             8.58174
 42.7577             8.58157
 42.8098             8.58174
 42.8620             8.58157
 42.9141             8.58174
 42.9663             8.58157
 43.0184             8.58174
 43.0706             8.58157
 43.1227             8.58174
 43.1748             8.58156
 43.2270             8.58174
 43.2791             8.58156
 43.3313             8.58174
 43.3834             8.58156
 43.4356             8.58174
 43.4877             8.58156
 43.5399             8.58174
 43.5920             8.58156
 43.6441             8.49425
 43.6963             8.24409
 43.7484             7.86878
