# freq_w_over_2pi_THz  kappa_x_avg_Wm-1K-1THz-1  std_Wm-1K-1THz-1  stderr_Wm-1K-1THz-1
3.18309886e-02 1.56644954e+00 9.11516633e-01 4.55758316e-01
6.36619772e-02 1.56801064e+00 9.11102635e-01 4.55551318e-01
9.54929659e-02 1.57060934e+00 9.10425723e-01 4.55212861e-01
1.27323954e-01 1.57422895e+00 9.09485866e-01 4.54742933e-01
1.59154943e-01 1.57886777e+00 9.08321763e-01 4.54160881e-01
1.90985932e-01 1.58449604e+00 9.06924607e-01 4.53462304e-01
2.22816920e-01 1.59110965e+00 9.05353649e-01 4.52676824e-01
2.54647909e-01 1.59866942e+00 9.03608140e-01 4.51804070e-01
2.86478898e-01 1.60716563e+00 9.01755481e-01 4.50877740e-01
3.18309886e-01 1.61655106e+00 8.99801218e-01 4.49900609e-01
3.50140875e-01 1.62680956e+00 8.97817347e-01 4.48908674e-01
3.81971863e-01 1.63789208e+00 8.95829166e-01 4.47914583e-01
4.13802852e-01 1.64976911e+00 8.93902225e-01 4.46951113e-01
4.45633841e-01 1.66239454e+00 8.92075686e-01 4.46037843e-01
4.77464829e-01 1.67571799e+00 8.90396546e-01 4.45198273e-01
5.09295818e-01 1.68970749e+00 8.88942935e-01 4.44471468e-01
5.41126807e-01 1.70430050e+00 8.87752583e-01 4.43876291e-01
5.72957795e-01 1.71945587e+00 8.86892318e-01 4.43446159e-01
6.04788784e-01 1.73511238e+00 8.86407138e-01 4.43203569e-01
6.36619772e-01 1.75121651e+00 8.86355810e-01 4.43177905e-01
6.68450761e-01 1.76771341e+00 8.86792805e-01 4.43396403e-01
7.00281750e-01 1.78454463e+00 8.87768039e-01 4.43884019e-01
7.32112738e-01 1.80165141e+00 8.89332212e-01 4.44666106e-01
7.63943727e-01 1.81897638e+00 8.91531229e-01 4.45765614e-01
7.95774715e-01 1.83645192e+00 8.94393320e-01 4.47196660e-01
8.27605704e-01 1.85401965e+00 8.97954619e-01 4.48977310e-01
8.59436693e-01 1.87161108e+00 9.02236536e-01 4.51118268e-01
8.91267681e-01 1.88917577e+00 9.07272825e-01 4.53636412e-01
9.23098670e-01 1.90664399e+00 9.13074256e-01 4.56537128e-01
9.54929659e-01 1.92394399e+00 9.19628930e-01 4.59814465e-01
9.86760647e-01 1.94103283e+00 9.26967446e-01 4.63483723e-01
1.01859164e+00 1.95783366e+00 9.35057843e-01 4.67528921e-01
1.05042262e+00 1.97429650e+00 9.43902927e-01 4.71951464e-01
1.08225361e+00 1.99035210e+00 9.53473252e-01 4.76736626e-01
1.11408460e+00 2.00594972e+00 9.63739176e-01 4.81869588e-01
1.14591559e+00 2.02102946e+00 9.74681250e-01 4.87340625e-01
1.17774658e+00 2.03552907e+00 9.86239900e-01 4.93119950e-01
1.20957757e+00 2.04940800e+00 9.98397795e-01 4.99198898e-01
1.24140856e+00 2.06260186e+00 1.01108770e+00 5.05543848e-01
1.27323954e+00 2.07506476e+00 1.02426402e+00 5.12132011e-01
1.30507053e+00 2.08674541e+00 1.03786694e+00 5.18933468e-01
1.33690152e+00 2.09760835e+00 1.05184753e+00 5.25923765e-01
1.36873251e+00 2.10759887e+00 1.06613282e+00 5.33066409e-01
1.40056350e+00 2.11669188e+00 1.08068019e+00 5.40340097e-01
1.43239449e+00 2.12483121e+00 1.09540480e+00 5.47702400e-01
1.46422548e+00 2.13200036e+00 1.11026519e+00 5.55132593e-01
1.49605647e+00 2.13814663e+00 1.12516627e+00 5.62583137e-01
1.52788745e+00 2.14326030e+00 1.14006699e+00 5.70033493e-01
1.55971844e+00 2.14729657e+00 1.15488665e+00 5.77443326e-01
1.59154943e+00 2.15025392e+00 1.16957499e+00 5.84787493e-01
1.62338042e+00 2.15209557e+00 1.18405320e+00 5.92026598e-01
1.65521141e+00 2.15281407e+00 1.19826585e+00 5.99132927e-01
1.68704240e+00 2.15240108e+00 1.21215699e+00 6.06078497e-01
1.71887339e+00 2.15083025e+00 1.22564395e+00 6.12821976e-01
1.75070437e+00 2.14810903e+00 1.23868512e+00 6.19342560e-01
1.78253536e+00 2.14422309e+00 1.25121197e+00 6.25605983e-01
1.81436635e+00 2.13918391e+00 1.26317922e+00 6.31589608e-01
1.84619734e+00 2.13298355e+00 1.27452043e+00 6.37260215e-01
1.87802833e+00 2.12564708e+00 1.28520037e+00 6.42600185e-01
1.90985932e+00 2.11716319e+00 1.29515085e+00 6.47575425e-01
1.94169031e+00 2.10754952e+00 1.30433040e+00 6.52165199e-01
1.97352129e+00 2.09683652e+00 1.31270927e+00 6.56354635e-01
2.00535228e+00 2.08501572e+00 1.32021622e+00 6.60108110e-01
2.03718327e+00 2.07213458e+00 1.32684181e+00 6.63420905e-01
2.06901426e+00 2.05821054e+00 1.33253858e+00 6.66269289e-01
2.10084525e+00 2.04326463e+00 1.33727173e+00 6.68635867e-01
2.13267624e+00 2.02732593e+00 1.34100864e+00 6.70504322e-01
2.16450723e+00 2.01042691e+00 1.34372406e+00 6.71862031e-01
2.19633821e+00 1.99260466e+00 1.34540263e+00 6.72701316e-01
2.22816920e+00 1.97389323e+00 1.34601571e+00 6.73007857e-01
2.26000019e+00 1.95433713e+00 1.34555820e+00 6.72779100e-01
2.29183118e+00 1.93396709e+00 1.34400228e+00 6.72001140e-01
2.32366217e+00 1.91282822e+00 1.34135397e+00 6.70676984e-01
2.35549316e+00 1.89096481e+00 1.33760454e+00 6.68802268e-01
2.38732415e+00 1.86842647e+00 1.33275146e+00 6.66375731e-01
2.41915513e+00 1.84524898e+00 1.32679355e+00 6.63396776e-01
2.45098612e+00 1.82148330e+00 1.31973884e+00 6.59869419e-01
2.48281711e+00 1.79717225e+00 1.31159257e+00 6.55796287e-01
2.51464810e+00 1.77238140e+00 1.30239230e+00 6.51196150e-01
2.54647909e+00 1.74714061e+00 1.29212828e+00 6.46064139e-01
2.57831008e+00 1.72150575e+00 1.28082717e+00 6.40413584e-01
2.61014107e+00 1.69553123e+00 1.26852695e+00 6.34263473e-01
2.64197206e+00 1.66925767e+00 1.25523756e+00 6.27618779e-01
2.67380304e+00 1.64274713e+00 1.24101173e+00 6.20505864e-01
2.70563403e+00 1.61603331e+00 1.22586284e+00 6.12931421e-01
2.73746502e+00 1.58917712e+00 1.20984787e+00 6.04923936e-01
2.76929601e+00 1.56222054e+00 1.19299194e+00 5.96495969e-01
2.80112700e+00 1.53521648e+00 1.17535401e+00 5.87677003e-01
2.83295799e+00 1.50820722e+00 1.15697499e+00 5.78487497e-01
2.86478898e+00 1.48123432e+00 1.13789361e+00 5.68946803e-01
2.89661996e+00 1.45435472e+00 1.11818611e+00 5.59093057e-01
2.92845095e+00 1.42759875e+00 1.09787955e+00 5.48939774e-01
2.96028194e+00 1.40101070e+00 1.07703913e+00 5.38519563e-01
2.99211293e+00 1.37463868e+00 1.05573691e+00 5.27868457e-01
3.02394392e+00 1.34851546e+00 1.03401695e+00 5.17008474e-01
3.05577491e+00 1.32267644e+00 1.01194237e+00 5.05971186e-01
3.08760590e+00 1.29715974e+00 9.89577266e-01 4.94788633e-01
3.11943688e+00 1.27199784e+00 9.66980876e-01 4.83490438e-01
3.15126787e+00 1.24722084e+00 9.44218665e-01 4.72109333e-01
3.18309886e+00 1.22286042e+00 9.21351221e-01 4.60675610e-01
3.21492985e+00 1.19894055e+00 8.98442170e-01 4.49221085e-01
3.24676084e+00 1.17548966e+00 8.75554380e-01 4.37777190e-01
3.27859183e+00 1.15252859e+00 8.52750223e-01 4.26375111e-01
3.31042282e+00 1.13007782e+00 8.30089905e-01 4.15044952e-01
3.34225380e+00 1.10815876e+00 8.07630515e-01 4.03815257e-01
3.37408479e+00 1.08678540e+00 7.85434174e-01 3.92717087e-01
3.40591578e+00 1.06597136e+00 7.63554413e-01 3.81777206e-01
3.43774677e+00 1.04573019e+00 7.42043915e-01 3.71021957e-01
3.46957776e+00 1.02607109e+00 7.20956434e-01 3.60478217e-01
3.50140875e+00 1.00700178e+00 7.00336691e-01 3.50168346e-01
3.53323974e+00 9.88528446e-01 6.80231341e-01 3.40115670e-01
3.56507073e+00 9.70653942e-01 6.60681052e-01 3.30340526e-01
3.59690171e+00 9.53379083e-01 6.41723531e-01 3.20861765e-01
3.62873270e+00 9.36704944e-01 6.23389095e-01 3.11694548e-01
3.66056369e+00 9.20627166e-01 6.05707040e-01 3.02853520e-01
3.69239468e+00 9.05142462e-01 5.88700738e-01 2.94350369e-01
3.72422567e+00 8.90242365e-01 5.72388716e-01 2.86194358e-01
3.75605666e+00 8.75921884e-01 5.56781498e-01 2.78390749e-01
3.78788765e+00 8.62170656e-01 5.41887588e-01 2.70943794e-01
3.81971863e+00 8.48976613e-01 5.27711090e-01 2.63855545e-01
3.85154962e+00 8.36327899e-01 5.14246490e-01 2.57123245e-01
3.88338061e+00 8.24210476e-01 5.01484179e-01 2.50742090e-01
3.91521160e+00 8.12608407e-01 4.89412450e-01 2.44706225e-01
3.94704259e+00 8.01506041e-01 4.78012958e-01 2.39006479e-01
3.97887358e+00 7.90885951e-01 4.67261761e-01 2.33630880e-01
4.01070457e+00 7.80728921e-01 4.57134132e-01 2.28567066e-01
4.04253555e+00 7.71015124e-01 4.47600786e-01 2.23800393e-01
4.07436654e+00 7.61726292e-01 4.38626817e-01 2.19313409e-01
4.10619753e+00 7.52839943e-01 4.30181520e-01 2.15090760e-01
4.13802852e+00 7.44336022e-01 4.22227455e-01 2.11113728e-01
4.16985951e+00 7.36190280e-01 4.14731047e-01 2.07365524e-01
4.20169050e+00 7.28383177e-01 4.07652131e-01 2.03826066e-01
4.23352149e+00 7.20891457e-01 4.00958122e-01 2.00479061e-01
4.26535247e+00 7.13691807e-01 3.94613676e-01 1.97306838e-01
4.29718346e+00 7.06761883e-01 3.88587149e-01 1.94293574e-01
4.32901445e+00 7.00080601e-01 3.82844698e-01 1.91422349e-01
4.36084544e+00 6.93623002e-01 3.77358755e-01 1.88679377e-01
4.39267643e+00 6.87369939e-01 3.72103523e-01 1.86051762e-01
4.42450742e+00 6.81297402e-01 3.67055808e-01 1.83527904e-01
4.45633841e+00 6.75383907e-01 3.62193970e-01 1.81096985e-01
4.48816940e+00 6.69607971e-01 3.57501974e-01 1.78750987e-01
4.52000038e+00 6.63951584e-01 3.52960700e-01 1.76480350e-01
4.55183137e+00 6.58393833e-01 3.48561338e-01 1.74280669e-01
4.58366236e+00 6.52914560e-01 3.44291612e-01 1.72145806e-01
4.61549335e+00 6.47495315e-01 3.40146470e-01 1.70073235e-01
4.64732434e+00 6.42117963e-01 3.36117014e-01 1.68058507e-01
4.67915533e+00 6.36769171e-01 3.32201754e-01 1.66100877e-01
4.71098632e+00 6.31430300e-01 3.28401078e-01 1.64200539e-01
4.74281730e+00 6.26086248e-01 3.24711164e-01 1.62355582e-01
4.77464829e+00 6.20723681e-01 3.21136404e-01 1.60568202e-01
4.80647928e+00 6.15329522e-01 3.17678183e-01 1.58839092e-01
4.83831027e+00 6.09891131e-01 3.14339490e-01 1.57169745e-01
4.87014126e+00 6.04398336e-01 3.11120886e-01 1.55560443e-01
4.90197225e+00 5.98841659e-01 3.08028264e-01 1.54014132e-01
4.93380324e+00 5.93210168e-01 3.05063412e-01 1.52531706e-01
4.96563422e+00 5.87497545e-01 3.02230573e-01 1.51115287e-01
4.99746521e+00 5.81697471e-01 2.99531424e-01 1.49765712e-01
5.02929620e+00 5.75803817e-01 2.96965830e-01 1.48482915e-01
5.06112719e+00 5.69811906e-01 2.94536481e-01 1.47268240e-01
5.09295818e+00 5.63716496e-01 2.92239136e-01 1.46119568e-01
5.12478917e+00 5.57517332e-01 2.90074983e-01 1.45037491e-01
5.15662016e+00 5.51211065e-01 2.88037474e-01 1.44018737e-01
5.18845114e+00 5.44797255e-01 2.86122205e-01 1.43061102e-01
5.22028213e+00 5.38276784e-01 2.84322763e-01 1.42161382e-01
5.25211312e+00 5.31649723e-01 2.82629326e-01 1.41314663e-01
5.28394411e+00 5.24918144e-01 2.81034634e-01 1.40517317e-01
5.31577510e+00 5.18085472e-01 2.79524362e-01 1.39762181e-01
5.34760609e+00 5.11153609e-01 2.78087868e-01 1.39043934e-01
5.37943708e+00 5.04128621e-01 2.76710465e-01 1.38355233e-01
5.41126807e+00 4.97014393e-01 2.75375402e-01 1.37687701e-01
5.44309905e+00 4.89816379e-01 2.74068559e-01 1.37034279e-01
5.47493004e+00 4.82541419e-01 2.72773596e-01 1.36386798e-01
5.50676103e+00 4.75194268e-01 2.71470702e-01 1.35735351e-01
5.53859202e+00 4.67784211e-01 2.70144778e-01 1.35072389e-01
5.57042301e+00 4.60318044e-01 2.68776820e-01 1.34388410e-01
5.60225400e+00 4.52802761e-01 2.67347818e-01 1.33673909e-01
5.63408499e+00 4.45247814e-01 2.65842242e-01 1.32921121e-01
5.66591597e+00 4.37661182e-01 2.64242793e-01 1.32121396e-01
5.69774696e+00 4.30052376e-01 2.62532796e-01 1.31266398e-01
5.72957795e+00 4.22429676e-01 2.60697546e-01 1.30348773e-01
5.76140894e+00 4.14801522e-01 2.58721434e-01 1.29360717e-01
5.79323993e+00 4.07179586e-01 2.56593281e-01 1.28296640e-01
5.82507092e+00 3.99570956e-01 2.54300576e-01 1.27150288e-01
5.85690191e+00 3.91984566e-01 2.51833738e-01 1.25916869e-01
5.88873289e+00 3.84431861e-01 2.49185451e-01 1.24592725e-01
5.92056388e+00 3.76920205e-01 2.46349410e-01 1.23174705e-01
5.95239487e+00 3.69459339e-01 2.43321179e-01 1.21660589e-01
5.98422586e+00 3.62057964e-01 2.40100402e-01 1.20050201e-01
6.01605685e+00 3.54724837e-01 2.36687426e-01 1.18343713e-01
6.04788784e+00 3.47469311e-01 2.33087743e-01 1.16543872e-01
6.07971883e+00 3.40298518e-01 2.29305522e-01 1.14652761e-01
6.11154981e+00 3.33220509e-01 2.25350986e-01 1.12675493e-01
6.14338080e+00 3.26243644e-01 2.21237080e-01 1.10618540e-01
6.17521179e+00 3.19375644e-01 2.16980880e-01 1.08490440e-01
6.20704278e+00 3.12622215e-01 2.12598807e-01 1.06299403e-01
6.23887377e+00 3.05991117e-01 2.08116301e-01 1.04058151e-01
6.27070476e+00 2.99488831e-01 2.03558757e-01 1.01779378e-01
6.30253575e+00 2.93120673e-01 1.98956496e-01 9.94782481e-02
6.33436674e+00 2.86892513e-01 1.94343720e-01 9.71718598e-02
6.36619772e+00 2.80809152e-01 1.89758049e-01 9.48790243e-02
6.39802871e+00 2.74875816e-01 1.85240492e-01 9.26202458e-02
6.42985970e+00 2.69096720e-01 1.80836577e-01 9.04182886e-02
6.46169069e+00 2.63475213e-01 1.76593553e-01 8.82967765e-02
6.49352168e+00 2.58015907e-01 1.72562413e-01 8.62812065e-02
6.52535267e+00 2.52721014e-01 1.68793999e-01 8.43969996e-02
6.55718366e+00 2.47593378e-01 1.65340648e-01 8.26703242e-02
6.58901464e+00 2.42635260e-01 1.62253007e-01 8.11265033e-02
6.62084563e+00 2.37848682e-01 1.59579298e-01 7.97896492e-02
6.65267662e+00 2.33235048e-01 1.57361900e-01 7.86809500e-02
6.68450761e+00 2.28795387e-01 1.55637018e-01 7.78185089e-02
6.71633860e+00 2.24530419e-01 1.54431515e-01 7.72157574e-02
6.74816959e+00 2.20440985e-01 1.53761938e-01 7.68809692e-02
6.78000058e+00 2.16526055e-01 1.53632096e-01 7.68160479e-02
6.81183156e+00 2.12786217e-01 1.54034930e-01 7.70174651e-02
6.84366255e+00 2.09221078e-01 1.54950844e-01 7.74754222e-02
6.87549354e+00 2.05828870e-01 1.56347759e-01 7.81738796e-02
6.90732453e+00 2.02608651e-01 1.58185150e-01 7.90925748e-02
6.93915552e+00 1.99558488e-01 1.60413854e-01 8.02069271e-02
6.97098651e+00 1.96677881e-01 1.62980479e-01 8.14902396e-02
7.00281750e+00 1.93963109e-01 1.65824896e-01 8.29124482e-02
7.03464848e+00 1.91413375e-01 1.68888212e-01 8.44441059e-02
7.06647947e+00 1.89025558e-01 1.72108881e-01 8.60544403e-02
7.09831046e+00 1.86796644e-01 1.75426830e-01 8.77134149e-02
7.13014145e+00 1.84724574e-01 1.78784492e-01 8.93922461e-02
7.16197244e+00 1.82805327e-01 1.82125708e-01 9.10628538e-02
7.19380343e+00 1.81037414e-01 1.85399928e-01 9.26999641e-02
7.22563442e+00 1.79415337e-01 1.88555859e-01 9.42779297e-02
7.25746540e+00 1.77937959e-01 1.91550859e-01 9.57754295e-02
7.28929639e+00 1.76599339e-01 1.94340049e-01 9.71700247e-02
7.32112738e+00 1.75397267e-01 1.96887950e-01 9.84439752e-02
7.35295837e+00 1.74328204e-01 1.99159451e-01 9.95797255e-02
7.38478936e+00 1.73387284e-01 2.01122345e-01 1.00561173e-01
7.41662035e+00 1.72571348e-01 2.02750064e-01 1.01375032e-01
7.44845134e+00 1.71876606e-01 2.04018570e-01 1.02009285e-01
7.48028233e+00 1.71297812e-01 2.04904497e-01 1.02452248e-01
7.51211331e+00 1.70832565e-01 2.05392010e-01 1.02696005e-01
7.54394430e+00 1.70475431e-01 2.05463810e-01 1.02731905e-01
7.57577529e+00 1.70223378e-01 2.05109218e-01 1.02554609e-01
7.60760628e+00 1.70071096e-01 2.04316338e-01 1.02158169e-01
7.63943727e+00 1.70015934e-01 2.03080128e-01 1.01540064e-01
7.67126826e+00 1.70051951e-01 2.01393270e-01 1.00696635e-01
7.70309925e+00 1.70176493e-01 1.99255897e-01 9.96279487e-02
7.73493023e+00 1.70384378e-01 1.96666288e-01 9.83331438e-02
7.76676122e+00 1.70672322e-01 1.93628142e-01 9.68140709e-02
7.79859221e+00 1.71035332e-01 1.90144530e-01 9.50722652e-02
7.83042320e+00 1.71470060e-01 1.86223041e-01 9.31115204e-02
7.86225419e+00 1.71971576e-01 1.81870841e-01 9.09354206e-02
7.89408518e+00 1.72535837e-01 1.77098837e-01 8.85494185e-02
7.92591617e+00 1.73159431e-01 1.71919191e-01 8.59595956e-02
7.95774715e+00 1.73837751e-01 1.66345653e-01 8.31728266e-02
7.98957814e+00 1.74566603e-01 1.60392976e-01 8.01964878e-02
8.02140913e+00 1.75342503e-01 1.54078745e-01 7.70393723e-02
8.05324012e+00 1.76160650e-01 1.47420200e-01 7.37101001e-02
8.08507111e+00 1.77017667e-01 1.40437737e-01 7.02188686e-02
8.11690210e+00 1.77909265e-01 1.33151531e-01 6.65757654e-02
8.14873309e+00 1.78830825e-01 1.25582657e-01 6.27913287e-02
8.18056407e+00 1.79779327e-01 1.17755125e-01 5.88775625e-02
8.21239506e+00 1.80750222e-01 1.09692147e-01 5.48460737e-02
8.24422605e+00 1.81740119e-01 1.01418818e-01 5.07094091e-02
8.27605704e+00 1.82744541e-01 9.29606004e-02 4.64803002e-02
8.30788803e+00 1.83759896e-01 8.43441205e-02 4.21720602e-02
8.33971902e+00 1.84782074e-01 7.55970713e-02 3.77985357e-02
8.37155001e+00 1.85807601e-01 6.67490220e-02 3.33745110e-02
8.40338100e+00 1.86832244e-01 5.78313046e-02 2.89156523e-02
8.43521198e+00 1.87852463e-01 4.88793727e-02 2.44396864e-02
8.46704297e+00 1.88864658e-01 3.99375236e-02 1.99687618e-02
8.49887396e+00 1.89864658e-01 3.10695701e-02 1.55347850e-02
8.53070495e+00 1.90849177e-01 2.23979273e-02 1.11989637e-02
8.56253594e+00 1.91814171e-01 1.42721929e-02 7.13609645e-03
8.59436693e+00 1.92756481e-01 8.31873627e-03 4.15936813e-03
8.62619792e+00 1.93671923e-01 9.70522307e-03 4.85261153e-03
8.65802890e+00 1.94557706e-01 1.65220460e-02 8.26102298e-03
8.68985989e+00 1.95409620e-01 2.44592871e-02 1.22296435e-02
8.72169088e+00 1.96224880e-01 3.25773993e-02 1.62886997e-02
8.75352187e+00 1.96999845e-01 4.06446027e-02 2.03223014e-02
8.78535286e+00 1.97731147e-01 4.85701558e-02 2.42850779e-02
8.81718385e+00 1.98415881e-01 5.63049551e-02 2.81524776e-02
8.84901484e+00 1.99050198e-01 6.38150858e-02 3.19075429e-02
8.88084582e+00 1.99631728e-01 7.10754305e-02 3.55377153e-02
8.91267681e+00 2.00157110e-01 7.80641431e-02 3.90320716e-02
8.94450780e+00 2.00623551e-01 8.47627897e-02 4.23813948e-02
8.97633879e+00 2.01027361e-01 9.11541327e-02 4.55770664e-02
9.00816978e+00 2.01367593e-01 9.72268019e-02 4.86134010e-02
9.04000077e+00 2.01639778e-01 1.02965511e-01 5.14827556e-02
9.07183176e+00 2.01842362e-01 1.08361561e-01 5.41807806e-02
9.10366274e+00 2.01972944e-01 1.13406110e-01 5.67030549e-02
9.13549373e+00 2.02028423e-01 1.18091407e-01 5.90457035e-02
9.16732472e+00 2.02007533e-01 1.22413433e-01 6.12067166e-02
9.19915571e+00 2.01907078e-01 1.26367675e-01 6.31838377e-02
9.23098670e+00 2.01726243e-01 1.29954861e-01 6.49774304e-02
9.26281769e+00 2.01461811e-01 1.33173463e-01 6.65867315e-02
9.29464868e+00 2.01113726e-01 1.36029588e-01 6.80147938e-02
9.32647967e+00 2.00678853e-01 1.38525472e-01 6.92627358e-02
9.35831065e+00 2.00156289e-01 1.40669910e-01 7.03349550e-02
9.39014164e+00 1.99544966e-01 1.42473566e-01 7.12367830e-02
9.42197263e+00 1.98843658e-01 1.43948580e-01 7.19742900e-02
9.45380362e+00 1.98050892e-01 1.45109424e-01 7.25547118e-02
9.48563461e+00 1.97166286e-01 1.45974860e-01 7.29874300e-02
9.51746560e+00 1.96188023e-01 1.46563755e-01 7.32818777e-02
9.54929659e+00 1.95116558e-01 1.46902207e-01 7.34511036e-02
9.58112757e+00 1.93951236e-01 1.47016618e-01 7.35083092e-02
9.61295856e+00 1.92691139e-01 1.46935797e-01 7.34678986e-02
9.64478955e+00 1.91336539e-01 1.46694619e-01 7.33473093e-02
9.67662054e+00 1.89886938e-01 1.46328737e-01 7.31643685e-02
9.70845153e+00 1.88342777e-01 1.45878545e-01 7.29392723e-02
9.74028252e+00 1.86704151e-01 1.45387062e-01 7.26935308e-02
9.77211351e+00 1.84971281e-01 1.44899556e-01 7.24497778e-02
9.80394449e+00 1.83145306e-01 1.44464948e-01 7.22324740e-02
9.83577548e+00 1.81226300e-01 1.44132357e-01 7.20661783e-02
9.86760647e+00 1.79214661e-01 1.43951963e-01 7.19759813e-02
9.89943746e+00 1.77112172e-01 1.43975677e-01 7.19878385e-02
9.93126845e+00 1.74918871e-01 1.44250551e-01 7.21252755e-02
9.96309944e+00 1.72636659e-01 1.44824793e-01 7.24123965e-02
9.99493043e+00 1.70266755e-01 1.45740947e-01 7.28704737e-02
1.00267614e+01 1.67809863e-01 1.47034288e-01 7.35171440e-02
1.00585924e+01 1.65268703e-01 1.48737781e-01 7.43688905e-02
1.00904234e+01 1.62643429e-01 1.50871295e-01 7.54356476e-02
1.01222544e+01 1.59937294e-01 1.53451725e-01 7.67258627e-02
1.01540854e+01 1.57150982e-01 1.56483490e-01 7.82417449e-02
1.01859164e+01 1.54286999e-01 1.59964701e-01 7.99823505e-02
1.02177473e+01 1.51347464e-01 1.63885484e-01 8.19427419e-02
1.02495783e+01 1.48334303e-01 1.68228860e-01 8.41144300e-02
1.02814093e+01 1.45249848e-01 1.72971150e-01 8.64855750e-02
1.03132403e+01 1.42095925e-01 1.78084577e-01 8.90422886e-02
1.03450713e+01 1.38875283e-01 1.83537985e-01 9.17689927e-02
1.03769023e+01 1.35591295e-01 1.89298073e-01 9.46490363e-02
1.04087333e+01 1.32246067e-01 1.95328051e-01 9.76640255e-02
1.04405643e+01 1.28842001e-01 2.01590985e-01 1.00795492e-01
1.04723953e+01 1.25382370e-01 2.08050345e-01 1.04025172e-01
1.05042262e+01 1.21869310e-01 2.14667975e-01 1.07333987e-01
1.05360572e+01 1.18306061e-01 2.21408189e-01 1.10704095e-01
1.05678882e+01 1.14696091e-01 2.28236201e-01 1.14118100e-01
1.05997192e+01 1.11042099e-01 2.35117199e-01 1.17558599e-01
1.06315502e+01 1.07346530e-01 2.42016899e-01 1.21008450e-01
1.06633812e+01 1.03614179e-01 2.48906033e-01 1.24453017e-01
1.06952122e+01 9.98468100e-02 2.55752299e-01 1.27876150e-01
1.07270432e+01 9.60486998e-02 2.62528340e-01 1.31264170e-01
1.07588742e+01 9.22225674e-02 2.69205639e-01 1.34602819e-01
1.07907051e+01 8.83720125e-02 2.75758883e-01 1.37879441e-01
1.08225361e+01 8.45007955e-02 2.82163336e-01 1.41081668e-01
1.08543671e+01 8.06128970e-02 2.88397999e-01 1.44199000e-01
1.08861981e+01 7.67104150e-02 2.94437762e-01 1.47218881e-01
1.09180291e+01 7.27983866e-02 3.00265521e-01 1.50132761e-01
1.09498601e+01 6.88800370e-02 3.05861403e-01 1.52930702e-01
1.09816911e+01 6.49588994e-02 3.11207637e-01 1.55603818e-01
1.10135221e+01 6.10394789e-02 3.16289635e-01 1.58144817e-01
1.10453531e+01 5.71249275e-02 3.21091397e-01 1.60545698e-01
1.10771840e+01 5.32186934e-02 3.25598976e-01 1.62799488e-01
1.11090150e+01 4.93259674e-02 3.29802625e-01 1.64901313e-01
1.11408460e+01 4.54493478e-02 3.33688856e-01 1.66844428e-01
1.11726770e+01 4.15938897e-02 3.37249482e-01 1.68624741e-01
1.12045080e+01 3.77630302e-02 3.40477022e-01 1.70238511e-01
1.12363390e+01 3.39603712e-02 3.43362438e-01 1.71681219e-01
1.12681700e+01 3.01906201e-02 3.45902001e-01 1.72951001e-01
1.13000010e+01 2.64572521e-02 3.48088143e-01 1.74044071e-01
1.13318319e+01 2.27652969e-02 3.49920114e-01 1.74960057e-01
1.13636629e+01 1.91182868e-02 3.51395595e-01 1.75697798e-01
1.13954939e+01 1.55194885e-02 3.52511524e-01 1.76255762e-01
1.14273249e+01 1.19742160e-02 3.53268922e-01 1.76634461e-01
1.14591559e+01 8.48573605e-03 3.53667605e-01 1.76833803e-01
1.14909869e+01 5.05842761e-03 3.53711396e-01 1.76855698e-01
1.15228179e+01 1.69615770e-03 3.53401049e-01 1.76700524e-01
1.15546489e+01 -1.59718136e-03 3.52744196e-01 1.76372098e-01
1.15864799e+01 -4.81686317e-03 3.51743490e-01 1.75871745e-01
1.16183108e+01 -7.95970942e-03 3.50405179e-01 1.75202590e-01
1.16501418e+01 -1.10227314e-02 3.48735417e-01 1.74367708e-01
1.16819728e+01 -1.39996987e-02 3.46743403e-01 1.73371701e-01
1.17138038e+01 -1.68891961e-02 3.44436919e-01 1.72218460e-01
1.17456348e+01 -1.96861307e-02 3.41825251e-01 1.70912626e-01
1.17774658e+01 -2.23871535e-02 3.38919198e-01 1.69459599e-01
1.18092968e+01 -2.49884480e-02 3.35728201e-01 1.67864101e-01
1.18411278e+01 -2.74881313e-02 3.32264142e-01 1.66132071e-01
1.18729588e+01 -2.98812558e-02 3.28540181e-01 1.64270091e-01
1.19047897e+01 -3.21647254e-02 3.24568571e-01 1.62284286e-01
1.19366207e+01 -3.43365249e-02 3.20361151e-01 1.60180575e-01
1.19684517e+01 -3.63926932e-02 3.15933555e-01 1.57966778e-01
1.20002827e+01 -3.83303395e-02 3.11296765e-01 1.55648383e-01
1.20321137e+01 -4.01478545e-02 3.06466256e-01 1.53233128e-01
1.20639447e+01 -4.18418158e-02 3.01458199e-01 1.50729100e-01
1.20957757e+01 -4.34098458e-02 2.96284724e-01 1.48142362e-01
1.21276067e+01 -4.48502819e-02 2.90962992e-01 1.45481496e-01
1.21594377e+01 -4.61615623e-02 2.85507750e-01 1.42753875e-01
1.21912686e+01 -4.73400335e-02 2.79932877e-01 1.39966439e-01
1.22230996e+01 -4.83855153e-02 2.74254936e-01 1.37127468e-01
1.22549306e+01 -4.92973057e-02 2.68487357e-01 1.34243679e-01
1.22867616e+01 -5.00728331e-02 2.62647692e-01 1.31323846e-01
1.23185926e+01 -5.07111812e-02 2.56747564e-01 1.28373782e-01
1.23504236e+01 -5.12131714e-02 2.50805331e-01 1.25402665e-01
1.23822546e+01 -5.15765588e-02 2.44832518e-01 1.22416259e-01
1.24140856e+01 -5.18022721e-02 2.38845019e-01 1.19422510e-01
1.24459165e+01 -5.18898046e-02 2.32855535e-01 1.16427768e-01
1.24777475e+01 -5.18390464e-02 2.26877384e-01 1.13438692e-01
1.25095785e+01 -5.16513679e-02 2.20924464e-01 1.10462232e-01
1.25414095e+01 -5.13271484e-02 2.15009029e-01 1.07504515e-01
1.25732405e+01 -5.08676136e-02 2.09143121e-01 1.04571560e-01
1.26050715e+01 -5.02731742e-02 2.03336883e-01 1.01668441e-01
1.26369025e+01 -4.95460609e-02 1.97602189e-01 9.88010945e-02
1.26687335e+01 -4.86883523e-02 1.91949402e-01 9.59747010e-02
1.27005645e+01 -4.77014197e-02 1.86387165e-01 9.31935827e-02
1.27323954e+01 -4.65877906e-02 1.80924867e-01 9.04624333e-02
1.27642264e+01 -4.53495754e-02 1.75569386e-01 8.77846928e-02
1.27960574e+01 -4.39902493e-02 1.70329573e-01 8.51647867e-02
1.28278884e+01 -4.25124411e-02 1.65211233e-01 8.26056163e-02
1.28597194e+01 -4.09194743e-02 1.60220247e-01 8.01101233e-02
1.28915504e+01 -3.92146284e-02 1.55361378e-01 7.76806888e-02
1.29233814e+01 -3.74017957e-02 1.50639291e-01 7.53196455e-02
1.29552124e+01 -3.54845904e-02 1.46056956e-01 7.30284779e-02
1.29870434e+01 -3.34672006e-02 1.41617378e-01 7.08086892e-02
1.30188743e+01 -3.13539231e-02 1.37322261e-01 6.86611307e-02
1.30507053e+01 -2.91491197e-02 1.33173178e-01 6.65865888e-02
1.30825363e+01 -2.68573108e-02 1.29170373e-01 6.45851867e-02
1.31143673e+01 -2.44833553e-02 1.25313536e-01 6.26567680e-02
1.31461983e+01 -2.20320361e-02 1.21602369e-01 6.08011846e-02
1.31780293e+01 -1.95084680e-02 1.18035230e-01 5.90176151e-02
1.32098603e+01 -1.69174850e-02 1.14610280e-01 5.73051400e-02
1.32416913e+01 -1.42645862e-02 1.11325453e-01 5.56627265e-02
1.32735223e+01 -1.15547860e-02 1.08177754e-01 5.40888771e-02
1.33053532e+01 -8.79360718e-03 1.05164274e-01 5.25821370e-02
1.33371842e+01 -5.98629287e-03 1.02281636e-01 5.11408181e-02
1.33690152e+01 -3.13839155e-03 9.95264473e-02 4.97632237e-02
1.34008462e+01 -2.55326599e-04 9.68950612e-02 4.84475306e-02
1.34326772e+01 2.65764483e-03 9.43837749e-02 4.71918875e-02
1.34645082e+01 5.59502545e-03 9.19890459e-02 4.59945230e-02
1.34963392e+01 8.55140278e-03 8.97070978e-02 4.48535489e-02
1.35281702e+01 1.15215054e-02 8.75346606e-02 4.37673303e-02
1.35600012e+01 1.45000966e-02 8.54683471e-02 4.27341736e-02
1.35918321e+01 1.74818410e-02 8.35053908e-02 4.17526954e-02
1.36236631e+01 2.04618666e-02 8.16428646e-02 4.08214323e-02
1.36554941e+01 2.34349858e-02 7.98786146e-02 3.99393073e-02
1.36873251e+01 2.63966746e-02 7.82104553e-02 3.91052276e-02
1.37191561e+01 2.93418714e-02 7.66367945e-02 3.83183973e-02
1.37509871e+01 3.22662545e-02 7.51564435e-02 3.75782218e-02
1.37828181e+01 3.51652363e-02 7.37684404e-02 3.68842202e-02
1.38146491e+01 3.80348613e-02 7.24722402e-02 3.62361201e-02
1.38464800e+01 4.08707128e-02 7.12678472e-02 3.56339236e-02
1.38783110e+01 4.36693598e-02 7.01554778e-02 3.50777389e-02
1.39101420e+01 4.64270235e-02 6.91353192e-02 3.45676596e-02
1.39419730e+01 4.91400456e-02 6.82084189e-02 3.41042095e-02
1.39738040e+01 5.18054738e-02 6.73754569e-02 3.36877285e-02
1.40056350e+01 5.44203068e-02 6.66377726e-02 3.33188863e-02
1.40374660e+01 5.69815749e-02 6.59959924e-02 3.29979962e-02
1.40692970e+01 5.94870631e-02 6.54514846e-02 3.27257423e-02
1.41011280e+01 6.19342025e-02 6.50053824e-02 3.25026912e-02
1.41329589e+01 6.43210519e-02 6.46580898e-02 3.23290449e-02
1.41647899e+01 6.66457637e-02 6.44105309e-02 3.22052654e-02
1.41966209e+01 6.89068252e-02 6.42627646e-02 3.21313823e-02
1.42284519e+01 7.11027040e-02 6.42145748e-02 3.21072874e-02
1.42602829e+01 7.32323830e-02 6.42656448e-02 3.21328224e-02
1.42921139e+01 7.52950546e-02 6.44149445e-02 3.22074722e-02
1.43239449e+01 7.72897185e-02 6.46607623e-02 3.23303811e-02
1.43557759e+01 7.92162786e-02 6.50013629e-02 3.25006815e-02
1.43876069e+01 8.10740424e-02 6.54339804e-02 3.27169902e-02
1.44194378e+01 8.28633146e-02 6.59558585e-02 3.29779293e-02
1.44512688e+01 8.45841949e-02 6.65635443e-02 3.32817721e-02
1.44830998e+01 8.62366890e-02 6.72529863e-02 3.36264932e-02
1.45149308e+01 8.78214838e-02 6.80200878e-02 3.40100439e-02
1.45467618e+01 8.93391960e-02 6.88602515e-02 3.44301258e-02
1.45785928e+01 9.07905654e-02 6.97686001e-02 3.48843000e-02
1.46104238e+01 9.21764225e-02 7.07399443e-02 3.53699721e-02
1.46422548e+01 9.34978750e-02 7.17692181e-02 3.58846091e-02
1.46740858e+01 9.47561026e-02 7.28508979e-02 3.64254490e-02
1.47059167e+01 9.59521227e-02 7.39794618e-02 3.69897309e-02
1.47377477e+01 9.70874490e-02 7.51496015e-02 3.75748007e-02
1.47695787e+01 9.81632644e-02 7.63556137e-02 3.81778069e-02
1.48014097e+01 9.91812125e-02 7.75923184e-02 3.87961592e-02
1.48332407e+01 1.00142711e-01 7.88543504e-02 3.94271752e-02
1.48650717e+01 1.01048967e-01 8.01361681e-02 4.00680840e-02
1.48969027e+01 1.01901806e-01 8.14331713e-02 4.07165857e-02
1.49287337e+01 1.02702553e-01 8.27400775e-02 4.13700387e-02
1.49605647e+01 1.03452709e-01 8.40523320e-02 4.20261660e-02
1.49923956e+01 1.04153651e-01 8.53653976e-02 4.26826988e-02
1.50242266e+01 1.04806801e-01 8.66750088e-02 4.33375044e-02
1.50560576e+01 1.05413699e-01 8.79771742e-02 4.39885871e-02
1.50878886e+01 1.05975397e-01 8.92681882e-02 4.46340941e-02
1.51197196e+01 1.06493188e-01 9.05445058e-02 4.52722529e-02
1.51515506e+01 1.06968144e-01 9.18027601e-02 4.59013801e-02
1.51833816e+01 1.07401336e-01 9.30402698e-02 4.65201349e-02
1.52152126e+01 1.07793547e-01 9.42543438e-02 4.71271719e-02
1.52470435e+01 1.08145948e-01 9.54427699e-02 4.77213849e-02
1.52788745e+01 1.08458857e-01 9.66034539e-02 4.83017270e-02
1.53107055e+01 1.08733241e-01 9.77349469e-02 4.88674735e-02
1.53425365e+01 1.08969150e-01 9.88358963e-02 4.94179481e-02
1.53743675e+01 1.09167185e-01 9.99052417e-02 4.99526209e-02
1.54061985e+01 1.09327381e-01 1.00942624e-01 5.04713119e-02
1.54380295e+01 1.09449871e-01 1.01947898e-01 5.09739490e-02
1.54698605e+01 1.09534856e-01 1.02920919e-01 5.14604595e-02
1.55016915e+01 1.09581923e-01 1.03862550e-01 5.19312749e-02
1.55335224e+01 1.09590583e-01 1.04773617e-01 5.23868086e-02
1.55653534e+01 1.09560765e-01 1.05655391e-01 5.28276957e-02
1.55971844e+01 1.09491638e-01 1.06509625e-01 5.32548125e-02
1.56290154e+01 1.09382862e-01 1.07338333e-01 5.36691665e-02
1.56608464e+01 1.09233405e-01 1.08144080e-01 5.40720400e-02
1.56926774e+01 1.09042536e-01 1.08929790e-01 5.44648952e-02
1.57245084e+01 1.08809135e-01 1.09698581e-01 5.48492907e-02
1.57563394e+01 1.08532356e-01 1.10454093e-01 5.52270463e-02
1.57881704e+01 1.08211157e-01 1.11200292e-01 5.56001460e-02
1.58200013e+01 1.07844166e-01 1.11941465e-01 5.59707324e-02
1.58518323e+01 1.07430253e-01 1.12682245e-01 5.63411227e-02
1.58836633e+01 1.06968146e-01 1.13427601e-01 5.67138003e-02
1.59154943e+01 1.06456583e-01 1.14182556e-01 5.70912779e-02
1.59473253e+01 1.05894268e-01 1.14952635e-01 5.74763176e-02
1.59791563e+01 1.05279861e-01 1.15743344e-01 5.78716720e-02
1.60109873e+01 1.04612220e-01 1.16560552e-01 5.82802761e-02
1.60428183e+01 1.03889905e-01 1.17409956e-01 5.87049778e-02
1.60746493e+01 1.03111683e-01 1.18297253e-01 5.91486264e-02
1.61064802e+01 1.02276476e-01 1.19228486e-01 5.96142428e-02
1.61383112e+01 1.01383136e-01 1.20209060e-01 6.01045302e-02
1.61701422e+01 1.00430609e-01 1.21244578e-01 6.06222892e-02
1.62019732e+01 9.94178388e-02 1.22340033e-01 6.11700166e-02
1.62338042e+01 9.83442261e-02 1.23500441e-01 6.17502204e-02
1.62656352e+01 9.72087911e-02 1.24730117e-01 6.23650584e-02
1.62974662e+01 9.60109208e-02 1.26032779e-01 6.30163893e-02
1.63292972e+01 9.47501984e-02 1.27411898e-01 6.37059490e-02
1.63611281e+01 9.34262824e-02 1.28869926e-01 6.44349632e-02
1.63929591e+01 9.20389203e-02 1.30408963e-01 6.52044816e-02
1.64247901e+01 9.05882194e-02 1.32029946e-01 6.60149732e-02
1.64566211e+01 8.90740153e-02 1.33733115e-01 6.68665576e-02
1.64884521e+01 8.74968201e-02 1.35517975e-01 6.77589877e-02
1.65202831e+01 8.58570379e-02 1.37382968e-01 6.86914842e-02
1.65521141e+01 8.41554146e-02 1.39325782e-01 6.96628909e-02
1.65839451e+01 8.23927334e-02 1.41342993e-01 7.06714967e-02
1.66157761e+01 8.05701004e-02 1.43430552e-01 7.17152760e-02
1.66476070e+01 7.86885895e-02 1.45583353e-01 7.27916766e-02
1.66794380e+01 7.67496478e-02 1.47795509e-01 7.38977547e-02
1.67112690e+01 7.47549815e-02 1.50060176e-01 7.50300879e-02
1.67431000e+01 7.27063217e-02 1.52370085e-01 7.61850427e-02
1.67749310e+01 7.06057536e-02 1.54717043e-01 7.73585217e-02
1.68067620e+01 6.84551793e-02 1.57091951e-01 7.85459755e-02
1.68385930e+01 6.62571830e-02 1.59485629e-01 7.97428146e-02
1.68704240e+01 6.40142859e-02 1.61888178e-01 8.09440891e-02
1.69022550e+01 6.17289713e-02 1.64288934e-01 8.21444671e-02
1.69340859e+01 5.94041142e-02 1.66677371e-01 8.33386855e-02
1.69659169e+01 5.70428234e-02 1.69042492e-01 8.45212458e-02
1.69977479e+01 5.46480181e-02 1.71372783e-01 8.56863914e-02
1.70295789e+01 5.22230030e-02 1.73656998e-01 8.68284990e-02
1.70614099e+01 4.97712282e-02 1.75883400e-01 8.79417000e-02
1.70932409e+01 4.72959478e-02 1.78040645e-01 8.90203227e-02
1.71250719e+01 4.48008456e-02 1.80117380e-01 9.00586901e-02
1.71569029e+01 4.22893716e-02 1.82101857e-01 9.10509284e-02
1.71887339e+01 3.97652980e-02 1.83983537e-01 9.19917685e-02
1.72205648e+01 3.72324794e-02 1.85751252e-01 9.28756260e-02
1.72523958e+01 3.46944921e-02 1.87394770e-01 9.36973850e-02
1.72842268e+01 3.21551525e-02 1.88904103e-01 9.44520516e-02
1.73160578e+01 2.96181762e-02 1.90269498e-01 9.51347492e-02
1.73478888e+01 2.70874996e-02 1.91482431e-01 9.57412155e-02
1.73797198e+01 2.45665854e-02 1.92534608e-01 9.62673038e-02
1.74115508e+01 2.20596419e-02 1.93418484e-01 9.67092420e-02
1.74433818e+01 1.95698158e-02 1.94127329e-01 9.70636644e-02
1.74752128e+01 1.71011068e-02 1.94654839e-01 9.73274196e-02
1.75070437e+01 1.46565417e-02 1.94997065e-01 9.74985324e-02
1.75388747e+01 1.22401264e-02 1.95149106e-01 9.75745531e-02
1.75707057e+01 9.85418628e-03 1.95109543e-01 9.75547715e-02
1.76025367e+01 7.50322656e-03 1.94874447e-01 9.74372237e-02
1.76343677e+01 5.18931978e-03 1.94445109e-01 9.72225544e-02
1.76661987e+01 2.91596650e-03 1.93821235e-01 9.69106173e-02
1.76980297e+01 6.85422512e-04 1.93005086e-01 9.65025431e-02
1.77298607e+01 -1.49924761e-03 1.92000454e-01 9.60002269e-02
1.77616916e+01 -3.63585128e-03 1.90811101e-01 9.54055507e-02
1.77935226e+01 -5.72220221e-03 1.89444542e-01 9.47222709e-02
1.78253536e+01 -7.75603831e-03 1.87907498e-01 9.39537489e-02
1.78571846e+01 -9.73510380e-03 1.86209243e-01 9.31046216e-02
1.78890156e+01 -1.16583118e-02 1.84361608e-01 9.21808038e-02
1.79208466e+01 -1.35241586e-02 1.82376913e-01 9.11884567e-02
1.79526776e+01 -1.53309696e-02 1.80268969e-01 9.01344843e-02
1.79845086e+01 -1.70777655e-02 1.78053728e-01 8.90268642e-02
1.80163396e+01 -1.87635037e-02 1.75748978e-01 8.78744892e-02
1.80481705e+01 -2.03876975e-02 1.73373678e-01 8.66868391e-02
1.80800015e+01 -2.19496205e-02 1.70948589e-01 8.54742945e-02
1.81118325e+01 -2.34490134e-02 1.68495989e-01 8.42479944e-02
1.81436635e+01 -2.48857323e-02 1.66039338e-01 8.30196689e-02
1.81754945e+01 -2.62599376e-02 1.63603508e-01 8.18017541e-02
1.82073255e+01 -2.75715826e-02 1.61214224e-01 8.06071118e-02
1.82391565e+01 -2.88210514e-02 1.58897753e-01 7.94488764e-02
1.82709875e+01 -3.00092540e-02 1.56680754e-01 7.83403771e-02
1.83028185e+01 -3.11366263e-02 1.54589906e-01 7.72949530e-02
1.83346494e+01 -3.22042552e-02 1.52651096e-01 7.63255481e-02
1.83664804e+01 -3.32127726e-02 1.50889131e-01 7.54445654e-02
1.83983114e+01 -3.41635116e-02 1.49327157e-01 7.46635786e-02
1.84301424e+01 -3.50577676e-02 1.47985925e-01 7.39929626e-02
1.84619734e+01 -3.58968738e-02 1.46882878e-01 7.34414389e-02
1.84938044e+01 -3.66821889e-02 1.46032039e-01 7.30160193e-02
1.85256354e+01 -3.74154314e-02 1.45443908e-01 7.27219542e-02
1.85574664e+01 -3.80980927e-02 1.45123633e-01 7.25618165e-02
1.85892974e+01 -3.87317902e-02 1.45072235e-01 7.25361173e-02
1.86211283e+01 -3.93183691e-02 1.45285678e-01 7.26428391e-02
1.86529593e+01 -3.98594532e-02 1.45755479e-01 7.28777397e-02
1.86847903e+01 -4.03570203e-02 1.46468710e-01 7.32343548e-02
1.87166213e+01 -4.08126249e-02 1.47408176e-01 7.37040881e-02
1.87484523e+01 -4.12284974e-02 1.48553802e-01 7.42769012e-02
1.87802833e+01 -4.16060532e-02 1.49881977e-01 7.49409883e-02
1.88121143e+01 -4.19470805e-02 1.51367056e-01 7.56835280e-02
1.88439453e+01 -4.22538098e-02 1.52981846e-01 7.64909230e-02
1.88757763e+01 -4.25273533e-02 1.54698080e-01 7.73490401e-02
1.89076072e+01 -4.27698087e-02 1.56487127e-01 7.82435633e-02
1.89394382e+01 -4.29827114e-02 1.58320411e-01 7.91602055e-02
1.89712692e+01 -4.31674580e-02 1.60169318e-01 8.00846592e-02
1.90031002e+01 -4.33257291e-02 1.62006649e-01 8.10033244e-02
1.90349312e+01 -4.34589213e-02 1.63805969e-01 8.19029846e-02
1.90667622e+01 -4.35682287e-02 1.65541947e-01 8.27709736e-02
1.90985932e+01 -4.36551490e-02 1.67191396e-01 8.35956979e-02
1.91304242e+01 -4.37206298e-02 1.68732033e-01 8.43660164e-02
1.91622551e+01 -4.37659476e-02 1.70143589e-01 8.50717947e-02
1.91940861e+01 -4.37918544e-02 1.71407354e-01 8.57036768e-02
1.92259171e+01 -4.37992852e-02 1.72506521e-01 8.62532607e-02
1.92577481e+01 -4.37891499e-02 1.73425793e-01 8.67128966e-02
1.92895791e+01 -4.37619289e-02 1.74151988e-01 8.70759939e-02
1.93214101e+01 -4.37183867e-02 1.74673451e-01 8.73367253e-02
1.93532411e+01 -4.36588833e-02 1.74980010e-01 8.74900051e-02
1.93850721e+01 -4.35839371e-02 1.75063760e-01 8.75318800e-02
1.94169031e+01 -4.34936679e-02 1.74917648e-01 8.74588238e-02
1.94487340e+01 -4.33883666e-02 1.74536629e-01 8.72683143e-02
1.94805650e+01 -4.32683679e-02 1.73917573e-01 8.69587863e-02
1.95123960e+01 -4.31333748e-02 1.73057980e-01 8.65289900e-02
1.95442270e+01 -4.29834507e-02 1.71956941e-01 8.59784704e-02
1.95760580e+01 -4.28186587e-02 1.70615639e-01 8.53078195e-02
1.96078890e+01 -4.26387522e-02 1.69035885e-01 8.45179425e-02
1.96397200e+01 -4.24435482e-02 1.67220860e-01 8.36104301e-02
1.96715510e+01 -4.22328254e-02 1.65175175e-01 8.25875877e-02
1.97033820e+01 -4.20062426e-02 1.62904002e-01 8.14520012e-02
1.97352129e+01 -4.17633986e-02 1.60414160e-01 8.02070798e-02
1.97670439e+01 -4.15040312e-02 1.57713232e-01 7.88566162e-02
1.97988749e+01 -4.12279097e-02 1.54809782e-01 7.74048912e-02
1.98307059e+01 -4.09345066e-02 1.51713345e-01 7.58566723e-02
1.98625369e+01 -4.06234110e-02 1.48433947e-01 7.42169736e-02
1.98943679e+01 -4.02944335e-02 1.44982524e-01 7.24912621e-02
1.99261989e+01 -3.99471253e-02 1.41371231e-01 7.06856157e-02
1.99580299e+01 -3.95811454e-02 1.37612165e-01 6.88060823e-02
1.99898609e+01 -3.91963800e-02 1.33718223e-01 6.68591115e-02
2.00216918e+01 -3.87922666e-02 1.29703187e-01 6.48515933e-02
2.00535228e+01 -3.83690910e-02 1.25580876e-01 6.27904379e-02
2.00853538e+01 -3.79262117e-02 1.21365872e-01 6.06829359e-02
2.01171848e+01 -3.74637570e-02 1.17073204e-01 5.85366022e-02
2.01490158e+01 -3.69817465e-02 1.12718142e-01 5.63590710e-02
2.01808468e+01 -3.64800785e-02 1.08316376e-01 5.41581882e-02
2.02126778e+01 -3.59589678e-02 1.03884128e-01 5.19420638e-02
2.02445088e+01 -3.54186293e-02 9.94378073e-02 4.97189037e-02
2.02763397e+01 -3.48590882e-02 9.49942571e-02 4.74971285e-02
2.03081707e+01 -3.42810080e-02 9.05709492e-02 4.52854746e-02
2.03400017e+01 -3.36847110e-02 8.61853735e-02 4.30926868e-02
2.03718327e+01 -3.30705383e-02 8.18559618e-02 4.09279809e-02
2.04036637e+01 -3.24392609e-02 7.76016479e-02 3.88008239e-02
2.04354947e+01 -3.17916432e-02 7.34418694e-02 3.67209347e-02
2.04673257e+01 -3.11283179e-02 6.93967549e-02 3.46983774e-02
2.04991567e+01 -3.04501556e-02 6.54879230e-02 3.27439615e-02
2.05309877e+01 -2.97579904e-02 6.17368300e-02 3.08684150e-02
2.05628186e+01 -2.90530936e-02 5.81672382e-02 2.90836191e-02
2.05946496e+01 -2.83362797e-02 5.48023491e-02 2.74011745e-02
2.06264806e+01 -2.76089578e-02 5.16669652e-02 2.58334826e-02
2.06583116e+01 -2.68721136e-02 4.87857472e-02 2.43928736e-02
2.06901426e+01 -2.61271751e-02 4.61824910e-02 2.30912455e-02
2.07219736e+01 -2.53753934e-02 4.38792439e-02 2.19396219e-02
2.07538046e+01 -2.46183041e-02 4.18945416e-02 2.09472708e-02
2.07856356e+01 -2.38571587e-02 4.02413973e-02 2.01206986e-02
2.08174666e+01 -2.30936742e-02 3.89252549e-02 1.94626274e-02
2.08492975e+01 -2.23291098e-02 3.79430480e-02 1.89715240e-02
2.08811285e+01 -2.15651141e-02 3.72813088e-02 1.86406544e-02
2.09129595e+01 -2.08031909e-02 3.69174857e-02 1.84587429e-02
2.09447905e+01 -2.00449199e-02 3.68206286e-02 1.84103143e-02
2.09766215e+01 -1.92919946e-02 3.69540734e-02 1.84770367e-02
2.10084525e+01 -1.85457292e-02 3.72785133e-02 1.86392567e-02
2.10402835e+01 -1.78078424e-02 3.77535470e-02 1.88767735e-02
2.10721145e+01 -1.70796738e-02 3.83406739e-02 1.91703370e-02
2.11039455e+01 -1.63629420e-02 3.90045278e-02 1.95022639e-02
2.11357764e+01 -1.56590310e-02 3.97129675e-02 1.98564838e-02
2.11676074e+01 -1.49692043e-02 4.04386867e-02 2.02193433e-02
2.11994384e+01 -1.42950228e-02 4.11579994e-02 2.05789997e-02
2.12312694e+01 -1.36378007e-02 4.18512044e-02 2.09256022e-02
2.12631004e+01 -1.29985174e-02 4.25020368e-02 2.12510184e-02
2.12949314e+01 -1.23786642e-02 4.30973057e-02 2.15486528e-02
2.13267624e+01 -1.17791257e-02 4.36268853e-02 2.18134427e-02
2.13585934e+01 -1.12010771e-02 4.40822354e-02 2.20411177e-02
2.13904244e+01 -1.06454536e-02 4.44576227e-02 2.22288114e-02
2.14222553e+01 -1.01129882e-02 4.47482819e-02 2.23741409e-02
2.14540863e+01 -9.60457180e-03 4.49516052e-02 2.24758026e-02
2.14859173e+01 -9.12075418e-03 4.50655573e-02 2.25327787e-02
2.15177483e+01 -8.66225565e-03 4.50895959e-02 2.25447980e-02
2.15495793e+01 -8.22939846e-03 4.50240612e-02 2.25120306e-02
2.15814103e+01 -7.82276140e-03 4.48700075e-02 2.24350037e-02
2.16132413e+01 -7.44226992e-03 4.46290893e-02 2.23145447e-02
2.16450723e+01 -7.08823932e-03 4.43039466e-02 2.21519733e-02
2.16769032e+01 -6.76100513e-03 4.38968117e-02 2.19484058e-02
2.17087342e+01 -6.46019642e-03 4.34109658e-02 2.17054829e-02
2.17405652e+01 -6.18580626e-03 4.28504745e-02 2.14252372e-02
2.17723962e+01 -5.93757558e-03 4.22187030e-02 2.11093515e-02
2.18042272e+01 -5.71518844e-03 4.15200373e-02 2.07600186e-02
2.18360582e+01 -5.51831626e-03 4.07585544e-02 2.03792772e-02
2.18678892e+01 -5.34625136e-03 3.99389637e-02 1.99694819e-02
2.18997202e+01 -5.19844400e-03 3.90659319e-02 1.95329659e-02
2.19315512e+01 -5.07443292e-03 3.81440911e-02 1.90720456e-02
2.19633821e+01 -4.97313761e-03 3.71782499e-02 1.85891249e-02
2.19952131e+01 -4.89391863e-03 3.61734779e-02 1.80867390e-02
2.20270441e+01 -4.83592724e-03 3.51343926e-02 1.75671963e-02
2.20588751e+01 -4.79805173e-03 3.40664550e-02 1.70332275e-02
2.20907061e+01 -4.77939952e-03 3.29740780e-02 1.64870390e-02
2.21225371e+01 -4.77889402e-03 3.18623383e-02 1.59311691e-02
2.21543681e+01 -4.79520894e-03 3.07364652e-02 1.53682326e-02
2.21861991e+01 -4.82740911e-03 2.96010246e-02 1.48005123e-02
2.22180301e+01 -4.87436347e-03 2.84607987e-02 1.42303994e-02
2.22498610e+01 -4.93465980e-03 2.73206163e-02 1.36603081e-02
2.22816920e+01 -5.00720748e-03 2.61852878e-02 1.30926439e-02
2.23135230e+01 -5.09085589e-03 2.50590250e-02 1.25295125e-02
2.23453540e+01 -5.18415865e-03 2.39465072e-02 1.19732536e-02
2.23771850e+01 -5.28594871e-03 2.28520076e-02 1.14260038e-02
2.24090160e+01 -5.39499139e-03 2.17797902e-02 1.08898951e-02
2.24408470e+01 -5.51010699e-03 2.07338238e-02 1.03669119e-02
2.24726780e+01 -5.62998753e-03 1.97178058e-02 9.85890288e-03
2.25045090e+01 -5.75354935e-03 1.87357877e-02 9.36789385e-03
2.25363399e+01 -5.87956978e-03 1.77910878e-02 8.89554389e-03
2.25681709e+01 -6.00696770e-03 1.68868037e-02 8.44340186e-03
2.26000019e+01 -6.13458677e-03 1.60258807e-02 8.01294037e-03
2.26318329e+01 -6.26132122e-03 1.52109407e-02 7.60547033e-03
2.26636639e+01 -6.38639384e-03 1.44441653e-02 7.22208263e-03
2.26954949e+01 -6.50859777e-03 1.37271881e-02 6.86359404e-03
2.27273259e+01 -6.62718740e-03 1.30609999e-02 6.53049997e-03
2.27591569e+01 -6.74119596e-03 1.24464369e-02 6.22321843e-03
2.27909879e+01 -6.84996630e-03 1.18829711e-02 5.94148553e-03
2.28228188e+01 -6.95274651e-03 1.13699019e-02 5.68495093e-03
2.28546498e+01 -7.04872145e-03 1.09057707e-02 5.45288536e-03
2.28864808e+01 -7.13744884e-03 1.04878349e-02 5.24391746e-03
2.29183118e+01 -7.21825255e-03 1.01133786e-02 5.05668931e-03
2.29501428e+01 -7.29075348e-03 9.77863705e-03 4.88931852e-03
2.29819738e+01 -7.35444612e-03 9.47943470e-03 4.73971735e-03
2.30138048e+01 -7.40907140e-03 9.21131458e-03 4.60565729e-03
2.30456358e+01 -7.45427801e-03 8.96959948e-03 4.48479974e-03
2.30774667e+01 -7.48980435e-03 8.74962175e-03 4.37481088e-03
2.31092977e+01 -7.51549245e-03 8.54679511e-03 4.27339756e-03
2.31411287e+01 -7.53128228e-03 8.35676393e-03 4.17838196e-03
2.31729597e+01 -7.53708393e-03 8.17559123e-03 4.08779561e-03
2.32047907e+01 -7.53287776e-03 7.99975536e-03 3.99987768e-03
2.32366217e+01 -7.51878766e-03 7.82610981e-03 3.91305491e-03
2.32684527e+01 -7.49485679e-03 7.65212500e-03 3.82606250e-03
2.33002837e+01 -7.46119890e-03 7.47568735e-03 3.73784367e-03
2.33321147e+01 -7.41807241e-03 7.29513710e-03 3.64756855e-03
2.33639456e+01 -7.36567220e-03 7.10928940e-03 3.55464470e-03
2.33957766e+01 -7.30432026e-03 6.91739046e-03 3.45869523e-03
2.34276076e+01 -7.23427113e-03 6.71901859e-03 3.35950929e-03
2.34594386e+01 -7.15589316e-03 6.51411951e-03 3.25705975e-03
2.34912696e+01 -7.06952772e-03 6.30293305e-03 3.15146652e-03
2.35231006e+01 -6.97559813e-03 6.08598320e-03 3.04299160e-03
2.35549316e+01 -6.87450629e-03 5.86400420e-03 2.93200210e-03
2.35867626e+01 -6.76666164e-03 5.63790898e-03 2.81895449e-03
2.36185936e+01 -6.65252544e-03 5.40883421e-03 2.70441711e-03
2.36504245e+01 -6.53256718e-03 5.17801432e-03 2.58900716e-03
2.36822555e+01 -6.40721716e-03 4.94681174e-03 2.47340587e-03
2.37140865e+01 -6.27697520e-03 4.71671488e-03 2.35835744e-03
2.37459175e+01 -6.14230065e-03 4.48922902e-03 2.24461451e-03
2.37777485e+01 -6.00365037e-03 4.26597002e-03 2.13298501e-03
2.38095795e+01 -5.86152164e-03 4.04854447e-03 2.02427223e-03
2.38414105e+01 -5.71636372e-03 3.83860565e-03 1.91930283e-03
2.38732415e+01 -5.56862650e-03 3.63773879e-03 1.81886940e-03
2.39050725e+01 -5.41875418e-03 3.44755404e-03 1.72377702e-03
2.39369034e+01 -5.26718718e-03 3.26953529e-03 1.63476764e-03
2.39687344e+01 -5.11432485e-03 3.10503360e-03 1.55251680e-03
2.40005654e+01 -4.96058043e-03 2.95528486e-03 1.47764243e-03
2.40323964e+01 -4.80635705e-03 2.82123072e-03 1.41061536e-03
2.40642274e+01 -4.65198445e-03 2.70351779e-03 1.35175890e-03
2.40960584e+01 -4.49784608e-03 2.60248258e-03 1.30124129e-03
2.41278894e+01 -4.34425037e-03 2.51802408e-03 1.25901204e-03
2.41597204e+01 -4.19152020e-03 2.44966195e-03 1.22483097e-03
2.41915513e+01 -4.03994252e-03 2.39650987e-03 1.19825493e-03
2.42233823e+01 -3.88977955e-03 2.35736543e-03 1.17868271e-03
2.42552133e+01 -3.74127965e-03 2.33075496e-03 1.16537748e-03
2.42870443e+01 -3.59467639e-03 2.31508446e-03 1.15754223e-03
2.43188753e+01 -3.45017150e-03 2.30869809e-03 1.15434905e-03
2.43507063e+01 -3.30795109e-03 2.30998590e-03 1.15499295e-03
2.43825373e+01 -3.16818366e-03 2.31746574e-03 1.15873287e-03
2.44143683e+01 -3.03102099e-03 2.32982942e-03 1.16491471e-03
2.44461993e+01 -2.89659231e-03 2.34595739e-03 1.17297870e-03
2.44780302e+01 -2.76501457e-03 2.36493753e-03 1.18246876e-03
2.45098612e+01 -2.63637553e-03 2.38604462e-03 1.19302231e-03
2.45416922e+01 -2.51076392e-03 2.40873993e-03 1.20436996e-03
2.45735232e+01 -2.38825941e-03 2.43264890e-03 1.21632445e-03
2.46053542e+01 -2.26889599e-03 2.45748194e-03 1.22874097e-03
2.46371852e+01 -2.15273945e-03 2.48309205e-03 1.24154603e-03
2.46690162e+01 -2.03980709e-03 2.50935481e-03 1.25467741e-03
2.47008472e+01 -1.93012648e-03 2.53620926e-03 1.26810463e-03
2.47326782e+01 -1.82372041e-03 2.56361003e-03 1.28180501e-03
2.47645091e+01 -1.72058276e-03 2.59148579e-03 1.29574290e-03
2.47963401e+01 -1.62072653e-03 2.61978395e-03 1.30989198e-03
2.48281711e+01 -1.52413728e-03 2.64839697e-03 1.32419848e-03
2.48600021e+01 -1.43081512e-03 2.67715130e-03 1.33857565e-03
2.48918331e+01 -1.34074608e-03 2.70589710e-03 1.35294855e-03
2.49236641e+01 -1.25391640e-03 2.73437677e-03 1.36718838e-03
2.49554951e+01 -1.17029965e-03 2.76233591e-03 1.38116796e-03
2.49873261e+01 -1.08988403e-03 2.78947247e-03 1.39473623e-03
2.50191571e+01 -1.01265418e-03 2.81544232e-03 1.40772116e-03
2.50509880e+01 -9.38588742e-04 2.83989910e-03 1.41994955e-03
2.50828190e+01 -8.67668759e-04 2.86248848e-03 1.43124424e-03
2.51146500e+01 -7.99877171e-04 2.88284480e-03 1.44142240e-03
2.51464810e+01 -7.35198182e-04 2.90061604e-03 1.45030802e-03
2.51783120e+01 -6.73615362e-04 2.91546352e-03 1.45773176e-03
2.52101430e+01 -6.15114306e-04 2.92707405e-03 1.46353703e-03
2.52419740e+01 -5.59685004e-04 2.93516984e-03 1.46758492e-03
2.52738050e+01 -5.07313758e-04 2.93949721e-03 1.46974860e-03
2.53056360e+01 -4.57990634e-04 2.93985591e-03 1.46992796e-03
2.53374669e+01 -4.11708202e-04 2.93608371e-03 1.46804185e-03
2.53692979e+01 -3.68454961e-04 2.92806741e-03 1.46403371e-03
2.54011289e+01 -3.28224972e-04 2.91573956e-03 1.45786978e-03
2.54329599e+01 -2.91010905e-04 2.89908725e-03 1.44954362e-03
2.54647909e+01 -2.56803915e-04 2.87813648e-03 1.43906824e-03
2.54966219e+01 -2.25593827e-04 2.85297195e-03 1.42648597e-03
2.55284529e+01 -1.97371606e-04 2.82371836e-03 1.41185918e-03
2.55602839e+01 -1.72124995e-04 2.79054694e-03 1.39527347e-03
2.55921148e+01 -1.49839522e-04 2.75366813e-03 1.37683406e-03
2.56239458e+01 -1.30497262e-04 2.71333382e-03 1.35666691e-03
2.56557768e+01 -1.14076864e-04 2.66982636e-03 1.33491318e-03
2.56876078e+01 -1.00557469e-04 2.62346336e-03 1.31173168e-03
2.57194388e+01 -8.99087301e-05 2.57458703e-03 1.28729351e-03
2.57512698e+01 -8.20974094e-05 2.52356385e-03 1.26178192e-03
2.57831008e+01 -7.70854243e-05 2.47077542e-03 1.23538771e-03
2.58149318e+01 -7.48279816e-05 2.41662212e-03 1.20831106e-03
2.58467628e+01 -7.52739564e-05 2.36150944e-03 1.18075472e-03
2.58785937e+01 -7.83701263e-05 2.30585188e-03 1.15292594e-03
2.59104247e+01 -8.40495129e-05 2.25006223e-03 1.12503111e-03
2.59422557e+01 -9.22437477e-05 2.19455173e-03 1.09727587e-03
2.59740867e+01 -1.02877006e-04 2.13972256e-03 1.06986128e-03
2.60059177e+01 -1.15862848e-04 2.08596880e-03 1.04298440e-03
2.60377487e+01 -1.31112054e-04 2.03366577e-03 1.01683289e-03
2.60695797e+01 -1.48525356e-04 1.98317111e-03 9.91585554e-04
2.61014107e+01 -1.67997219e-04 1.93482333e-03 9.67411665e-04
2.61332417e+01 -1.89415326e-04 1.88893381e-03 9.44466903e-04
2.61650726e+01 -2.12659356e-04 1.84578462e-03 9.22892308e-04
2.61969036e+01 -2.37605702e-04 1.80563302e-03 9.02816512e-04
2.62287346e+01 -2.64120164e-04 1.76869964e-03 8.84349821e-04
2.62605656e+01 -2.92067521e-04 1.73517228e-03 8.67586139e-04
2.62923966e+01 -3.21301936e-04 1.70520395e-03 8.52601977e-04
2.63242276e+01 -3.51677385e-04 1.67891068e-03 8.39455340e-04
2.63560586e+01 -3.83042028e-04 1.65637008e-03 8.28185041e-04
2.63878896e+01 -4.15239238e-04 1.63762462e-03 8.18812312e-04
2.64197206e+01 -4.48111767e-04 1.62267811e-03 8.11339056e-04
2.64515515e+01 -4.81497710e-04 1.61149675e-03 8.05748377e-04
2.64833825e+01 -5.15232686e-04 1.60401292e-03 8.02006461e-04
2.65152135e+01 -5.49155335e-04 1.60012064e-03 8.00060319e-04
2.65470445e+01 -5.83099593e-04 1.59968481e-03 7.99842403e-04
2.65788755e+01 -6.16904967e-04 1.60253708e-03 8.01268539e-04
2.66107065e+01 -6.50406283e-04 1.60848296e-03 8.04241478e-04
2.66425375e+01 -6.83444438e-04 1.61729851e-03 8.08649255e-04
2.66743685e+01 -7.15862285e-04 1.62873744e-03 8.14368719e-04
2.67061995e+01 -7.47507037e-04 1.64253466e-03 8.21267331e-04
2.67380304e+01 -7.78228625e-04 1.65840591e-03 8.29202956e-04
2.67698614e+01 -8.07882350e-04 1.67605035e-03 8.38025177e-04
2.68016924e+01 -8.36329833e-04 1.69516064e-03 8.47580321e-04
2.68335234e+01 -8.63439454e-04 1.71540942e-03 8.57704709e-04
2.68653544e+01 -8.89085535e-04 1.73647678e-03 8.68238389e-04
2.68971854e+01 -9.13150105e-04 1.75802906e-03 8.79014529e-04
2.69290164e+01 -9.35522586e-04 1.77973736e-03 8.89868680e-04
2.69608474e+01 -9.56105924e-04 1.80127413e-03 9.00637067e-04
2.69926783e+01 -9.74803694e-04 1.82231565e-03 9.11157823e-04
2.70245093e+01 -9.91535522e-04 1.84254793e-03 9.21273967e-04
2.70563403e+01 -1.00622672e-03 1.86166473e-03 9.30832364e-04
2.70881713e+01 -1.01881676e-03 1.87937483e-03 9.39687413e-04
2.71200023e+01 -1.02925117e-03 1.89540275e-03 9.47701377e-04
2.71518333e+01 -1.03748773e-03 1.90948379e-03 9.54741896e-04
2.71836643e+01 -1.04349449e-03 1.92137924e-03 9.60689620e-04
2.72154953e+01 -1.04725009e-03 1.93086726e-03 9.65433632e-04
2.72473263e+01 -1.04874257e-03 1.93774613e-03 9.68873066e-04
2.72791572e+01 -1.04797118e-03 1.94184148e-03 9.70920740e-04
2.73109882e+01 -1.04494565e-03 1.94300207e-03 9.71501036e-04
2.73428192e+01 -1.03968330e-03 1.94109858e-03 9.70549292e-04
2.73746502e+01 -1.03221142e-03 1.93602865e-03 9.68014325e-04
2.74064812e+01 -1.02257033e-03 1.92771849e-03 9.63859244e-04
2.74383122e+01 -1.01080589e-03 1.91611837e-03 9.58059185e-04
2.74701432e+01 -9.96975303e-04 1.90121141e-03 9.50605707e-04
2.75019742e+01 -9.81136878e-04 1.88299247e-03 9.41496235e-04
2.75338052e+01 -9.63367201e-04 1.86149761e-03 9.30748803e-04
2.75656361e+01 -9.43736504e-04 1.83676892e-03 9.18384459e-04
2.75974671e+01 -9.22338463e-04 1.80889644e-03 9.04448219e-04
2.76292981e+01 -8.99259360e-04 1.77797831e-03 8.88989154e-04
2.76611291e+01 -8.74592458e-04 1.74413238e-03 8.72066192e-04
2.76929601e+01 -8.48436047e-04 1.70749831e-03 8.53749154e-04
2.77247911e+01 -8.20902187e-04 1.66824579e-03 8.34122893e-04
2.77566221e+01 -7.92093147e-04 1.62654879e-03 8.13274393e-04
2.77884531e+01 -7.62126077e-04 1.58260928e-03 7.91304639e-04
2.78202841e+01 -7.31100875e-04 1.53662249e-03 7.68311245e-04
2.78521150e+01 -6.99140187e-04 1.48881932e-03 7.44409661e-04
2.78839460e+01 -6.66361479e-04 1.43943375e-03 7.19716875e-04
2.79157770e+01 -6.32874189e-04 1.38869940e-03 6.94349701e-04
2.79476080e+01 -5.98797364e-04 1.33687152e-03 6.68435761e-04
2.79794390e+01 -5.64245372e-04 1.28420218e-03 6.42101089e-04
2.80112700e+01 -5.29331949e-04 1.23095232e-03 6.15476159e-04
2.80431010e+01 -4.94164514e-04 1.17738199e-03 5.88690993e-04
2.80749320e+01 -4.58856171e-04 1.12375580e-03 5.61877901e-04
2.81067630e+01 -4.23511812e-04 1.07034161e-03 5.35170805e-04
2.81385939e+01 -3.88233800e-04 1.01740227e-03 5.08701137e-04
2.81704249e+01 -3.53124497e-04 9.65204114e-04 4.82602057e-04
2.82022559e+01 -3.18276156e-04 9.14010573e-04 4.57005287e-04
2.82340869e+01 -2.83782423e-04 8.64082748e-04 4.32041374e-04
2.82659179e+01 -2.49729609e-04 8.15684073e-04 4.07842037e-04
2.82977489e+01 -2.16198847e-04 7.69075757e-04 3.84537878e-04
2.83295799e+01 -1.83270953e-04 7.24513510e-04 3.62256755e-04
2.83614109e+01 -1.51016193e-04 6.82251794e-04 3.41125897e-04
2.83932418e+01 -1.19502112e-04 6.42541048e-04 3.21270524e-04
2.84250728e+01 -8.87912023e-05 6.05622068e-04 3.02811034e-04
2.84569038e+01 -5.89397013e-05 5.71721623e-04 2.85860811e-04
2.84887348e+01 -2.99998644e-05 5.41045495e-04 2.70522747e-04
2.85205658e+01 -2.01712310e-06 5.13768041e-04 2.56884021e-04
2.85523968e+01 2.49653026e-05 4.90017659e-04 2.45008830e-04
2.85842278e+01 5.09139866e-05 4.69864500e-04 2.34932250e-04
2.86160588e+01 7.57950608e-05 4.53305975e-04 2.26652987e-04
2.86478898e+01 9.95838820e-05 4.40255847e-04 2.20127923e-04
2.86797207e+01 1.22258398e-04 4.30547699e-04 2.15273849e-04
2.87115517e+01 1.43801485e-04 4.23927394e-04 2.11963697e-04
2.87433827e+01 1.64199495e-04 4.20085313e-04 2.10042656e-04
2.87752137e+01 1.83447309e-04 4.18653014e-04 2.09326507e-04
2.88070447e+01 2.01536144e-04 4.19245344e-04 2.09622672e-04
2.88388757e+01 2.18468402e-04 4.21467957e-04 2.10733978e-04
2.88707067e+01 2.34243704e-04 4.24942796e-04 2.12471398e-04
2.89025377e+01 2.48869884e-04 4.29315267e-04 2.14657634e-04
2.89343687e+01 2.62356055e-04 4.34263415e-04 2.17131708e-04
2.89661996e+01 2.74714057e-04 4.39500977e-04 2.19750489e-04
2.89980306e+01 2.85956448e-04 4.44779212e-04 2.22389606e-04
2.90298616e+01 2.96100459e-04 4.49880687e-04 2.24940343e-04
2.90616926e+01 3.05167175e-04 4.54623727e-04 2.27311864e-04
2.90935236e+01 3.13174130e-04 4.58850245e-04 2.29425123e-04
2.91253546e+01 3.20145687e-04 4.62429426e-04 2.31214713e-04
2.91571856e+01 3.26105751e-04 4.65250097e-04 2.32625049e-04
2.91890166e+01 3.31079211e-04 4.67221583e-04 2.33610791e-04
2.92208476e+01 3.35093667e-04 4.68271828e-04 2.34135914e-04
2.92526785e+01 3.38174211e-04 4.68340445e-04 2.34170223e-04
2.92845095e+01 3.40353623e-04 4.67385722e-04 2.33692861e-04
2.93163405e+01 3.41656713e-04 4.65376492e-04 2.32688246e-04
2.93481715e+01 3.42116444e-04 4.62295876e-04 2.31147938e-04
2.93800025e+01 3.41761774e-04 4.58140535e-04 2.29070268e-04
2.94118335e+01 3.40625764e-04 4.52922881e-04 2.26461440e-04
2.94436645e+01 3.38737366e-04 4.46664825e-04 2.23332413e-04
2.94754955e+01 3.36130206e-04 4.39407822e-04 2.19703911e-04
2.95073264e+01 3.32835318e-04 4.31206380e-04 2.15603190e-04
2.95391574e+01 3.28885650e-04 4.22132555e-04 2.11066278e-04
2.95709884e+01 3.24312812e-04 4.12276445e-04 2.06138222e-04
2.96028194e+01 3.19151100e-04 4.01749361e-04 2.00874681e-04
2.96346504e+01 3.13431178e-04 3.90680849e-04 1.95340424e-04
2.96664814e+01 3.07188589e-04 3.79228120e-04 1.89614060e-04
2.96983124e+01 3.00454598e-04 3.67568408e-04 1.83784204e-04
2.97301434e+01 2.93263015e-04 3.55907273e-04 1.77953636e-04
2.97619744e+01 2.85646954e-04 3.44476126e-04 1.72238063e-04
2.97938053e+01 2.77640781e-04 3.33532728e-04 1.66766364e-04
2.98256363e+01 2.69276948e-04 3.23355239e-04 1.61677620e-04
2.98574673e+01 2.60590604e-04 3.14238531e-04 1.57119265e-04
2.98892983e+01 2.51614394e-04 3.06482887e-04 1.53241443e-04
2.99211293e+01 2.42382054e-04 3.00376712e-04 1.50188356e-04
2.99529603e+01 2.32929403e-04 2.96178228e-04 1.48089114e-04
2.99847913e+01 2.23288894e-04 2.94093966e-04 1.47046983e-04
3.00166223e+01 2.13496289e-04 2.94258026e-04 1.47129013e-04
3.00484533e+01 2.03583812e-04 2.96716398e-04 1.48358199e-04
3.00802842e+01 1.93585876e-04 3.01429750e-04 1.50714875e-04
3.01121152e+01 1.83537452e-04 3.08271606e-04 1.54135803e-04
3.01439462e+01 1.73471538e-04 3.17048478e-04 1.58524239e-04
3.01757772e+01 1.63422160e-04 3.27521350e-04 1.63760675e-04
3.02076082e+01 1.53421424e-04 3.39422959e-04 1.69711480e-04
3.02394392e+01 1.43503810e-04 3.52480285e-04 1.76240143e-04
3.02712702e+01 1.33700325e-04 3.66423852e-04 1.83211926e-04
3.03031012e+01 1.24044117e-04 3.81003176e-04 1.90501588e-04
3.03349322e+01 1.14566191e-04 3.95985580e-04 1.97992790e-04
3.03667631e+01 1.05295234e-04 4.11162663e-04 2.05581331e-04
3.03985941e+01 9.62637136e-05 4.26353270e-04 2.13176635e-04
3.04304251e+01 8.74975215e-05 4.41398128e-04 2.20699064e-04
3.04622561e+01 7.90261794e-05 4.56160034e-04 2.28080017e-04
3.04940871e+01 7.08730163e-05 4.70525292e-04 2.35262646e-04
3.05259181e+01 6.30658848e-05 4.84401441e-04 2.42200721e-04
3.05577491e+01 5.56269891e-05 4.97708732e-04 2.48854366e-04
3.05895801e+01 4.85785267e-05 5.10391524e-04 2.55195762e-04
3.06214111e+01 4.19395170e-05 5.22403651e-04 2.61201826e-04
3.06532420e+01 3.57284106e-05 5.33715704e-04 2.66857852e-04
3.06850730e+01 2.99635950e-05 5.44311784e-04 2.72155892e-04
3.07169040e+01 2.46563806e-05 5.54184113e-04 2.77092056e-04
3.07487350e+01 1.98199737e-05 5.63339687e-04 2.81669844e-04
3.07805660e+01 1.54655582e-05 5.71790868e-04 2.85895434e-04
3.08123970e+01 1.15989791e-05 5.79558528e-04 2.89779264e-04
3.08442280e+01 8.22774927e-06 5.86669850e-04 2.93334925e-04
3.08760590e+01 5.35385909e-06 5.93158600e-04 2.96579300e-04
3.09078899e+01 2.97650610e-06 5.99061686e-04 2.99530843e-04
3.09397209e+01 1.09675816e-06 6.04416310e-04 3.02208155e-04
3.09715519e+01 -2.93068278e-07 6.09266846e-04 3.04633423e-04
3.10033829e+01 -1.19662228e-06 6.13652164e-04 3.06826082e-04
3.10352139e+01 -1.62545129e-06 6.17611985e-04 3.08805992e-04
3.10670449e+01 -1.58862582e-06 6.21185161e-04 3.10592581e-04
3.10988759e+01 -1.10231231e-06 6.24411030e-04 3.12205515e-04
3.11307069e+01 -1.80885828e-07 6.27317070e-04 3.13658535e-04
3.11625379e+01 1.15670380e-06 6.29933529e-04 3.14966765e-04
3.11943688e+01 2.88972488e-06 6.32284574e-04 3.16142287e-04
3.12261998e+01 4.99702867e-06 6.34384482e-04 3.17192241e-04
3.12580308e+01 7.45203866e-06 6.36249346e-04 3.18124673e-04
3.12898618e+01 1.02307564e-05 6.37885357e-04 3.18942679e-04
3.13216928e+01 1.33060745e-05 6.39292680e-04 3.19646340e-04
3.13535238e+01 1.66491166e-05 6.40468700e-04 3.20234350e-04
3.13853548e+01 2.02284849e-05 6.41405740e-04 3.20702870e-04
3.14171858e+01 2.40143424e-05 6.42090406e-04 3.21045203e-04
3.14490168e+01 2.79748720e-05 6.42507568e-04 3.21253784e-04
3.14808477e+01 3.20766867e-05 6.42637761e-04 3.21318880e-04
3.15126787e+01 3.62873893e-05 6.42460311e-04 3.21230155e-04
3.15445097e+01 4.05739797e-05 6.41954385e-04 3.20977192e-04
3.15763407e+01 4.49025516e-05 6.41094845e-04 3.20547423e-04
3.16081717e+01 4.92405384e-05 6.39861406e-04 3.19930703e-04
3.16400027e+01 5.35560306e-05 6.38230196e-04 3.19115098e-04
3.16718337e+01 5.78164867e-05 6.36182742e-04 3.18091371e-04
3.17036647e+01 6.19896183e-05 6.33700245e-04 3.16850122e-04
3.17354957e+01 6.60469910e-05 6.30768295e-04 3.15384147e-04
3.17673266e+01 6.99587805e-05 6.27372258e-04 3.13686129e-04
3.17991576e+01 7.36954152e-05 6.23508154e-04 3.11754077e-04
3.18309886e+01 7.72342111e-05 6.19168336e-04 3.09584168e-04
