# freq_w_over_2pi_THz  kappa_x_avg_Wm-1K-1THz-1
# Averaged over 4 runs
3.18309886e-02 1.56644954e+00
6.36619772e-02 1.56801064e+00
9.54929659e-02 1.57060934e+00
1.27323954e-01 1.57422895e+00
1.59154943e-01 1.57886777e+00
1.90985932e-01 1.58449604e+00
2.22816920e-01 1.59110965e+00
2.54647909e-01 1.59866942e+00
2.86478898e-01 1.60716563e+00
3.18309886e-01 1.61655106e+00
3.50140875e-01 1.62680956e+00
3.81971863e-01 1.63789208e+00
4.13802852e-01 1.64976911e+00
4.45633841e-01 1.66239454e+00
4.77464829e-01 1.67571799e+00
5.09295818e-01 1.68970749e+00
5.41126807e-01 1.70430050e+00
5.72957795e-01 1.71945587e+00
6.04788784e-01 1.73511238e+00
6.36619772e-01 1.75121651e+00
6.68450761e-01 1.76771341e+00
7.00281750e-01 1.78454463e+00
7.32112738e-01 1.80165141e+00
7.63943727e-01 1.81897638e+00
7.95774715e-01 1.83645192e+00
8.27605704e-01 1.85401965e+00
8.59436693e-01 1.87161108e+00
8.91267681e-01 1.88917577e+00
9.23098670e-01 1.90664399e+00
9.54929659e-01 1.92394399e+00
9.86760647e-01 1.94103283e+00
1.01859164e+00 1.95783366e+00
1.05042262e+00 1.97429650e+00
1.08225361e+00 1.99035210e+00
1.11408460e+00 2.00594972e+00
1.14591559e+00 2.02102946e+00
1.17774658e+00 2.03552907e+00
1.20957757e+00 2.04940800e+00
1.24140856e+00 2.06260186e+00
1.27323954e+00 2.07506476e+00
1.30507053e+00 2.08674541e+00
1.33690152e+00 2.09760835e+00
1.36873251e+00 2.10759887e+00
1.40056350e+00 2.11669188e+00
1.43239449e+00 2.12483121e+00
1.46422548e+00 2.13200036e+00
1.49605647e+00 2.13814663e+00
1.52788745e+00 2.14326030e+00
1.55971844e+00 2.14729657e+00
1.59154943e+00 2.15025392e+00
1.62338042e+00 2.15209557e+00
1.65521141e+00 2.15281407e+00
1.68704240e+00 2.15240108e+00
1.71887339e+00 2.15083025e+00
1.75070437e+00 2.14810903e+00
1.78253536e+00 2.14422309e+00
1.81436635e+00 2.13918391e+00
1.84619734e+00 2.13298355e+00
1.87802833e+00 2.12564708e+00
1.90985932e+00 2.11716319e+00
1.94169031e+00 2.10754952e+00
1.97352129e+00 2.09683652e+00
2.00535228e+00 2.08501572e+00
2.03718327e+00 2.07213458e+00
2.06901426e+00 2.05821054e+00
2.10084525e+00 2.04326463e+00
2.13267624e+00 2.02732593e+00
2.16450723e+00 2.01042691e+00
2.19633821e+00 1.99260466e+00
2.22816920e+00 1.97389323e+00
2.26000019e+00 1.95433713e+00
2.29183118e+00 1.93396709e+00
2.32366217e+00 1.91282822e+00
2.35549316e+00 1.89096481e+00
2.38732415e+00 1.86842647e+00
2.41915513e+00 1.84524898e+00
2.45098612e+00 1.82148330e+00
2.48281711e+00 1.79717225e+00
2.51464810e+00 1.77238140e+00
2.54647909e+00 1.74714061e+00
2.57831008e+00 1.72150575e+00
2.61014107e+00 1.69553123e+00
2.64197206e+00 1.66925767e+00
2.67380304e+00 1.64274713e+00
2.70563403e+00 1.61603331e+00
2.73746502e+00 1.58917712e+00
2.76929601e+00 1.56222054e+00
2.80112700e+00 1.53521648e+00
2.83295799e+00 1.50820722e+00
2.86478898e+00 1.48123432e+00
2.89661996e+00 1.45435472e+00
2.92845095e+00 1.42759875e+00
2.96028194e+00 1.40101070e+00
2.99211293e+00 1.37463868e+00
3.02394392e+00 1.34851546e+00
3.05577491e+00 1.32267644e+00
3.08760590e+00 1.29715974e+00
3.11943688e+00 1.27199784e+00
3.15126787e+00 1.24722084e+00
3.18309886e+00 1.22286042e+00
3.21492985e+00 1.19894055e+00
3.24676084e+00 1.17548966e+00
3.27859183e+00 1.15252859e+00
3.31042282e+00 1.13007782e+00
3.34225380e+00 1.10815876e+00
3.37408479e+00 1.08678540e+00
3.40591578e+00 1.06597136e+00
3.43774677e+00 1.04573019e+00
3.46957776e+00 1.02607109e+00
3.50140875e+00 1.00700178e+00
3.53323974e+00 9.88528446e-01
3.56507073e+00 9.70653942e-01
3.59690171e+00 9.53379083e-01
3.62873270e+00 9.36704944e-01
3.66056369e+00 9.20627166e-01
3.69239468e+00 9.05142462e-01
3.72422567e+00 8.90242365e-01
3.75605666e+00 8.75921884e-01
3.78788765e+00 8.62170656e-01
3.81971863e+00 8.48976613e-01
3.85154962e+00 8.36327899e-01
3.88338061e+00 8.24210476e-01
3.91521160e+00 8.12608407e-01
3.94704259e+00 8.01506041e-01
3.97887358e+00 7.90885951e-01
4.01070457e+00 7.80728921e-01
4.04253555e+00 7.71015124e-01
4.07436654e+00 7.61726292e-01
4.10619753e+00 7.52839943e-01
4.13802852e+00 7.44336022e-01
4.16985951e+00 7.36190280e-01
4.20169050e+00 7.28383177e-01
4.23352149e+00 7.20891457e-01
4.26535247e+00 7.13691807e-01
4.29718346e+00 7.06761883e-01
4.32901445e+00 7.00080601e-01
4.36084544e+00 6.93623002e-01
4.39267643e+00 6.87369939e-01
4.42450742e+00 6.81297402e-01
4.45633841e+00 6.75383907e-01
4.48816940e+00 6.69607971e-01
4.52000038e+00 6.63951584e-01
4.55183137e+00 6.58393833e-01
4.58366236e+00 6.52914560e-01
4.61549335e+00 6.47495315e-01
4.64732434e+00 6.42117963e-01
4.67915533e+00 6.36769171e-01
4.71098632e+00 6.31430300e-01
4.74281730e+00 6.26086248e-01
4.77464829e+00 6.20723681e-01
4.80647928e+00 6.15329522e-01
4.83831027e+00 6.09891131e-01
4.87014126e+00 6.04398336e-01
4.90197225e+00 5.98841659e-01
4.93380324e+00 5.93210168e-01
4.96563422e+00 5.87497545e-01
4.99746521e+00 5.81697471e-01
5.02929620e+00 5.75803817e-01
5.06112719e+00 5.69811906e-01
5.09295818e+00 5.63716496e-01
5.12478917e+00 5.57517332e-01
5.15662016e+00 5.51211065e-01
5.18845114e+00 5.44797255e-01
5.22028213e+00 5.38276784e-01
5.25211312e+00 5.31649723e-01
5.28394411e+00 5.24918144e-01
5.31577510e+00 5.18085472e-01
5.34760609e+00 5.11153609e-01
5.37943708e+00 5.04128621e-01
5.41126807e+00 4.97014393e-01
5.44309905e+00 4.89816379e-01
5.47493004e+00 4.82541419e-01
5.50676103e+00 4.75194268e-01
5.53859202e+00 4.67784211e-01
5.57042301e+00 4.60318044e-01
5.60225400e+00 4.52802761e-01
5.63408499e+00 4.45247814e-01
5.66591597e+00 4.37661182e-01
5.69774696e+00 4.30052376e-01
5.72957795e+00 4.22429676e-01
5.76140894e+00 4.14801522e-01
5.79323993e+00 4.07179586e-01
5.82507092e+00 3.99570956e-01
5.85690191e+00 3.91984566e-01
5.88873289e+00 3.84431861e-01
5.92056388e+00 3.76920205e-01
5.95239487e+00 3.69459339e-01
5.98422586e+00 3.62057964e-01
6.01605685e+00 3.54724837e-01
6.04788784e+00 3.47469311e-01
6.07971883e+00 3.40298518e-01
6.11154981e+00 3.33220509e-01
6.14338080e+00 3.26243644e-01
6.17521179e+00 3.19375644e-01
6.20704278e+00 3.12622215e-01
6.23887377e+00 3.05991117e-01
6.27070476e+00 2.99488831e-01
6.30253575e+00 2.93120673e-01
6.33436674e+00 2.86892513e-01
6.36619772e+00 2.80809152e-01
6.39802871e+00 2.74875816e-01
6.42985970e+00 2.69096720e-01
6.46169069e+00 2.63475213e-01
6.49352168e+00 2.58015907e-01
6.52535267e+00 2.52721014e-01
6.55718366e+00 2.47593378e-01
6.58901464e+00 2.42635260e-01
6.62084563e+00 2.37848682e-01
6.65267662e+00 2.33235048e-01
6.68450761e+00 2.28795387e-01
6.71633860e+00 2.24530419e-01
6.74816959e+00 2.20440985e-01
6.78000058e+00 2.16526055e-01
6.81183156e+00 2.12786217e-01
6.84366255e+00 2.09221078e-01
6.87549354e+00 2.05828870e-01
6.90732453e+00 2.02608651e-01
6.93915552e+00 1.99558488e-01
6.97098651e+00 1.96677881e-01
7.00281750e+00 1.93963109e-01
7.03464848e+00 1.91413375e-01
7.06647947e+00 1.89025558e-01
7.09831046e+00 1.86796644e-01
7.13014145e+00 1.84724574e-01
7.16197244e+00 1.82805327e-01
7.19380343e+00 1.81037414e-01
7.22563442e+00 1.79415337e-01
7.25746540e+00 1.77937959e-01
7.28929639e+00 1.76599339e-01
7.32112738e+00 1.75397267e-01
7.35295837e+00 1.74328204e-01
7.38478936e+00 1.73387284e-01
7.41662035e+00 1.72571348e-01
7.44845134e+00 1.71876606e-01
7.48028233e+00 1.71297812e-01
7.51211331e+00 1.70832565e-01
7.54394430e+00 1.70475431e-01
7.57577529e+00 1.70223378e-01
7.60760628e+00 1.70071096e-01
7.63943727e+00 1.70015934e-01
7.67126826e+00 1.70051951e-01
7.70309925e+00 1.70176493e-01
7.73493023e+00 1.70384378e-01
7.76676122e+00 1.70672322e-01
7.79859221e+00 1.71035332e-01
7.83042320e+00 1.71470060e-01
7.86225419e+00 1.71971576e-01
7.89408518e+00 1.72535837e-01
7.92591617e+00 1.73159431e-01
7.95774715e+00 1.73837751e-01
7.98957814e+00 1.74566603e-01
8.02140913e+00 1.75342503e-01
8.05324012e+00 1.76160650e-01
8.08507111e+00 1.77017667e-01
8.11690210e+00 1.77909265e-01
8.14873309e+00 1.78830825e-01
8.18056407e+00 1.79779327e-01
8.21239506e+00 1.80750222e-01
8.24422605e+00 1.81740119e-01
8.27605704e+00 1.82744541e-01
8.30788803e+00 1.83759896e-01
8.33971902e+00 1.84782074e-01
8.37155001e+00 1.85807601e-01
8.40338100e+00 1.86832244e-01
8.43521198e+00 1.87852463e-01
8.46704297e+00 1.88864658e-01
8.49887396e+00 1.89864658e-01
8.53070495e+00 1.90849177e-01
8.56253594e+00 1.91814171e-01
8.59436693e+00 1.92756481e-01
8.62619792e+00 1.93671923e-01
8.65802890e+00 1.94557706e-01
8.68985989e+00 1.95409620e-01
8.72169088e+00 1.96224880e-01
8.75352187e+00 1.96999845e-01
8.78535286e+00 1.97731147e-01
8.81718385e+00 1.98415881e-01
8.84901484e+00 1.99050198e-01
8.88084582e+00 1.99631728e-01
8.91267681e+00 2.00157110e-01
8.94450780e+00 2.00623551e-01
8.97633879e+00 2.01027361e-01
9.00816978e+00 2.01367593e-01
9.04000077e+00 2.01639778e-01
9.07183176e+00 2.01842362e-01
9.10366274e+00 2.01972944e-01
9.13549373e+00 2.02028423e-01
9.16732472e+00 2.02007533e-01
9.19915571e+00 2.01907078e-01
9.23098670e+00 2.01726243e-01
9.26281769e+00 2.01461811e-01
9.29464868e+00 2.01113726e-01
9.32647967e+00 2.00678853e-01
9.35831065e+00 2.00156289e-01
9.39014164e+00 1.99544966e-01
9.42197263e+00 1.98843658e-01
9.45380362e+00 1.98050892e-01
9.48563461e+00 1.97166286e-01
9.51746560e+00 1.96188023e-01
9.54929659e+00 1.95116558e-01
9.58112757e+00 1.93951236e-01
9.61295856e+00 1.92691139e-01
9.64478955e+00 1.91336539e-01
9.67662054e+00 1.89886938e-01
9.70845153e+00 1.88342777e-01
9.74028252e+00 1.86704151e-01
9.77211351e+00 1.84971281e-01
9.80394449e+00 1.83145306e-01
9.83577548e+00 1.81226300e-01
9.86760647e+00 1.79214661e-01
9.89943746e+00 1.77112172e-01
9.93126845e+00 1.74918871e-01
9.96309944e+00 1.72636659e-01
9.99493043e+00 1.70266755e-01
1.00267614e+01 1.67809863e-01
1.00585924e+01 1.65268703e-01
1.00904234e+01 1.62643429e-01
1.01222544e+01 1.59937294e-01
1.01540854e+01 1.57150982e-01
1.01859164e+01 1.54286999e-01
1.02177473e+01 1.51347464e-01
1.02495783e+01 1.48334303e-01
1.02814093e+01 1.45249848e-01
1.03132403e+01 1.42095925e-01
1.03450713e+01 1.38875283e-01
1.03769023e+01 1.35591295e-01
1.04087333e+01 1.32246067e-01
1.04405643e+01 1.28842001e-01
1.04723953e+01 1.25382370e-01
1.05042262e+01 1.21869310e-01
1.05360572e+01 1.18306061e-01
1.05678882e+01 1.14696091e-01
1.05997192e+01 1.11042099e-01
1.06315502e+01 1.07346530e-01
1.06633812e+01 1.03614179e-01
1.06952122e+01 9.98468100e-02
1.07270432e+01 9.60486998e-02
1.07588742e+01 9.22225674e-02
1.07907051e+01 8.83720125e-02
1.08225361e+01 8.45007955e-02
1.08543671e+01 8.06128970e-02
1.08861981e+01 7.67104150e-02
1.09180291e+01 7.27983866e-02
1.09498601e+01 6.88800370e-02
1.09816911e+01 6.49588994e-02
1.10135221e+01 6.10394789e-02
1.10453531e+01 5.71249275e-02
1.10771840e+01 5.32186934e-02
1.11090150e+01 4.93259674e-02
1.11408460e+01 4.54493478e-02
1.11726770e+01 4.15938897e-02
1.12045080e+01 3.77630302e-02
1.12363390e+01 3.39603712e-02
1.12681700e+01 3.01906201e-02
1.13000010e+01 2.64572521e-02
1.13318319e+01 2.27652969e-02
1.13636629e+01 1.91182868e-02
1.13954939e+01 1.55194885e-02
1.14273249e+01 1.19742160e-02
1.14591559e+01 8.48573605e-03
1.14909869e+01 5.05842761e-03
1.15228179e+01 1.69615770e-03
1.15546489e+01 -1.59718136e-03
1.15864799e+01 -4.81686317e-03
1.16183108e+01 -7.95970942e-03
1.16501418e+01 -1.10227314e-02
1.16819728e+01 -1.39996987e-02
1.17138038e+01 -1.68891961e-02
1.17456348e+01 -1.96861307e-02
1.17774658e+01 -2.23871535e-02
1.18092968e+01 -2.49884480e-02
1.18411278e+01 -2.74881313e-02
1.18729588e+01 -2.98812558e-02
1.19047897e+01 -3.21647254e-02
1.19366207e+01 -3.43365249e-02
1.19684517e+01 -3.63926932e-02
1.20002827e+01 -3.83303395e-02
1.20321137e+01 -4.01478545e-02
1.20639447e+01 -4.18418158e-02
1.20957757e+01 -4.34098458e-02
1.21276067e+01 -4.48502819e-02
1.21594377e+01 -4.61615623e-02
1.21912686e+01 -4.73400335e-02
1.22230996e+01 -4.83855153e-02
1.22549306e+01 -4.92973057e-02
1.22867616e+01 -5.00728331e-02
1.23185926e+01 -5.07111812e-02
1.23504236e+01 -5.12131714e-02
1.23822546e+01 -5.15765588e-02
1.24140856e+01 -5.18022721e-02
1.24459165e+01 -5.18898046e-02
1.24777475e+01 -5.18390464e-02
1.25095785e+01 -5.16513679e-02
1.25414095e+01 -5.13271484e-02
1.25732405e+01 -5.08676136e-02
1.26050715e+01 -5.02731742e-02
1.26369025e+01 -4.95460609e-02
1.26687335e+01 -4.86883523e-02
1.27005645e+01 -4.77014197e-02
1.27323954e+01 -4.65877906e-02
1.27642264e+01 -4.53495754e-02
1.27960574e+01 -4.39902493e-02
1.28278884e+01 -4.25124411e-02
1.28597194e+01 -4.09194743e-02
1.28915504e+01 -3.92146284e-02
1.29233814e+01 -3.74017957e-02
1.29552124e+01 -3.54845904e-02
1.29870434e+01 -3.34672006e-02
1.30188743e+01 -3.13539231e-02
1.30507053e+01 -2.91491197e-02
1.30825363e+01 -2.68573108e-02
1.31143673e+01 -2.44833553e-02
1.31461983e+01 -2.20320361e-02
1.31780293e+01 -1.95084680e-02
1.32098603e+01 -1.69174850e-02
1.32416913e+01 -1.42645862e-02
1.32735223e+01 -1.15547860e-02
1.33053532e+01 -8.79360718e-03
1.33371842e+01 -5.98629287e-03
1.33690152e+01 -3.13839155e-03
1.34008462e+01 -2.55326599e-04
1.34326772e+01 2.65764483e-03
1.34645082e+01 5.59502545e-03
1.34963392e+01 8.55140278e-03
1.35281702e+01 1.15215054e-02
1.35600012e+01 1.45000966e-02
1.35918321e+01 1.74818410e-02
1.36236631e+01 2.04618666e-02
1.36554941e+01 2.34349858e-02
1.36873251e+01 2.63966746e-02
1.37191561e+01 2.93418714e-02
1.37509871e+01 3.22662545e-02
1.37828181e+01 3.51652363e-02
1.38146491e+01 3.80348613e-02
1.38464800e+01 4.08707128e-02
1.38783110e+01 4.36693598e-02
1.39101420e+01 4.64270235e-02
1.39419730e+01 4.91400456e-02
1.39738040e+01 5.18054738e-02
1.40056350e+01 5.44203068e-02
1.40374660e+01 5.69815749e-02
1.40692970e+01 5.94870631e-02
1.41011280e+01 6.19342025e-02
1.41329589e+01 6.43210519e-02
1.41647899e+01 6.66457637e-02
1.41966209e+01 6.89068252e-02
1.42284519e+01 7.11027040e-02
1.42602829e+01 7.32323830e-02
1.42921139e+01 7.52950546e-02
1.43239449e+01 7.72897185e-02
1.43557759e+01 7.92162786e-02
1.43876069e+01 8.10740424e-02
1.44194378e+01 8.28633146e-02
1.44512688e+01 8.45841949e-02
1.44830998e+01 8.62366890e-02
1.45149308e+01 8.78214838e-02
1.45467618e+01 8.93391960e-02
1.45785928e+01 9.07905654e-02
1.46104238e+01 9.21764225e-02
1.46422548e+01 9.34978750e-02
1.46740858e+01 9.47561026e-02
1.47059167e+01 9.59521227e-02
1.47377477e+01 9.70874490e-02
1.47695787e+01 9.81632644e-02
1.48014097e+01 9.91812125e-02
1.48332407e+01 1.00142711e-01
1.48650717e+01 1.01048967e-01
1.48969027e+01 1.01901806e-01
1.49287337e+01 1.02702553e-01
1.49605647e+01 1.03452709e-01
1.49923956e+01 1.04153651e-01
1.50242266e+01 1.04806801e-01
1.50560576e+01 1.05413699e-01
1.50878886e+01 1.05975397e-01
1.51197196e+01 1.06493188e-01
1.51515506e+01 1.06968144e-01
1.51833816e+01 1.07401336e-01
1.52152126e+01 1.07793547e-01
1.52470435e+01 1.08145948e-01
1.52788745e+01 1.08458857e-01
1.53107055e+01 1.08733241e-01
1.53425365e+01 1.08969150e-01
1.53743675e+01 1.09167185e-01
1.54061985e+01 1.09327381e-01
1.54380295e+01 1.09449871e-01
1.54698605e+01 1.09534856e-01
1.55016915e+01 1.09581923e-01
1.55335224e+01 1.09590583e-01
1.55653534e+01 1.09560765e-01
1.55971844e+01 1.09491638e-01
1.56290154e+01 1.09382862e-01
1.56608464e+01 1.09233405e-01
1.56926774e+01 1.09042536e-01
1.57245084e+01 1.08809135e-01
1.57563394e+01 1.08532356e-01
1.57881704e+01 1.08211157e-01
1.58200013e+01 1.07844166e-01
1.58518323e+01 1.07430253e-01
1.58836633e+01 1.06968146e-01
1.59154943e+01 1.06456583e-01
1.59473253e+01 1.05894268e-01
1.59791563e+01 1.05279861e-01
1.60109873e+01 1.04612220e-01
1.60428183e+01 1.03889905e-01
1.60746493e+01 1.03111683e-01
1.61064802e+01 1.02276476e-01
1.61383112e+01 1.01383136e-01
1.61701422e+01 1.00430609e-01
1.62019732e+01 9.94178388e-02
1.62338042e+01 9.83442261e-02
1.62656352e+01 9.72087911e-02
1.62974662e+01 9.60109208e-02
1.63292972e+01 9.47501984e-02
1.63611281e+01 9.34262824e-02
1.63929591e+01 9.20389203e-02
1.64247901e+01 9.05882194e-02
1.64566211e+01 8.90740153e-02
1.64884521e+01 8.74968201e-02
1.65202831e+01 8.58570379e-02
1.65521141e+01 8.41554146e-02
1.65839451e+01 8.23927334e-02
1.66157761e+01 8.05701004e-02
1.66476070e+01 7.86885895e-02
1.66794380e+01 7.67496478e-02
1.67112690e+01 7.47549815e-02
1.67431000e+01 7.27063217e-02
1.67749310e+01 7.06057536e-02
1.68067620e+01 6.84551793e-02
1.68385930e+01 6.62571830e-02
1.68704240e+01 6.40142859e-02
1.69022550e+01 6.17289713e-02
1.69340859e+01 5.94041142e-02
1.69659169e+01 5.70428234e-02
1.69977479e+01 5.46480181e-02
1.70295789e+01 5.22230030e-02
1.70614099e+01 4.97712282e-02
1.70932409e+01 4.72959478e-02
1.71250719e+01 4.48008456e-02
1.71569029e+01 4.22893716e-02
1.71887339e+01 3.97652980e-02
1.72205648e+01 3.72324794e-02
1.72523958e+01 3.46944921e-02
1.72842268e+01 3.21551525e-02
1.73160578e+01 2.96181762e-02
1.73478888e+01 2.70874996e-02
1.73797198e+01 2.45665854e-02
1.74115508e+01 2.20596419e-02
1.74433818e+01 1.95698158e-02
1.74752128e+01 1.71011068e-02
1.75070437e+01 1.46565417e-02
1.75388747e+01 1.22401264e-02
1.75707057e+01 9.85418628e-03
1.76025367e+01 7.50322656e-03
1.76343677e+01 5.18931978e-03
1.76661987e+01 2.91596650e-03
1.76980297e+01 6.85422512e-04
1.77298607e+01 -1.49924761e-03
1.77616916e+01 -3.63585128e-03
1.77935226e+01 -5.72220221e-03
1.78253536e+01 -7.75603831e-03
1.78571846e+01 -9.73510380e-03
1.78890156e+01 -1.16583118e-02
1.79208466e+01 -1.35241586e-02
1.79526776e+01 -1.53309696e-02
1.79845086e+01 -1.70777655e-02
1.80163396e+01 -1.87635037e-02
1.80481705e+01 -2.03876975e-02
1.80800015e+01 -2.19496205e-02
1.81118325e+01 -2.34490134e-02
1.81436635e+01 -2.48857323e-02
1.81754945e+01 -2.62599376e-02
1.82073255e+01 -2.75715826e-02
1.82391565e+01 -2.88210514e-02
1.82709875e+01 -3.00092540e-02
1.83028185e+01 -3.11366263e-02
1.83346494e+01 -3.22042552e-02
1.83664804e+01 -3.32127726e-02
1.83983114e+01 -3.41635116e-02
1.84301424e+01 -3.50577676e-02
1.84619734e+01 -3.58968738e-02
1.84938044e+01 -3.66821889e-02
1.85256354e+01 -3.74154314e-02
1.85574664e+01 -3.80980927e-02
1.85892974e+01 -3.87317902e-02
1.86211283e+01 -3.93183691e-02
1.86529593e+01 -3.98594532e-02
1.86847903e+01 -4.03570203e-02
1.87166213e+01 -4.08126249e-02
1.87484523e+01 -4.12284974e-02
1.87802833e+01 -4.16060532e-02
1.88121143e+01 -4.19470805e-02
1.88439453e+01 -4.22538098e-02
1.88757763e+01 -4.25273533e-02
1.89076072e+01 -4.27698087e-02
1.89394382e+01 -4.29827114e-02
1.89712692e+01 -4.31674580e-02
1.90031002e+01 -4.33257291e-02
1.90349312e+01 -4.34589213e-02
1.90667622e+01 -4.35682287e-02
1.90985932e+01 -4.36551490e-02
1.91304242e+01 -4.37206298e-02
1.91622551e+01 -4.37659476e-02
1.91940861e+01 -4.37918544e-02
1.92259171e+01 -4.37992852e-02
1.92577481e+01 -4.37891499e-02
1.92895791e+01 -4.37619289e-02
1.93214101e+01 -4.37183867e-02
1.93532411e+01 -4.36588833e-02
1.93850721e+01 -4.35839371e-02
1.94169031e+01 -4.34936679e-02
1.94487340e+01 -4.33883666e-02
1.94805650e+01 -4.32683679e-02
1.95123960e+01 -4.31333748e-02
1.95442270e+01 -4.29834507e-02
1.95760580e+01 -4.28186587e-02
1.96078890e+01 -4.26387522e-02
1.96397200e+01 -4.24435482e-02
1.96715510e+01 -4.22328254e-02
1.97033820e+01 -4.20062426e-02
1.97352129e+01 -4.17633986e-02
1.97670439e+01 -4.15040312e-02
1.97988749e+01 -4.12279097e-02
1.98307059e+01 -4.09345066e-02
1.98625369e+01 -4.06234110e-02
1.98943679e+01 -4.02944335e-02
1.99261989e+01 -3.99471253e-02
1.99580299e+01 -3.95811454e-02
1.99898609e+01 -3.91963800e-02
2.00216918e+01 -3.87922666e-02
2.00535228e+01 -3.83690910e-02
2.00853538e+01 -3.79262117e-02
2.01171848e+01 -3.74637570e-02
2.01490158e+01 -3.69817465e-02
2.01808468e+01 -3.64800785e-02
2.02126778e+01 -3.59589678e-02
2.02445088e+01 -3.54186293e-02
2.02763397e+01 -3.48590882e-02
2.03081707e+01 -3.42810080e-02
2.03400017e+01 -3.36847110e-02
2.03718327e+01 -3.30705383e-02
2.04036637e+01 -3.24392609e-02
2.04354947e+01 -3.17916432e-02
2.04673257e+01 -3.11283179e-02
2.04991567e+01 -3.04501556e-02
2.05309877e+01 -2.97579904e-02
2.05628186e+01 -2.90530936e-02
2.05946496e+01 -2.83362797e-02
2.06264806e+01 -2.76089578e-02
2.06583116e+01 -2.68721136e-02
2.06901426e+01 -2.61271751e-02
2.07219736e+01 -2.53753934e-02
2.07538046e+01 -2.46183041e-02
2.07856356e+01 -2.38571587e-02
2.08174666e+01 -2.30936742e-02
2.08492975e+01 -2.23291098e-02
2.08811285e+01 -2.15651141e-02
2.09129595e+01 -2.08031909e-02
2.09447905e+01 -2.00449199e-02
2.09766215e+01 -1.92919946e-02
2.10084525e+01 -1.85457292e-02
2.10402835e+01 -1.78078424e-02
2.10721145e+01 -1.70796738e-02
2.11039455e+01 -1.63629420e-02
2.11357764e+01 -1.56590310e-02
2.11676074e+01 -1.49692043e-02
2.11994384e+01 -1.42950228e-02
2.12312694e+01 -1.36378007e-02
2.12631004e+01 -1.29985174e-02
2.12949314e+01 -1.23786642e-02
2.13267624e+01 -1.17791257e-02
2.13585934e+01 -1.12010771e-02
2.13904244e+01 -1.06454536e-02
2.14222553e+01 -1.01129882e-02
2.14540863e+01 -9.60457180e-03
2.14859173e+01 -9.12075418e-03
2.15177483e+01 -8.66225565e-03
2.15495793e+01 -8.22939846e-03
2.15814103e+01 -7.82276140e-03
2.16132413e+01 -7.44226992e-03
2.16450723e+01 -7.08823932e-03
2.16769032e+01 -6.76100513e-03
2.17087342e+01 -6.46019642e-03
2.17405652e+01 -6.18580626e-03
2.17723962e+01 -5.93757558e-03
2.18042272e+01 -5.71518844e-03
2.18360582e+01 -5.51831626e-03
2.18678892e+01 -5.34625136e-03
2.18997202e+01 -5.19844400e-03
2.19315512e+01 -5.07443292e-03
2.19633821e+01 -4.97313761e-03
2.19952131e+01 -4.89391863e-03
2.20270441e+01 -4.83592724e-03
2.20588751e+01 -4.79805173e-03
2.20907061e+01 -4.77939952e-03
2.21225371e+01 -4.77889402e-03
2.21543681e+01 -4.79520894e-03
2.21861991e+01 -4.82740911e-03
2.22180301e+01 -4.87436347e-03
2.22498610e+01 -4.93465980e-03
2.22816920e+01 -5.00720748e-03
2.23135230e+01 -5.09085589e-03
2.23453540e+01 -5.18415865e-03
2.23771850e+01 -5.28594871e-03
2.24090160e+01 -5.39499139e-03
2.24408470e+01 -5.51010699e-03
2.24726780e+01 -5.62998753e-03
2.25045090e+01 -5.75354935e-03
2.25363399e+01 -5.87956978e-03
2.25681709e+01 -6.00696770e-03
2.26000019e+01 -6.13458677e-03
2.26318329e+01 -6.26132122e-03
2.26636639e+01 -6.38639384e-03
2.26954949e+01 -6.50859777e-03
2.27273259e+01 -6.62718740e-03
2.27591569e+01 -6.74119596e-03
2.27909879e+01 -6.84996630e-03
2.28228188e+01 -6.95274651e-03
2.28546498e+01 -7.04872145e-03
2.28864808e+01 -7.13744884e-03
2.29183118e+01 -7.21825255e-03
2.29501428e+01 -7.29075348e-03
2.29819738e+01 -7.35444612e-03
2.30138048e+01 -7.40907140e-03
2.30456358e+01 -7.45427801e-03
2.30774667e+01 -7.48980435e-03
2.31092977e+01 -7.51549245e-03
2.31411287e+01 -7.53128228e-03
2.31729597e+01 -7.53708393e-03
2.32047907e+01 -7.53287776e-03
2.32366217e+01 -7.51878766e-03
2.32684527e+01 -7.49485679e-03
2.33002837e+01 -7.46119890e-03
2.33321147e+01 -7.41807241e-03
2.33639456e+01 -7.36567220e-03
2.33957766e+01 -7.30432026e-03
2.34276076e+01 -7.23427113e-03
2.34594386e+01 -7.15589316e-03
2.34912696e+01 -7.06952772e-03
2.35231006e+01 -6.97559813e-03
2.35549316e+01 -6.87450629e-03
2.35867626e+01 -6.76666164e-03
2.36185936e+01 -6.65252544e-03
2.36504245e+01 -6.53256718e-03
2.36822555e+01 -6.40721716e-03
2.37140865e+01 -6.27697520e-03
2.37459175e+01 -6.14230065e-03
2.37777485e+01 -6.00365037e-03
2.38095795e+01 -5.86152164e-03
2.38414105e+01 -5.71636372e-03
2.38732415e+01 -5.56862650e-03
2.39050725e+01 -5.41875418e-03
2.39369034e+01 -5.26718718e-03
2.39687344e+01 -5.11432485e-03
2.40005654e+01 -4.96058043e-03
2.40323964e+01 -4.80635705e-03
2.40642274e+01 -4.65198445e-03
2.40960584e+01 -4.49784608e-03
2.41278894e+01 -4.34425037e-03
2.41597204e+01 -4.19152020e-03
2.41915513e+01 -4.03994252e-03
2.42233823e+01 -3.88977955e-03
2.42552133e+01 -3.74127965e-03
2.42870443e+01 -3.59467639e-03
2.43188753e+01 -3.45017150e-03
2.43507063e+01 -3.30795109e-03
2.43825373e+01 -3.16818366e-03
2.44143683e+01 -3.03102099e-03
2.44461993e+01 -2.89659231e-03
2.44780302e+01 -2.76501457e-03
2.45098612e+01 -2.63637553e-03
2.45416922e+01 -2.51076392e-03
2.45735232e+01 -2.38825941e-03
2.46053542e+01 -2.26889599e-03
2.46371852e+01 -2.15273945e-03
2.46690162e+01 -2.03980709e-03
2.47008472e+01 -1.93012648e-03
2.47326782e+01 -1.82372041e-03
2.47645091e+01 -1.72058276e-03
2.47963401e+01 -1.62072653e-03
2.48281711e+01 -1.52413728e-03
2.48600021e+01 -1.43081512e-03
2.48918331e+01 -1.34074608e-03
2.49236641e+01 -1.25391640e-03
2.49554951e+01 -1.17029965e-03
2.49873261e+01 -1.08988403e-03
2.50191571e+01 -1.01265418e-03
2.50509880e+01 -9.38588742e-04
2.50828190e+01 -8.67668759e-04
2.51146500e+01 -7.99877171e-04
2.51464810e+01 -7.35198182e-04
2.51783120e+01 -6.73615362e-04
2.52101430e+01 -6.15114306e-04
2.52419740e+01 -5.59685004e-04
2.52738050e+01 -5.07313758e-04
2.53056360e+01 -4.57990634e-04
2.53374669e+01 -4.11708202e-04
2.53692979e+01 -3.68454961e-04
2.54011289e+01 -3.28224972e-04
2.54329599e+01 -2.91010905e-04
2.54647909e+01 -2.56803915e-04
2.54966219e+01 -2.25593827e-04
2.55284529e+01 -1.97371606e-04
2.55602839e+01 -1.72124995e-04
2.55921148e+01 -1.49839522e-04
2.56239458e+01 -1.30497262e-04
2.56557768e+01 -1.14076864e-04
2.56876078e+01 -1.00557469e-04
2.57194388e+01 -8.99087301e-05
2.57512698e+01 -8.20974094e-05
2.57831008e+01 -7.70854243e-05
2.58149318e+01 -7.48279816e-05
2.58467628e+01 -7.52739564e-05
2.58785937e+01 -7.83701263e-05
2.59104247e+01 -8.40495129e-05
2.59422557e+01 -9.22437477e-05
2.59740867e+01 -1.02877006e-04
2.60059177e+01 -1.15862848e-04
2.60377487e+01 -1.31112054e-04
2.60695797e+01 -1.48525356e-04
2.61014107e+01 -1.67997219e-04
2.61332417e+01 -1.89415326e-04
2.61650726e+01 -2.12659356e-04
2.61969036e+01 -2.37605702e-04
2.62287346e+01 -2.64120164e-04
2.62605656e+01 -2.92067521e-04
2.62923966e+01 -3.21301936e-04
2.63242276e+01 -3.51677385e-04
2.63560586e+01 -3.83042028e-04
2.63878896e+01 -4.15239238e-04
2.64197206e+01 -4.48111767e-04
2.64515515e+01 -4.81497710e-04
2.64833825e+01 -5.15232686e-04
2.65152135e+01 -5.49155335e-04
2.65470445e+01 -5.83099593e-04
2.65788755e+01 -6.16904967e-04
2.66107065e+01 -6.50406283e-04
2.66425375e+01 -6.83444438e-04
2.66743685e+01 -7.15862285e-04
2.67061995e+01 -7.47507037e-04
2.67380304e+01 -7.78228625e-04
2.67698614e+01 -8.07882350e-04
2.68016924e+01 -8.36329833e-04
2.68335234e+01 -8.63439454e-04
2.68653544e+01 -8.89085535e-04
2.68971854e+01 -9.13150105e-04
2.69290164e+01 -9.35522586e-04
2.69608474e+01 -9.56105924e-04
2.69926783e+01 -9.74803694e-04
2.70245093e+01 -9.91535522e-04
2.70563403e+01 -1.00622672e-03
2.70881713e+01 -1.01881676e-03
2.71200023e+01 -1.02925117e-03
2.71518333e+01 -1.03748773e-03
2.71836643e+01 -1.04349449e-03
2.72154953e+01 -1.04725009e-03
2.72473263e+01 -1.04874257e-03
2.72791572e+01 -1.04797118e-03
2.73109882e+01 -1.04494565e-03
2.73428192e+01 -1.03968330e-03
2.73746502e+01 -1.03221142e-03
2.74064812e+01 -1.02257033e-03
2.74383122e+01 -1.01080589e-03
2.74701432e+01 -9.96975303e-04
2.75019742e+01 -9.81136878e-04
2.75338052e+01 -9.63367201e-04
2.75656361e+01 -9.43736504e-04
2.75974671e+01 -9.22338463e-04
2.76292981e+01 -8.99259360e-04
2.76611291e+01 -8.74592458e-04
2.76929601e+01 -8.48436047e-04
2.77247911e+01 -8.20902187e-04
2.77566221e+01 -7.92093147e-04
2.77884531e+01 -7.62126077e-04
2.78202841e+01 -7.31100875e-04
2.78521150e+01 -6.99140187e-04
2.78839460e+01 -6.66361479e-04
2.79157770e+01 -6.32874189e-04
2.79476080e+01 -5.98797364e-04
2.79794390e+01 -5.64245372e-04
2.80112700e+01 -5.29331949e-04
2.80431010e+01 -4.94164514e-04
2.80749320e+01 -4.58856171e-04
2.81067630e+01 -4.23511812e-04
2.81385939e+01 -3.88233800e-04
2.81704249e+01 -3.53124497e-04
2.82022559e+01 -3.18276156e-04
2.82340869e+01 -2.83782423e-04
2.82659179e+01 -2.49729609e-04
2.82977489e+01 -2.16198847e-04
2.83295799e+01 -1.83270953e-04
2.83614109e+01 -1.51016193e-04
2.83932418e+01 -1.19502112e-04
2.84250728e+01 -8.87912023e-05
2.84569038e+01 -5.89397013e-05
2.84887348e+01 -2.99998644e-05
2.85205658e+01 -2.01712310e-06
2.85523968e+01 2.49653026e-05
2.85842278e+01 5.09139866e-05
2.86160588e+01 7.57950608e-05
2.86478898e+01 9.95838820e-05
2.86797207e+01 1.22258398e-04
2.87115517e+01 1.43801485e-04
2.87433827e+01 1.64199495e-04
2.87752137e+01 1.83447309e-04
2.88070447e+01 2.01536144e-04
2.88388757e+01 2.18468402e-04
2.88707067e+01 2.34243704e-04
2.89025377e+01 2.48869884e-04
2.89343687e+01 2.62356055e-04
2.89661996e+01 2.74714057e-04
2.89980306e+01 2.85956448e-04
2.90298616e+01 2.96100459e-04
2.90616926e+01 3.05167175e-04
2.90935236e+01 3.13174130e-04
2.91253546e+01 3.20145687e-04
2.91571856e+01 3.26105751e-04
2.91890166e+01 3.31079211e-04
2.92208476e+01 3.35093667e-04
2.92526785e+01 3.38174211e-04
2.92845095e+01 3.40353623e-04
2.93163405e+01 3.41656713e-04
2.93481715e+01 3.42116444e-04
2.93800025e+01 3.41761774e-04
2.94118335e+01 3.40625764e-04
2.94436645e+01 3.38737366e-04
2.94754955e+01 3.36130206e-04
2.95073264e+01 3.32835318e-04
2.95391574e+01 3.28885650e-04
2.95709884e+01 3.24312812e-04
2.96028194e+01 3.19151100e-04
2.96346504e+01 3.13431178e-04
2.96664814e+01 3.07188589e-04
2.96983124e+01 3.00454598e-04
2.97301434e+01 2.93263015e-04
2.97619744e+01 2.85646954e-04
2.97938053e+01 2.77640781e-04
2.98256363e+01 2.69276948e-04
2.98574673e+01 2.60590604e-04
2.98892983e+01 2.51614394e-04
2.99211293e+01 2.42382054e-04
2.99529603e+01 2.32929403e-04
2.99847913e+01 2.23288894e-04
3.00166223e+01 2.13496289e-04
3.00484533e+01 2.03583812e-04
3.00802842e+01 1.93585876e-04
3.01121152e+01 1.83537452e-04
3.01439462e+01 1.73471538e-04
3.01757772e+01 1.63422160e-04
3.02076082e+01 1.53421424e-04
3.02394392e+01 1.43503810e-04
3.02712702e+01 1.33700325e-04
3.03031012e+01 1.24044117e-04
3.03349322e+01 1.14566191e-04
3.03667631e+01 1.05295234e-04
3.03985941e+01 9.62637136e-05
3.04304251e+01 8.74975215e-05
3.04622561e+01 7.90261794e-05
3.04940871e+01 7.08730163e-05
3.05259181e+01 6.30658848e-05
3.05577491e+01 5.56269891e-05
3.05895801e+01 4.85785267e-05
3.06214111e+01 4.19395170e-05
3.06532420e+01 3.57284106e-05
3.06850730e+01 2.99635950e-05
3.07169040e+01 2.46563806e-05
3.07487350e+01 1.98199737e-05
3.07805660e+01 1.54655582e-05
3.08123970e+01 1.15989791e-05
3.08442280e+01 8.22774927e-06
3.08760590e+01 5.35385909e-06
3.09078899e+01 2.97650610e-06
3.09397209e+01 1.09675816e-06
3.09715519e+01 -2.93068278e-07
3.10033829e+01 -1.19662228e-06
3.10352139e+01 -1.62545129e-06
3.10670449e+01 -1.58862582e-06
3.10988759e+01 -1.10231231e-06
3.11307069e+01 -1.80885828e-07
3.11625379e+01 1.15670380e-06
3.11943688e+01 2.88972488e-06
3.12261998e+01 4.99702867e-06
3.12580308e+01 7.45203866e-06
3.12898618e+01 1.02307564e-05
3.13216928e+01 1.33060745e-05
3.13535238e+01 1.66491166e-05
3.13853548e+01 2.02284849e-05
3.14171858e+01 2.40143424e-05
3.14490168e+01 2.79748720e-05
3.14808477e+01 3.20766867e-05
3.15126787e+01 3.62873893e-05
3.15445097e+01 4.05739797e-05
3.15763407e+01 4.49025516e-05
3.16081717e+01 4.92405384e-05
3.16400027e+01 5.35560306e-05
3.16718337e+01 5.78164867e-05
3.17036647e+01 6.19896183e-05
3.17354957e+01 6.60469910e-05
3.17673266e+01 6.99587805e-05
3.17991576e+01 7.36954152e-05
3.18309886e+01 7.72342111e-05
